Pattern,avgS,ha,hb,hc,hd,he,hf,hg,hh,hi,hj
central,2.6814,1.211827769524309,1.1659323088441464,1.1728280646806124,1.1353809584411971,1.181210694673862,1.141414873621211,9802.508125259323,9708.958241779535,9775.098629614027,9677.9626251052
gata6_down_s1,2.4574,1.1723998541857201,1.139829406217191,1.1333539188696096,1.1053256158461657,1.131966275867187,1.1072614932928544,9641.967753877692,9363.902803502937,9524.6910184035,9251.572427604739
gata6_down_s2,2.4119,1.15383636393334,1.126116241625617,1.1125094160624154,1.090690585272858,1.1142113653371377,1.0934802843460654,9801.378927705244,9470.94974301239,9689.999926134924,9362.698012473858
gata6_down_s3,2.3949,1.1469365781107013,1.117773898237428,1.100091677391574,1.0795013348563827,1.1076728428364,1.085765095426336,9885.358031747635,9556.481394051945,9779.464221607566,9452.48790032743
gata6_down_s4,2.3778,1.1402802219842862,1.1109456176557613,1.104286533024543,1.0802955475610905,1.1023213060579913,1.0793757250860025,9927.087856720147,9602.974796026978,9826.11485400668,9497.286469236422
gata6_down_s5,2.3675,1.135700604893901,1.1060697576490053,1.0891219740010716,1.0663809817075038,1.0982771836231076,1.0750993100370365,9961.130212537682,9633.392645123544,9863.867428233174,9523.551586618978
gcnf_down_s1,2.7615,1.2289984584477185,1.189341861832592,1.2069320238974555,1.1723823661327226,1.2061194348683844,1.1717863587722797,9939.099803367872,9808.240869284007,9855.147038106667,9723.075461175351
gcnf_down_s2,2.7641,1.2296446761570952,1.1951710792763879,1.205913941199074,1.1754140441479706,1.2071461523608715,1.1771579424320469,9961.479056946677,9763.193097821066,9870.35614143279,9674.3051860421
gcnf_down_s3,2.7621,1.2272154629427685,1.1984805191802297,1.2032005109519044,1.1789178700152219,1.2050833879157246,1.1798801625829898,10002.843738536872,9708.371389310858,9910.771327007431,9621.288792329604
gcnf_down_s4,2.7631,1.2251794998143626,1.2001864754624934,1.2014143890214215,1.179227384764597,1.2028563905779288,1.1816125311416779,10046.500911224712,9687.522946497864,9957.74441108536,9600.747032518504
gcnf_down_s5,2.7655,1.2233437330012689,1.2009111021814975,1.2037370516849315,1.1830312534993601,1.2007969985802864,1.1819351480248246,10087.236335415024,9691.72157065671,9997.560750790004,9605.176362841588
cdx2_down_s1,2.5896,1.2320064899650944,1.1983945914701875,1.1599122310384435,1.145964167999705,1.1626463518772119,1.1477518949208863,9070.125318538257,9223.320706479337,8633.919259304932,8765.483567713762
cdx2_down_s2,2.4195,1.2024375344805527,1.178768916030102,1.1199588746498503,1.1126398583455626,1.1227664390223648,1.1140068832273142,8390.392274576874,8602.324270400528,8063.17831831122,8247.716237818135
cdx2_down_s3,2.2929,1.1677504329887194,1.1517557457261167,1.0956834789127055,1.0916712573934668,1.0978018281684565,1.092885666960238,8021.6064708205695,8252.496365338835,7817.700965702908,8018.900611324094
cdx2_down_s4,2.2211,1.1394742218287095,1.1294141706117378,1.0762281646363303,1.0758044331691337,1.082107404920535,1.0799192604533716,7883.839155475374,8115.333204040354,7759.17529594469,7959.865934491414
cdx2_down_s5,2.1713,1.1180967866695206,1.1106275720405354,1.0681742402805756,1.06528391296014,1.0706663498221225,1.0699476960127563,7812.440717739047,8045.046787978598,7735.2108939292075,7941.868026851145
klf4_down_s1,2.6938,1.1954839657095837,1.1655599992234325,1.1627763107155793,1.1402439185456386,1.1622221266140162,1.1397262824850913,9813.10322189584,9691.016393900441,9780.436294426752,9659.51952002042
klf4_down_s2,2.6802,1.1896859730473148,1.1641894934824983,1.147773575688345,1.128458741219774,1.158251385932551,1.138466847285862,9733.667653490455,9611.32173305408,9699.704486031831,9579.944300693178
klf4_down_s3,2.6663,1.1853289282692254,1.1615133486171003,1.1557751820887523,1.1391352222455817,1.1553218833354602,1.1373912416843819,9656.2467594182,9531.759203439788,9623.62773508199,9497.053168960516
klf4_down_s4,2.6578,1.1829464640211338,1.1604016418845875,1.1510244215526475,1.134849032073881,1.1533801758851134,1.136683424554179,9607.079592206512,9482.679449134639,9575.124369305795,9447.748183715186
klf4_down_s5,2.6545,1.1803457070436194,1.1592328897829298,1.157884619005001,1.14074199011181,1.1513467224049379,1.1362414138171584,9585.890014324901,9455.134418646336,9552.77219777093,9421.20564506026
nanog_down_s1,2.667,1.184659496820072,1.1562338170523083,1.1306820343754345,1.108760456245279,1.1365951235557397,1.113634358704758,9613.700619813464,9588.535947169175,9513.47797983835,9497.92540374876
nanog_down_s2,2.6445,1.173033176763537,1.1477935934300145,1.1141559428806773,1.0956293839909517,1.1198405128842082,1.0986717101957235,9529.67422990644,9516.538083779302,9379.590273187961,9379.31084195638
nanog_down_s3,2.6182,1.1654437338759336,1.139925755914188,1.1105861578122358,1.090019219775414,1.1107018644333981,1.088130579098788,9418.45966023323,9422.58491416319,9247.052871455815,9263.10103708363
nanog_down_s4,2.6041,1.1604381298410575,1.1348876928643785,1.0988758182031615,1.077049065464705,1.1039334601039463,1.0790791381429536,9368.505295914512,9389.352289070404,9180.90944291459,9210.79509550975
nanog_down_s5,2.5896,1.157233957967602,1.1304776642960843,1.0976552300857443,1.0703443292905983,1.0991237211656097,1.0719460386891702,9314.48809085276,9344.862887756639,9117.51304558739,9160.175905410768
pbx1_down_s1,2.591,1.1785329959356121,1.1357792828170388,1.1527784295062877,1.1205433874150927,1.1515843144881868,1.1171587389505298,9302.484338827015,9520.201987720095,9261.53978016338,9478.33721899887
pbx1_down_s2,2.5655,1.1687264295843094,1.131525661444226,1.1455830694889098,1.1157303824447795,1.143535891248663,1.1144825984478568,9248.262628747038,9333.95760071308,9195.938449713542,9287.989579843348
pbx1_down_s3,2.562,1.162231638920218,1.132436306682849,1.1335759877829008,1.1142521271887578,1.1380665287636562,1.1175980504642367,9301.88249151461,9255.842898415349,9238.994328029079,9211.885181362695
pbx1_down_s4,2.5512,1.1565647221696056,1.1313916991070465,1.1307072197229888,0.49776698648020545,1.1342862521646622,1.1184925867045628,9325.811711402821,9218.646946429915,9254.058714605046,9175.123929787373
pbx1_down_s5,2.5457,1.153280291436083,1.130819175006751,1.1314530532064861,0.5094546629237117,1.1318477316082869,1.1189305806841883,9339.03391216691,9208.112194746322,9263.21037598981,9166.160534591974
oct4_down_s1,2.4318,1.1141452752180123,1.0841524356425494,1.002336211728449,0.9803681119722815,1.010520201608039,0.9876443239162276,9523.191490596522,9218.900093830105,9244.247351423632,8961.87243126049
oct4_down_s2,2.2681,1.0520726531520468,1.02444005786049,0.9331349343311327,0.9095134965135129,0.9417762042232283,0.919114317079547,9018.838159280109,8686.43433258761,8677.216644287844,8373.467259116542
oct4_down_s3,2.1602,1.0050113935992058,0.9792654245933531,0.8999299850952134,0.8761312296040391,0.9039532030324587,0.8795893154870104,8636.625814771563,8276.278264787707,8326.32006311989,7994.750052641325
oct4_down_s4,2.0791,0.9660434116531336,0.9395381115455608,0.8733913587022991,0.8484437549655895,0.8777361632461016,0.853532288033743,8325.040444048036,7965.175121455539,8070.5789883736625,7742.869806785669
oct4_down_s5,2.024,0.9359681017315815,0.9086471911139549,0.8636894118080751,0.8336258631245055,0.8577306965281948,0.8322013461281104,8133.662955601782,7764.186319074167,7918.1671510276465,7581.35544911486
sox2_down_s1,2.2165,0.9505556952299703,0.9496706985825465,0.9493499344489089,0.9501684068161397,0.950808063947854,0.952041206901961,8649.632565383516,8400.296059766912,8729.312064554497,8471.672086443268
sox2_down_s2,2.1016,0.8503638170021034,0.8556004571625283,0.8679567233575937,0.8707779812183455,0.8742355314367594,0.8790771448211864,8601.653619526329,8280.787055911664,8717.08479593271,8385.420454602707
sox2_down_s3,2.0597,0.8026565613332316,0.8074599182395865,0.8374492864601804,0.8476115652585058,0.8385348608299669,0.842153775845637,8656.631915983475,8310.790253571644,8784.789516632716,8425.705233609338
sox2_down_s4,2.0357,0.7749450091365686,0.7799519123463946,0.8217137883295191,0.8249497132535094,0.816384095696863,0.8204991688981123,8698.003685049092,8340.826843396215,8834.839389682453,8462.411984356664
sox2_down_s5,2.0165,0.7543667124052675,0.7604895718599674,0.7960854140597704,0.8017743395817876,0.800605847048283,0.8069570604493612,8712.365826347595,8344.115868203913,8854.367021370632,8469.503624926681
gata6_down_s6,2.3564,1.131275472799607,1.1019405284951747,1.0968871575170864,1.0749759883699375,1.095325114831974,1.072545573436336,9985.253962438344,9652.918149929408,9889.531589067112,9544.517294696823
gata6_down_s7,2.3516,1.1283363557158244,1.099598270346025,1.0966676280386487,1.0728451607577063,1.0933255354145508,1.070687960903654,10018.690123242508,9664.868028235347,9921.846794565085,9552.373497131359
gata6_down_s8,2.3489,1.1251659757080277,1.097725325174063,1.090226891142325,1.0685811103737657,1.0906236204362942,1.0693018373795338,10042.760009062978,9683.88240451132,9947.345472889456,9572.596344102181
gata6_down_s9,2.3476,1.1219480549871412,1.0960383606787325,1.0864958740363115,1.0660719057753325,1.0884066926583214,1.0677342249014365,10065.906152747739,9695.13580499706,9970.956970440538,9580.1867251038
gata6_down_s10,2.3438,1.1201299398214704,1.0940532288519957,0.41989413206351645,1.0654063437359695,1.0873373180747323,1.0665568258829767,10076.952255471891,9703.461949361787,9982.627127450281,9588.327066758884
gcnf_down_s6,2.7636,1.2221564732806969,1.2020250045302299,1.1991251474487443,1.180447458467654,1.2001489746201641,1.1828378874648893,10105.971159397286,9681.577060512362,10015.337753103706,9596.858975025903
gcnf_down_s7,2.7637,1.2202346102654391,1.2022840628516653,1.2019788020393194,1.185327571041858,1.1983043253895098,1.1832244103517284,10136.781706824218,9678.657194559726,10047.753928946591,9598.44174291213
gcnf_down_s8,2.763,1.2191710036292445,1.2025681818907055,1.19478550589408,1.183363950492891,1.1969682916858395,1.1832860691585898,10153.57220705014,9673.521795220026,10064.463725792857,9594.69385251688
gcnf_down_s9,2.7627,1.2183260700615834,1.2027024000407358,1.1949938176592763,1.1836288273138964,1.1961172898404029,1.1832559066008153,10172.744465997503,9671.186390319164,10086.726431189694,9595.93371140055
gcnf_down_s10,2.7633,1.2167552352070279,1.2030559476448373,1.1911745072055973,1.1800082006595842,1.1945291882343536,1.1835352449404468,10197.104663831815,9669.470787270115,10111.55205218178,9596.956969081308
cdx2_down_s6,2.1321,1.1016772198516382,1.0953089283068607,1.0675870318877183,1.065991291927228,1.0632022569408743,1.0626158387868296,7747.400381183691,7976.350146141241,7700.4384769762955,7909.930344452543
cdx2_down_s7,2.1021,1.0876842253237666,1.084091375562116,1.052518314992065,1.0550669112933302,1.0560998929671863,1.057407293853171,7723.274391707659,7941.808759680061,7693.318829742677,7892.490297856465
cdx2_down_s8,2.0867,1.0767617424750684,1.0750235412474436,1.050657769094562,0.08261064034833798,1.0505792742374263,1.0530788472219745,7732.581541439578,7948.250812937565,7712.281073926489,7912.286801208186
cdx2_down_s9,2.0668,1.0661847637398758,1.0660612364921236,1.0410326617504637,0.07464452533182286,1.045981300623073,1.0493938222921781,7718.88681421624,7923.580417173942,7706.37709399005,7899.769424954959
cdx2_down_s10,2.0559,1.0597290423106693,1.0601029330211726,1.0411542507872604,1.0457146515736007,1.043872019165819,1.0470144257896383,7723.540078595173,7927.715282438455,7715.0036605655105,7910.265981899124
klf4_down_s6,2.6486,1.1784407643576396,1.1574976960114673,1.1474558606840894,1.133191809550547,1.1507297309086704,1.1358234856616405,9551.669285944425,9423.908191406405,9519.817781122152,9392.186897954558
klf4_down_s7,2.6438,1.1770673386168151,1.156355014853881,1.14985731567177,1.135753133769966,1.1493032799574951,1.1352015921812368,9525.990048610913,9397.521914101779,9496.038247231923,9366.5195784946
klf4_down_s8,2.6434,1.1762894826842587,1.1559712910595579,1.144044786187022,1.1333474906631131,1.1485276458142286,1.1348732649875213,9509.47565737615,9375.631013132777,9479.755854829811,9345.879207865333
klf4_down_s9,2.6395,1.1748500790244454,1.1546383148054045,1.145477301734284,1.1329371183969064,1.1473905540049218,1.134187302544872,9494.215317842809,9357.10662024781,9465.569891290648,9327.407279733294
klf4_down_s10,2.6356,1.1739073606470845,1.1538890348299693,1.1435444999143787,1.1310380442953156,1.1469759674563929,1.1338299755969201,9473.270918397073,9332.867581947032,9445.59116315315,9304.840951475306
nanog_down_s6,2.5771,1.1528468803397676,1.1260710922449755,1.0964486847724708,1.0658843959529614,1.09505577024203,1.0662270339801734,9283.347320486748,9310.258270279492,9084.886375963879,9124.805789417896
nanog_down_s7,2.576,1.1508592428966171,1.1232774896977857,1.0917927090472626,1.0590058043471764,1.092379994839381,1.0625405570184354,9276.073748606543,9306.134659194828,9073.339942591761,9115.259987501946
nanog_down_s8,2.5677,1.1488137826008675,1.1206054509740446,1.0838094866462418,1.0542692311152193,1.0897400986082737,1.0593892928078688,9244.902143661679,9284.028592746092,9041.493121403622,9088.747382315447
nanog_down_s9,2.5656,1.1472594017677165,1.118201725158157,1.0836978483376551,1.0537029802097597,1.0879857933492298,1.0566525526414694,9239.031106646646,9281.068833841606,9034.959872588377,9085.447373626146
nanog_down_s10,2.5602,1.1452149132838019,1.1152477772234908,1.0906146677098338,1.0572043492813707,1.086361237036754,1.053423160130288,9224.566520130333,9265.136164442234,9019.524688688283,9069.226166433546
pbx1_down_s6,2.5461,1.1509370352012758,1.1305329806079358,1.1274128422043113,0.5160911018167895,1.1296244582957462,1.1195339521968755,9375.475765597601,9220.34234793625,9297.581537386024,9179.038931274106
pbx1_down_s7,2.5429,1.1484285799778087,0.5121979878289051,1.1248993017108406,0.5200378445364953,1.1279348342903117,0.5171125516984122,9404.881656087131,9235.248411481854,9325.478556543005,9194.174914143481
pbx1_down_s8,2.5424,1.1462981156480025,0.5143176809488451,1.1221333504245854,0.5204849735090844,1.1257534682236314,0.5202077474363025,9429.58108638981,9255.000384857827,9347.807304045702,9213.592593319436
pbx1_down_s9,2.5409,1.1444806937930476,0.5161384278275338,0.5659772543424602,0.5244019081733511,1.1242206206147,0.5232892317469311,9447.278050982479,9271.28082810113,9363.610556685062,9230.34510394692
pbx1_down_s10,2.5412,1.1423074752841125,0.5170540155206332,-0.778553428031618,-1.120980110549593,1.1221382260979493,0.525236066524594,9474.914429915285,9300.647711380438,9388.057398603778,9260.065318765337
oct4_down_s6,1.9788,0.9075584114435709,0.8807861234800471,0.8423600353400651,0.8162626717698043,0.8418908672480394,0.8164643360654515,7968.134137992511,7600.201489507014,7797.491051346016,7463.57876047338
oct4_down_s7,1.9425,0.8859818312423426,0.8605251828316572,0.8241026614412146,0.8026073614350532,0.8288766772347513,0.8047541323861184,7849.185094244178,7477.447467248805,7706.417363760483,7370.77224895252
oct4_down_s8,1.9183,0.8672252180950801,0.8428115931910422,0.8216282770343898,0.7990776636115379,0.8190953826545849,0.7962723193131506,7766.646880888616,7400.3388259706135,7649.220683657691,7317.527573943583
oct4_down_s9,1.8948,0.8522956674207081,0.8257191770637915,0.8106349385675741,0.7867084627924615,0.8109806119921078,0.7863792676091222,7689.744231906654,7329.34339200913,7592.954281592666,7265.45871951482
oct4_down_s10,1.8766,0.837508659333176,0.8125043012780873,0.8068258548476326,0.77941344358106,0.8032983749189749,0.7799211475903822,7631.561757387833,7270.036862647292,7556.44215510461,7229.548528762472
sox2_down_s6,2.0072,0.74132182023273,0.7472180662057905,0.7834587795982126,0.7950345458158179,0.7895152634187871,0.7961545954307687,8746.54576127792,8369.17149068026,8892.33177340294,8496.583583206202
sox2_down_s7,1.9984,0.73248043592443,0.7378218337347864,0.7899409588354329,0.7947599442317168,0.7818697254759539,0.7890684115102153,8759.349019764359,8380.920852488376,8906.55833802945,8511.605082296599
sox2_down_s8,1.9928,0.7241156696005654,0.7285519920148218,0.7686128822286526,0.773535545682656,0.7744549419459706,0.7813293398092367,8781.25685922973,8402.319807165539,8931.561614441878,8535.167497640294
sox2_down_s9,1.988,0.7169015268970681,0.7219745237970102,-0.0882626828103942,0.42235852302548604,0.7691072202169971,0.7760646067373582,8800.142517241184,8407.519778180482,8953.384939936444,8543.358242699429
sox2_down_s10,1.9833,0.7104457640172261,0.7154763678793961,-0.09510091581147895,0.7713853500435577,0.7635429939875158,0.7707882559525931,8807.75889187553,8413.295150761065,8964.447454976667,8551.06781401834
gata6_over_s1,2.6314,1.1928758037936005,1.1474786792117841,1.1386206483005,1.1008983894051632,1.1439504759089283,1.1057104990157107,9538.522736878343,9715.82366955563,9159.604453947817,9339.80639116774
gata6_over_s2,2.5632,1.175930471862763,1.1343787413954058,1.1170136079492947,1.0799245597772922,1.1203275347180686,1.0842269198077277,9413.575878348454,9615.060754625005,8960.414322080822,9167.165105671782
gata6_over_s3,2.5202,1.164762674659793,1.125024002610402,1.1048206524708157,1.0703663155729735,1.1051639863902067,1.0702175025732579,9345.918235135267,9558.851922198173,8864.562126050558,9081.374097863427
gata6_over_s4,2.4924,1.1554789452725842,1.11724074365801,1.0895711892002424,0.11175625883783019,1.093653065741743,1.059664755906643,9305.09280994483,9532.227387802275,8817.349512788083,9046.122771701625
gata6_over_s5,2.4747,1.1490792667459924,1.11172460912554,1.085436494802688,1.0520059467485983,1.0863456128882114,1.0536166572834478,9279.297740776752,9501.049717826178,8797.559752061159,9024.793772950763
gcnf_over_s1,2.5721,1.1747570806157237,1.1236339354140992,1.1185065822545661,1.072381282151867,1.1250422117424188,1.0799920645641334,9700.718042880453,9604.239208562394,9626.149716469654,9552.32063543362
gcnf_over_s2,2.5267,1.157584912827637,1.1007945672807384,1.1003374246535267,1.046113915257336,1.100973466158718,1.0469638327523318,9629.109466106565,9532.521960553382,9508.105390840676,9439.822146218914
gcnf_over_s3,2.4933,1.1461799775368702,1.086582467421125,1.0820556597772168,1.022087873841754,1.0858329506444244,1.0269576271138505,9560.356902525315,9461.038813127094,9411.509182313563,9344.89798234683
gcnf_over_s4,2.4747,1.138296204460934,1.0773991598463408,1.0699434268740464,1.0094586078255365,1.0751966792307583,1.0154823175940315,9509.563551126548,9409.178098675855,9334.48522051211,9270.893328106498
gcnf_over_s5,2.4567,1.132468253925796,1.071050944289039,1.0636370540533953,1.0071048368478381,1.0690092847959174,1.0068946492376953,9449.871423344986,9340.669738202309,9258.254420581214,9191.081059647857
cdx2_over_s1,2.4367,1.1310840631502865,1.0963459197444172,0.9641532128322714,0.9501803231424686,0.9705784092207215,0.95496949630025,9372.168015716734,9236.60639505248,8987.468021548215,8866.877821726202
cdx2_over_s2,2.3429,1.0869734280409094,1.0648800756416013,0.8767850527165637,0.8866266527921909,0.8784720354764074,0.8893684691077854,9168.514365053863,9003.511435743265,8619.570934029218,8472.29156159391
cdx2_over_s3,2.2915,1.0586813811791613,1.0447369500655115,0.82543619610039,0.8542334985119886,0.8281188521575886,0.854902526947397,9035.329827773901,8866.26940898876,8416.084332509901,8267.772632167218
cdx2_over_s4,2.2521,1.035238823279092,1.029369945331235,0.7871915578133557,0.8262043102762158,0.7917457688013547,0.8324110143670712,8918.958640241073,8739.508933500572,8270.14017840457,8114.949827262395
cdx2_over_s5,2.2143,1.0145225634822164,1.0158160279891484,0.763095842486277,0.8160968342405144,0.7663162687894474,0.8168407629912261,8810.432235743325,8619.895442197356,8156.577563054342,7996.88541565481
klf4_over_s1,2.6848,1.2405490424587677,1.1730919720711706,1.204423862225918,1.1462530708401824,1.209343513913988,1.1494223369885765,9698.796112980357,9681.951977102728,9639.671398635195,9623.887946260576
klf4_over_s2,2.6904,1.250336088659472,1.177306076574031,1.2152536623411456,1.1531583194643558,1.218196962167021,1.1537305908824353,9651.505980867007,9614.910538938893,9579.311662230892,9542.72667059926
klf4_over_s3,2.6949,1.2547799691999375,1.1793803691713827,1.2224897554124579,1.1538485739729514,1.2230279284753456,1.1551970703540908,9638.636579210053,9575.583031445316,9560.338026296495,9496.916103179987
klf4_over_s4,2.6975,1.2582044921148157,1.1800863621945332,1.2225725800954308,1.1530549146183482,1.2258738639515654,1.1553762846800613,9624.246554704216,9540.281662958587,9542.572316609681,9457.536689775297
klf4_over_s5,2.7026,1.2609827573113044,1.1817793203670484,1.22716075486872,1.1525411208094618,1.2284482438664852,1.1560666380306244,9618.119765037063,9509.238397950206,9530.808022357218,9421.656267035854
nanog_over_s1,2.6475,1.2302644034645478,1.162055288474377,1.1808597041277853,1.1227008569184844,1.1836705617696934,1.1238197773153609,9793.562128336342,9654.975158707419,9572.684482658855,9426.223999272986
nanog_over_s2,2.6415,1.2315590889472963,1.157225892037384,1.1670820322855078,1.1021007286938487,1.1648264120936456,1.0995893552708573,9801.699085941249,9619.792033032478,9468.71562531866,9279.772108826162
nanog_over_s3,2.6392,1.2290664627730388,1.150678498978942,1.1527647232782152,1.0846149082513012,1.1475513423180579,1.0789281618953046,9820.137682587645,9615.259141759878,9413.558833402323,9209.11928357602
nanog_over_s4,2.6418,1.2274314010923246,1.1457381764649799,1.1322066245903377,1.0587667459158072,1.1344335218308919,1.0627922170121094,9839.2456648893,9616.654319258294,9375.710696617385,9156.055278139944
nanog_over_s5,2.6312,1.2244500839667485,1.140561774342291,1.1226439368606793,1.046305826550885,1.122245189225608,1.0483090836935927,9814.882750349105,9590.472189902008,9311.160324982755,9094.642936424216
pbx1_over_s1,2.6188,1.2318309029633745,1.1541916273639379,1.2050197995938605,1.1327156392829256,1.2016291415747242,1.1301903113452307,9736.198528041117,9306.0534883619,9654.133039535218,9221.721595066685
pbx1_over_s2,2.582,1.23286530240412,1.1321327290620458,1.2025325582749173,1.105907794489747,1.2046350064582376,1.1102356104970807,9702.61626629047,9237.750026571131,9607.613312719812,9133.612616873937
pbx1_over_s3,2.5657,1.2321592552177083,1.1129956605437532,1.2031657151480752,1.0931033242178292,1.2035031465966555,1.0921108871332539,9700.881659270459,9268.618850914027,9599.867504624612,9158.97531128201
pbx1_over_s4,2.5588,1.2303468470996057,1.098239928821818,1.2040809799937329,1.0784095145974444,1.2015386348872423,1.0777593104847594,9723.811691778052,9314.73188225484,9619.406206184558,9203.14125560074
pbx1_over_s5,2.5533,1.2274634454560613,1.0868154387668878,1.199642292823109,1.0680788859626593,1.198011440698507,1.067423588601499,9753.175701777429,9348.46666290639,9646.75616018677,9233.392367674367
oct4_over_s1,2.626,1.246706218241237,1.2005037358936543,1.1931746624370367,1.1662095541055055,1.1925967878264203,1.1654017832948018,9287.728319429118,9324.137320795175,8935.972247955586,8943.180344081002
oct4_over_s2,2.565,1.2442000836324982,1.2027659246451379,1.1798044975261797,1.1564135597192011,1.1758929801304563,1.1524912684935733,9042.64278128281,9068.87715151466,8611.053850758033,8609.44165713704
oct4_over_s3,2.5228,1.2378575271856098,1.2001780383060756,1.16334018903316,1.145817583293694,1.16135833175597,1.1412996386697858,8919.065107264172,8940.310817754003,8449.13543971416,8440.33454051859
oct4_over_s4,2.5019,1.233497797874597,1.1974619164567897,1.157673049118407,1.1385789223615144,1.1529089530502707,1.1336734008422376,8852.386637068083,8896.42482885106,8363.95321653234,8374.324291573976
oct4_over_s5,2.4873,1.2296023756229986,1.194682388045691,1.1424641452830757,1.1260972614035538,1.146391594787846,1.1276661689710312,8808.320458090737,8833.256805042696,8315.111996655449,8303.199297402696
sox2_over_s1,2.6089,1.2416726643648173,1.167582563305131,1.1962505930322267,1.1278705864657066,1.1956247281511299,1.1262893265347513,9169.586145802332,9263.324685813603,8823.960859066732,8914.911205706681
sox2_over_s2,2.5559,1.2167074682935493,1.1420352358430148,1.1748961942465201,1.1011342713612169,1.1720938185476875,1.09950517514993,9129.96350549034,9278.02306113093,8721.938748354965,8868.036505255926
sox2_over_s3,2.5277,1.1937868628857593,1.1221608141892312,1.147337888832728,1.0806312681091308,1.1506956167810944,1.0804196300309723,9212.816950026889,9370.891422119112,8781.045600593836,8940.984576591904
sox2_over_s4,2.5105,1.1774823582936194,1.1081528110058225,1.1321185679959926,1.0625969189664308,1.134804201377672,1.066754838831391,9287.146791574645,9459.406577429767,8840.175989356954,9020.925793565495
sox2_over_s5,2.4969,1.164449356298878,1.0975525570713236,1.1149747556928429,1.0483432862021103,1.1229360841837959,1.0569253265083953,9362.099770804683,9524.259461055071,8906.755142985216,9077.198789707207
gata6_over_s1,2.6314,1.1928758037936005,1.1474786792117841,1.1386206483005,1.1008983894051632,1.1439504759089283,1.1057104990157107,9538.522736878343,9715.82366955563,9159.604453947817,9339.80639116774
gata6_over_s2,2.5632,1.175930471862763,1.1343787413954058,1.1170136079492947,1.0799245597772922,1.1203275347180686,1.0842269198077277,9413.575878348454,9615.060754625005,8960.414322080822,9167.165105671782
gata6_over_s3,2.5202,1.164762674659793,1.125024002610402,1.1048206524708157,1.0703663155729735,1.1051639863902067,1.0702175025732579,9345.918235135267,9558.851922198173,8864.562126050558,9081.374097863427
gata6_over_s4,2.4924,1.1554789452725842,1.11724074365801,1.0895711892002424,0.11175625883783019,1.093653065741743,1.059664755906643,9305.09280994483,9532.227387802275,8817.349512788083,9046.122771701625
gata6_over_s5,2.4747,1.1490792667459924,1.11172460912554,1.085436494802688,1.0520059467485983,1.0863456128882114,1.0536166572834478,9279.297740776752,9501.049717826178,8797.559752061159,9024.793772950763
gcnf_over_s1,2.5721,1.1747570806157237,1.1236339354140992,1.1185065822545661,1.072381282151867,1.1250422117424188,1.0799920645641334,9700.718042880453,9604.239208562394,9626.149716469654,9552.32063543362
gcnf_over_s2,2.5267,1.157584912827637,1.1007945672807384,1.1003374246535267,1.046113915257336,1.100973466158718,1.0469638327523318,9629.109466106565,9532.521960553382,9508.105390840676,9439.822146218914
gcnf_over_s3,2.4933,1.1461799775368702,1.086582467421125,1.0820556597772168,1.022087873841754,1.0858329506444244,1.0269576271138505,9560.356902525315,9461.038813127094,9411.509182313563,9344.89798234683
gcnf_over_s4,2.4747,1.138296204460934,1.0773991598463408,1.0699434268740464,1.0094586078255365,1.0751966792307583,1.0154823175940315,9509.563551126548,9409.178098675855,9334.48522051211,9270.893328106498
gcnf_over_s5,2.4567,1.132468253925796,1.071050944289039,1.0636370540533953,1.0071048368478381,1.0690092847959174,1.0068946492376953,9449.871423344986,9340.669738202309,9258.254420581214,9191.081059647857
cdx2_over_s1,2.4367,1.1310840631502865,1.0963459197444172,0.9641532128322714,0.9501803231424686,0.9705784092207215,0.95496949630025,9372.168015716734,9236.60639505248,8987.468021548215,8866.877821726202
cdx2_over_s2,2.3429,1.0869734280409094,1.0648800756416013,0.8767850527165637,0.8866266527921909,0.8784720354764074,0.8893684691077854,9168.514365053863,9003.511435743265,8619.570934029218,8472.29156159391
cdx2_over_s3,2.2915,1.0586813811791613,1.0447369500655115,0.82543619610039,0.8542334985119886,0.8281188521575886,0.854902526947397,9035.329827773901,8866.26940898876,8416.084332509901,8267.772632167218
cdx2_over_s4,2.2521,1.035238823279092,1.029369945331235,0.7871915578133557,0.8262043102762158,0.7917457688013547,0.8324110143670712,8918.958640241073,8739.508933500572,8270.14017840457,8114.949827262395
cdx2_over_s5,2.2143,1.0145225634822164,1.0158160279891484,0.763095842486277,0.8160968342405144,0.7663162687894474,0.8168407629912261,8810.432235743325,8619.895442197356,8156.577563054342,7996.88541565481
klf4_over_s1,2.6848,1.2405490424587677,1.1730919720711706,1.204423862225918,1.1462530708401824,1.209343513913988,1.1494223369885765,9698.796112980357,9681.951977102728,9639.671398635195,9623.887946260576
klf4_over_s2,2.6904,1.250336088659472,1.177306076574031,1.2152536623411456,1.1531583194643558,1.218196962167021,1.1537305908824353,9651.505980867007,9614.910538938893,9579.311662230892,9542.72667059926
klf4_over_s3,2.6949,1.2547799691999375,1.1793803691713827,1.2224897554124579,1.1538485739729514,1.2230279284753456,1.1551970703540908,9638.636579210053,9575.583031445316,9560.338026296495,9496.916103179987
klf4_over_s4,2.6975,1.2582044921148157,1.1800863621945332,1.2225725800954308,1.1530549146183482,1.2258738639515654,1.1553762846800613,9624.246554704216,9540.281662958587,9542.572316609681,9457.536689775297
klf4_over_s5,2.7026,1.2609827573113044,1.1817793203670484,1.22716075486872,1.1525411208094618,1.2284482438664852,1.1560666380306244,9618.119765037063,9509.238397950206,9530.808022357218,9421.656267035854
nanog_over_s1,2.6475,1.2302644034645478,1.162055288474377,1.1808597041277853,1.1227008569184844,1.1836705617696934,1.1238197773153609,9793.562128336342,9654.975158707419,9572.684482658855,9426.223999272986
nanog_over_s2,2.6415,1.2315590889472963,1.157225892037384,1.1670820322855078,1.1021007286938487,1.1648264120936456,1.0995893552708573,9801.699085941249,9619.792033032478,9468.71562531866,9279.772108826162
nanog_over_s3,2.6392,1.2290664627730388,1.150678498978942,1.1527647232782152,1.0846149082513012,1.1475513423180579,1.0789281618953046,9820.137682587645,9615.259141759878,9413.558833402323,9209.11928357602
nanog_over_s4,2.6418,1.2274314010923246,1.1457381764649799,1.1322066245903377,1.0587667459158072,1.1344335218308919,1.0627922170121094,9839.2456648893,9616.654319258294,9375.710696617385,9156.055278139944
nanog_over_s5,2.6312,1.2244500839667485,1.140561774342291,1.1226439368606793,1.046305826550885,1.122245189225608,1.0483090836935927,9814.882750349105,9590.472189902008,9311.160324982755,9094.642936424216
pbx1_over_s1,2.6188,1.2318309029633745,1.1541916273639379,1.2050197995938605,1.1327156392829256,1.2016291415747242,1.1301903113452307,9736.198528041117,9306.0534883619,9654.133039535218,9221.721595066685
pbx1_over_s2,2.582,1.23286530240412,1.1321327290620458,1.2025325582749173,1.105907794489747,1.2046350064582376,1.1102356104970807,9702.61626629047,9237.750026571131,9607.613312719812,9133.612616873937
pbx1_over_s3,2.5657,1.2321592552177083,1.1129956605437532,1.2031657151480752,1.0931033242178292,1.2035031465966555,1.0921108871332539,9700.881659270459,9268.618850914027,9599.867504624612,9158.97531128201
pbx1_over_s4,2.5588,1.2303468470996057,1.098239928821818,1.2040809799937329,1.0784095145974444,1.2015386348872423,1.0777593104847594,9723.811691778052,9314.73188225484,9619.406206184558,9203.14125560074
pbx1_over_s5,2.5533,1.2274634454560613,1.0868154387668878,1.199642292823109,1.0680788859626593,1.198011440698507,1.067423588601499,9753.175701777429,9348.46666290639,9646.75616018677,9233.392367674367
oct4_over_s1,2.626,1.246706218241237,1.2005037358936543,1.1931746624370367,1.1662095541055055,1.1925967878264203,1.1654017832948018,9287.728319429118,9324.137320795175,8935.972247955586,8943.180344081002
oct4_over_s2,2.565,1.2442000836324982,1.2027659246451379,1.1798044975261797,1.1564135597192011,1.1758929801304563,1.1524912684935733,9042.64278128281,9068.87715151466,8611.053850758033,8609.44165713704
oct4_over_s3,2.5228,1.2378575271856098,1.2001780383060756,1.16334018903316,1.145817583293694,1.16135833175597,1.1412996386697858,8919.065107264172,8940.310817754003,8449.13543971416,8440.33454051859
oct4_over_s4,2.5019,1.233497797874597,1.1974619164567897,1.157673049118407,1.1385789223615144,1.1529089530502707,1.1336734008422376,8852.386637068083,8896.42482885106,8363.95321653234,8374.324291573976
oct4_over_s5,2.4873,1.2296023756229986,1.194682388045691,1.1424641452830757,1.1260972614035538,1.146391594787846,1.1276661689710312,8808.320458090737,8833.256805042696,8315.111996655449,8303.199297402696
sox2_over_s1,2.6089,1.2416726643648173,1.167582563305131,1.1962505930322267,1.1278705864657066,1.1956247281511299,1.1262893265347513,9169.586145802332,9263.324685813603,8823.960859066732,8914.911205706681
sox2_over_s2,2.5559,1.2167074682935493,1.1420352358430148,1.1748961942465201,1.1011342713612169,1.1720938185476875,1.09950517514993,9129.96350549034,9278.02306113093,8721.938748354965,8868.036505255926
sox2_over_s3,2.5277,1.1937868628857593,1.1221608141892312,1.147337888832728,1.0806312681091308,1.1506956167810944,1.0804196300309723,9212.816950026889,9370.891422119112,8781.045600593836,8940.984576591904
sox2_over_s4,2.5105,1.1774823582936194,1.1081528110058225,1.1321185679959926,1.0625969189664308,1.134804201377672,1.066754838831391,9287.146791574645,9459.406577429767,8840.175989356954,9020.925793565495
sox2_over_s5,2.4969,1.164449356298878,1.0975525570713236,1.1149747556928429,1.0483432862021103,1.1229360841837959,1.0569253265083953,9362.099770804683,9524.259461055071,8906.755142985216,9077.198789707207
