0.744282	0.799825	0.465866	-1.190825	-0.320953	-0.817379	-0.396436	0.634642	1.650799
0.724729	0.799918	0.419369	-1.190825	-0.320971	-0.813913	-0.405755	0.634642	1.650799
0.703995	0.799904	0.427125	-1.190825	-0.320966	-0.808864	-0.359543	0.634642	1.650799
1.211095	0.829362	0.994930	-0.223721	-0.137992	-0.170978	-0.057019	0.724804	0.829806
1.240295	0.858933	0.852128	-0.393404	-0.028491	-0.180561	-0.030741	0.633276	0.792782
0.531860	1.206160	0.476587	-1.083872	0.050186	-0.001609	0.065766	0.638639	0.975286
0.583030	1.258684	0.438034	-1.003375	0.180124	0.083078	0.039929	0.783520	0.838239
1.129082	0.541687	0.376994	-0.029480	0.234265	-0.050029	0.255095	1.060617	0.729454
1.217821	0.614744	0.451871	-0.004598	0.094537	-0.007156	0.018273	0.985413	0.782775
0.360814	0.464671	0.421643	-0.535272	0.824617	0.269345	0.485587	1.057759	1.544971
0.326302	0.456051	0.562246	-0.511097	0.631309	0.067761	0.468550	1.085429	1.438640
0.731766	0.734625	1.176022	-0.843834	0.571825	-0.455079	0.241835	0.962281	1.086380
0.977705	0.775143	1.105126	-0.749673	0.621456	-0.469037	0.221888	0.772484	1.079056
1.479127	1.222442	0.459728	-0.752531	-0.251690	-0.243626	-0.042860	1.272501	0.804854
1.406445	1.135155	0.718858	-0.850628	-0.288581	-0.316085	-0.008703	1.407074	0.876944
0.520253	0.544452	0.659447	-1.130190	0.298077	-0.219517	0.365018	1.247128	1.040950
0.520387	0.578955	0.543433	-1.075289	0.230551	-0.144144	0.194887	0.989828	1.090962
0.996777	0.213982	1.043268	-0.320934	0.366068	0.013985	0.576142	1.256980	0.470197
1.191128	0.147705	1.182940	-0.358335	0.235483	-0.137355	0.515193	1.179155	0.352760
1.191148	1.067679	1.056780	-0.402474	-0.654336	-1.148774	-0.717674	0.290943	0.672492
1.187800	0.874905	1.041372	-0.420896	-0.749121	-0.880518	-0.597143	0.200012	0.553171
0.641895	0.697672	0.360435	0.458928	0.542261	0.186849	0.143187	1.073548	0.732852
0.642059	0.697923	0.360513	0.453796	0.329221	-0.153181	0.143018	1.073548	0.732852
0.233207	0.736156	1.169527	-0.968297	0.292072	-0.873352	0.320166	1.151396	0.991973
0.399782	0.794283	1.291427	-1.058261	0.250810	-0.650981	0.442404	1.028547	0.827620
0.423478	1.148736	-0.236779	-0.764633	0.067480	-0.311327	0.138686	1.521677	0.961741
0.156034	1.023669	-0.194934	-0.649514	0.103615	-0.264890	0.095086	1.355967	0.795010
0.533731	1.141457	0.435430	-0.780892	0.245528	-0.150275	0.047056	0.742194	1.479007
0.606809	1.086145	0.525032	-0.707480	0.438142	-0.222876	0.315910	0.923336	1.454050
1.117512	0.493645	0.830125	-0.429002	0.528688	-0.300842	0.415090	0.847746	0.450900
1.015557	0.415055	0.822783	-0.323871	0.265247	-0.476654	0.267464	0.834184	0.595572
0.423747	0.397342	0.784026	-0.822166	0.488908	-0.277129	0.656437	1.234817	0.737799
0.207096	0.312444	0.819455	-1.065422	0.495462	-0.470189	0.665529	1.314401	0.865605
1.417784	0.833397	0.948915	-0.849357	0.707512	-0.512238	0.144728	1.056208	0.736541
1.387900	0.856003	0.969968	-0.975162	0.467492	-0.290599	0.036538	0.830926	0.712347
0.938394	1.026554	0.167897	-0.579658	-0.554777	-0.504414	-0.042875	0.925869	0.954194
0.858488	1.257300	0.312159	-0.592155	-0.540731	-0.328556	-0.249143	0.759302	0.855499
1.201491	0.888530	0.687266	-0.689226	0.210310	-0.436005	0.311099	1.076309	1.439933
1.063674	0.740869	0.689460	-0.483328	-0.068445	-0.618692	0.299893	1.050095	1.421209
0.228177	0.619336	0.676952	-0.872314	0.526714	-0.371811	0.534938	1.186909	0.975018
0.845856	0.895974	0.754350	-0.968421	-0.456137	-0.024657	0.089933	1.034584	0.551982
1.085552	0.671407	0.606091	-0.897320	-0.396055	-0.038589	0.209723	1.173276	0.394990
1.346562	1.087870	1.615025	-0.981477	0.324266	-1.089507	-0.099219	0.281014	0.968653
1.593276	1.048166	1.620924	-1.134058	0.111692	-0.936514	-0.213718	0.335739	0.789467
1.193155	0.535864	1.092813	-0.189522	-0.639071	-0.709147	0.094957	1.149447	1.009728
1.535617	0.663390	1.066526	-0.161994	-0.642223	-0.823131	-0.134306	1.205145	1.038374
1.166861	0.716337	0.585818	-0.182703	-0.591544	-1.036408	-0.042932	0.666729	1.165537
1.433569	0.690407	0.662377	-0.379009	-0.516405	-0.891556	-0.043521	0.903285	1.081548
1.234088	0.923372	0.979409	-0.543564	0.187931	-0.366636	0.134469	0.559814	0.717014
0.979717	0.844501	0.931543	-0.254648	0.166506	-0.521134	0.013523	0.674110	0.680175
1.511378	0.593705	0.938205	-0.165728	-0.077445	-0.651220	0.108485	0.910588	1.142582
1.720832	0.354981	0.854904	-0.269391	-0.222441	-0.437099	-0.017442	0.909941	1.257143
1.111868	0.916771	0.133862	-0.564426	0.319908	0.048460	0.193422	0.933090	1.029139
0.976079	0.586794	0.382733	-0.541582	0.323031	-0.048589	0.226090	1.026182	1.112199
1.016487	0.165517	1.127703	-0.505185	0.500988	0.032535	0.412079	1.005679	1.333466
0.987466	0.200810	0.880609	-0.628258	0.763354	0.200649	0.405435	1.199665	1.274387
0.653558	0.094480	1.454176	-0.198463	0.311936	0.109223	0.727862	1.162445	0.924741
0.963007	0.329383	1.273615	-0.227065	0.345914	0.144859	0.559982	1.190135	0.883181
0.320830	0.858615	0.327403	-0.014151	0.443742	-0.653790	0.373407	1.320696	1.087182
0.152428	0.631957	0.581278	-0.133433	0.600027	-0.604786	0.349869	1.389784	0.912819
0.721833	0.954377	0.910270	-0.357722	0.159539	-0.841582	0.233489	0.806392	0.962788
0.794294	0.862675	0.787395	-0.333395	0.414666	-1.144813	0.260642	0.783958	1.145472
1.460277	1.022537	1.245833	-0.586100	-0.248243	-1.041532	-0.161130	0.468949	0.832190
1.494534	1.016623	0.876246	-0.680447	-0.128585	-0.841801	-0.062219	0.465709	0.943187
1.161486	0.731549	0.612071	-0.908351	-0.306201	-0.666325	-0.087442	0.664319	0.726345
0.937528	0.955169	0.378353	-1.054239	-0.487375	-0.565951	-0.068656	0.643812	0.791214
1.154454	1.044839	0.584187	-0.616199	-0.739214	-0.583513	-0.237808	0.570855	0.719878
1.268238	0.887280	0.749189	-0.440557	-0.836794	-0.655569	-0.292891	0.827796	0.941928
1.008256	0.662591	1.251631	-1.781337	0.238036	-0.281297	0.279351	0.747237	1.338788
0.881963	0.586982	1.106883	-1.451998	0.249830	-0.325849	0.326079	0.900860	1.112261
0.762162	0.863352	0.967427	-1.393611	-0.146664	-1.123202	-0.819590	0.129149	1.615235
0.838493	0.782395	0.786281	-1.156520	-0.222357	-1.106770	-0.745365	0.464193	1.538719
0.552623	0.975644	0.528480	-0.616701	0.405669	0.360906	0.210560	0.819018	0.981402
0.574085	0.880917	0.225056	-0.352698	0.284076	0.269750	0.269992	0.628002	0.952204
1.031897	1.118467	0.430709	0.052119	0.026324	0.264332	-0.006042	0.910770	0.563210
1.059394	0.883049	0.497275	-0.177871	0.140111	0.133209	0.151390	0.814817	0.807627
0.778208	0.677152	0.433964	-0.482895	0.509480	-0.050304	-0.090852	0.536902	1.150775
0.835556	0.633528	0.478363	-0.177542	0.272910	0.203930	-0.042829	0.651971	1.183295
1.012714	0.835546	0.863937	-0.743537	-0.526897	-0.743631	0.052588	1.003668	1.296752
1.312033	0.610659	0.843165	-0.949933	-0.411975	-0.563930	-0.025814	0.947996	1.262457
0.795369	0.680455	0.000118	0.013336	-0.002091	-0.138830	0.271052	1.199066	1.264344
0.580269	0.665709	-0.098301	0.165068	-0.049347	0.041450	0.323097	0.848118	1.288976
1.170514	1.079932	0.768940	-0.735364	0.907791	-0.091915	0.157567	1.049609	1.213351
1.318341	0.850581	0.897665	-0.995394	0.930277	-0.047887	0.308512	1.074549	0.976504
1.239565	0.866845	1.231702	-0.159531	-0.648801	-0.956445	-0.516667	0.267668	0.354857
0.659885	1.151390	0.864723	-1.218989	-0.586159	-0.344714	-0.148914	0.761353	1.107987
0.638740	0.791433	1.043604	-1.181937	-0.623665	-0.522893	-0.248107	0.686861	1.284380
0.649609	0.878719	1.121298	-0.382898	0.073438	-0.354460	0.203172	0.909565	0.970890
0.704880	0.930111	1.126230	-0.437745	-0.362383	-0.171068	0.143517	0.917785	1.067236
1.236629	0.306739	1.078743	-0.261688	-0.388734	0.067348	0.818770	0.910288	1.084208
1.196184	0.267977	1.387196	-0.260766	-0.095901	0.040758	0.975428	1.000988	1.252960
1.008285	0.824776	0.527161	-0.852291	-0.485031	-0.644727	-0.368295	0.757066	1.023279
1.135604	0.552296	1.569383	-0.894981	-0.073591	-1.053914	-0.160742	0.327453	0.929036
1.218188	0.667814	1.264776	-0.886917	-0.114695	-0.835069	-0.329641	0.232451	1.151567
0.990213	0.500776	1.337969	-0.438283	0.403658	-0.360234	0.506571	0.906427	1.407335
1.147961	0.249288	1.280873	-0.284611	0.513474	-0.433652	0.853812	0.917139	1.386550
0.813663	0.735306	0.618350	-0.601961	0.229718	-0.845261	0.332087	0.916311	1.058230
0.921890	1.206946	0.760665	-0.887066	-0.247680	-1.164170	-0.185504	0.174834	0.675888
1.069157	1.037109	0.797245	-1.175560	-0.061372	-1.076436	-0.403401	0.278555	0.814975
1.265914	0.877821	1.391805	-0.505879	-0.611432	-0.763883	-0.158208	0.707942	0.930168
1.260346	0.769367	1.158005	-0.472888	-0.578964	-1.145698	-0.166031	0.724243	1.136606
0.802140	0.977298	0.637253	-0.800906	0.512431	-0.138705	0.268637	0.948353	0.863954
0.866489	0.884821	0.736863	-1.150064	0.181552	-0.088486	0.291515	0.959904	0.878534
0.227524	0.377633	0.360040	-1.089876	-0.333395	-0.087400	0.376445	1.305375	0.903828
0.348127	0.666362	0.363481	-0.990724	-0.191766	-0.263301	0.254367	1.094198	0.701660
1.149479	0.897505	1.004181	-2.102924	-0.027001	-0.787606	-0.176814	1.139840	1.374762
1.033619	1.129300	1.176936	-2.173187	-0.220609	-0.560157	-0.096947	0.989128	1.577935
0.644567	0.954881	0.258789	-0.618997	-0.407299	-0.077501	-0.016229	1.292627	1.080138
0.365667	0.996853	0.116640	-0.333012	-0.307021	-0.189158	0.045373	1.286865	0.839559
1.362555	1.142266	0.703788	-1.166363	0.070192	-0.276511	-0.420447	0.526475	0.827566
1.290331	1.194157	0.869767	-1.489379	0.281953	-0.473255	-0.222563	0.587365	0.840070
1.063119	0.833345	1.422487	-0.438225	0.484590	-0.012791	0.530098	1.143872	1.062292
1.244138	0.658231	1.252612	-0.574758	0.231616	-0.191099	0.330230	1.080542	0.936818
1.580219	0.990552	0.760740	-1.032322	0.173570	-0.031837	-0.356098	0.595116	1.194509
1.586319	1.036254	1.124189	-1.024278	0.113081	-0.189098	-0.539995	0.341628	1.284980
0.943364	1.341529	0.734216	-0.612896	-0.490786	-0.743785	-0.060627	0.586852	0.700407
0.537739	1.247442	0.882007	-0.858089	-0.564770	-0.661892	-0.063410	0.553039	0.663452
0.332080	1.114800	0.848259	-0.650486	0.084488	-0.469738	0.081689	0.778363	0.684738
0.157807	0.958879	0.739010	-0.803445	0.152829	-0.601227	0.405776	0.957526	0.539309
0.492831	0.600479	0.236486	0.029535	0.529483	0.256864	0.440996	1.127849	0.875701
0.319337	0.654276	0.259494	-0.068985	0.542210	-0.017132	0.258814	1.232709	0.546275
0.518046	0.655753	0.661256	-0.686748	-0.069219	-0.330233	0.226294	0.948546	1.394027
0.585636	1.045581	0.704392	-0.843625	-0.110250	-0.274434	-0.064866	0.948144	1.382252
0.427238	0.768405	0.955821	-0.972255	0.396452	-1.110334	0.457898	1.134167	0.904337
1.397525	0.347284	0.786465	-0.325579	0.320329	-0.323346	0.105222	0.656289	0.614151
0.566290	1.148953	1.477631	-0.985916	-0.255198	-0.764681	-0.301864	0.206244	0.891297
0.875122	0.992714	1.269452	-0.866135	-0.359511	-0.976087	-0.330442	0.397635	0.813898
0.484701	0.238303	0.423600	-0.768159	0.460686	-0.570326	0.741125	1.174389	1.180969
0.266222	0.483774	0.407210	-0.658312	0.498921	-0.718845	0.758719	1.179582	0.814662
1.204265	0.707978	0.401318	-0.070371	0.169157	-0.149830	0.557607	1.067239	0.951087
0.870219	0.856547	1.075740	-1.015015	0.202117	-0.859267	0.200577	0.602775	0.790233
0.569710	1.060863	1.120890	-0.834779	0.196931	-0.684873	0.135626	0.632887	1.069423
1.442395	1.006050	1.261408	-1.174918	-0.630481	-1.778285	-0.571585	0.267080	1.471905
1.226851	1.191478	1.505978	-1.169077	-0.453333	-1.803672	-0.294970	0.437862	1.428919
0.683683	0.203351	0.649368	-0.879854	0.342734	-0.009730	0.808906	1.055791	0.658714
0.953369	0.219985	0.745222	-0.676366	0.377842	0.167774	0.833470	1.374237	0.496247
0.636681	0.383756	0.456873	-0.491568	0.443372	0.093579	0.642840	1.358134	0.673429
0.546945	0.517233	0.762572	-0.695327	0.747124	0.059255	0.632888	1.293081	0.837662
1.494956	1.099948	1.291615	-1.133783	-0.822258	-1.239132	-0.183544	0.467312	1.267347
1.267390	0.772873	1.352596	-1.021458	-0.621511	-1.130235	-0.105910	0.451598	1.038443
0.459898	0.797848	0.644794	-1.200181	0.386161	-0.131734	0.244768	0.985829	1.728406
0.449205	0.438709	0.703384	-1.058918	0.394902	0.033090	-0.055323	0.891413	1.640606
1.240916	0.071559	1.108730	-0.845158	-0.100539	0.051283	0.428112	0.888330	0.670665
1.362114	-0.001515	1.379182	-0.497801	-0.001339	-0.093723	0.410147	0.698910	0.587123
0.308950	1.078515	0.282031	-0.796770	-0.309980	-0.163835	0.101451	1.095993	0.843146
0.498236	1.274657	0.481169	-0.463413	0.366719	0.115765	-0.015515	0.927179	1.487509
1.157713	0.835142	0.156115	-0.666834	-0.428835	-0.167321	-0.442161	0.764148	0.690827
1.190092	1.044462	-0.178017	-0.765030	-0.586837	-0.012204	-0.452516	0.673197	0.957775
1.998490	0.846761	0.927176	-1.426760	-0.404340	-1.241298	-0.588137	0.514853	0.783680
1.706271	1.010058	0.770764	-1.251790	-0.215442	-1.113763	-0.555080	0.402974	1.038734
0.969864	1.015117	0.588113	-0.891830	0.024444	-0.962860	-0.779061	0.277278	0.838643
0.936466	0.884416	0.670054	-0.857416	-0.174955	-1.052197	-0.518229	0.672507	0.859132
1.120366	0.559880	0.597483	-0.998760	-0.195792	-0.156103	-0.282165	0.538070	0.050053
1.075769	0.795614	0.560972	-0.646609	-0.100847	-0.084120	-0.020478	0.717589	0.080844
0.460861	0.547296	0.606786	-0.270997	0.512373	-0.032429	0.732393	1.107670	1.352197
0.742118	1.227816	0.236464	-0.938874	-0.484207	-0.433810	-0.200878	0.539605	1.129622
0.674517	0.862420	0.261516	-1.153122	-0.234616	-0.207546	-0.229868	0.570907	1.171984
0.685938	0.738607	0.357767	-1.113914	-0.628630	-0.534378	-0.076238	0.683342	1.539853
0.932090	0.786613	0.739886	-0.161478	-0.088665	-0.717316	0.024372	0.801314	1.125031
0.842009	1.096703	0.915120	0.168421	-0.199463	-0.550386	0.125194	0.892513	1.079814
1.296005	0.671764	0.909468	0.049802	0.173169	-0.254088	0.177478	0.954865	1.004400
1.071827	0.770125	0.602049	-0.073001	0.279199	-0.539614	0.251899	1.145012	0.964698
0.826408	0.393875	0.975955	-0.163641	0.069739	-1.077815	0.153661	1.127588	0.542523
0.801254	0.774976	1.058457	-0.190209	-0.005150	-0.977114	0.358184	0.821219	0.514764
1.327444	0.693450	0.889902	-0.609974	1.173335	0.144413	0.307857	1.215953	1.070023
1.195642	0.344057	0.974058	-0.606419	1.092957	0.029732	0.601950	1.152752	0.847502
1.271403	0.755942	1.250539	-1.034803	-0.140577	-1.338715	-0.452500	0.348605	1.179781
1.275080	0.875975	1.167318	-0.694941	-0.093236	-1.254896	-0.184572	0.645306	1.152877
0.709631	0.729064	0.451922	0.040831	-0.034394	0.158693	0.056278	1.284705	1.529411
0.526315	1.047474	0.647155	0.333700	0.029155	0.098274	0.199653	1.194733	1.410544
0.848796	0.918711	0.497650	-0.872250	-0.740467	0.159810	0.034035	1.018833	0.283073
0.990160	1.220226	0.710002	-0.829545	-0.191707	-0.825111	-0.243595	0.399858	1.011531
0.582179	0.687714	0.888755	-0.766573	0.186433	-0.601931	0.165492	0.767763	0.762501
0.228137	0.656313	0.266597	-0.358208	-0.327324	-0.482388	0.043822	0.852331	0.697926
0.587319	0.509736	0.254280	-0.686168	-0.337401	-0.265485	0.021178	0.780498	0.689052
0.869112	0.263417	0.936619	-1.323976	0.176358	-0.275906	0.702722	0.885148	1.015280
0.681383	0.541628	0.934292	-1.480472	0.266322	-0.020798	0.692290	1.119373	0.797599
0.592979	0.940535	0.523944	-0.518512	0.177969	0.050456	0.443339	0.889941	1.334734
0.756727	0.546054	0.616353	-0.738865	0.252021	0.016832	0.479843	1.001294	1.102739
0.929245	0.995305	0.326555	-1.004576	-0.097975	-0.485159	-0.229022	1.099365	1.030088
0.845385	0.888349	0.117723	-1.169841	-0.115816	-0.299663	0.185825	1.199209	1.118224
1.209994	0.957852	0.935669	-0.070372	-0.383884	-0.713924	-0.104600	0.350679	0.949810
1.355897	0.848362	0.856917	0.091638	-0.192560	-0.716087	-0.051688	0.805965	0.906649
1.253647	1.033433	0.613337	-1.242936	0.022299	-1.221951	-0.065061	0.680671	0.930852
1.440497	1.058517	0.610144	-1.147064	-0.304331	-1.284285	-0.413364	0.614280	0.741858
1.415584	1.002357	1.142570	-1.254418	-0.267728	-1.017557	-0.257714	0.816340	0.499300
1.371336	0.718385	0.825927	-1.210924	-0.420697	-0.701929	-0.180126	0.771559	0.540658
0.033522	0.828300	0.032436	0.275747	0.395641	0.411855	0.250748	1.161729	0.704256
0.047670	0.598895	0.297707	0.317856	0.681156	0.242984	0.289192	1.040527	0.965279
1.077515	0.882235	1.099055	-1.504280	0.441198	-0.200644	0.169383	0.914524	0.931696
0.746307	1.020798	0.539558	-0.277081	0.296219	0.230270	-0.271531	0.799766	1.188460
1.318086	1.347531	0.930211	-0.623814	-0.771603	-0.613607	-0.210431	0.753706	0.658154
0.700822	0.909716	0.964957	-0.438869	-0.410267	-0.000445	0.080713	0.610395	0.737730
0.737159	1.000035	0.671418	-0.677175	-0.233796	-0.037205	-0.129537	0.835113	0.960540
1.189696	0.754188	1.052602	-0.795218	-0.045508	-0.556748	0.143573	0.882841	1.174400
1.258876	0.691547	0.752377	-0.663381	-0.136763	-0.141116	-0.117246	1.135484	0.782022
1.400195	0.587639	0.691979	-0.503521	0.116491	-0.069012	-0.414438	1.413920	0.969077
0.491620	0.981545	0.618312	-0.914334	-0.200780	-0.589486	-0.405748	0.498725	1.059009
0.682907	1.056031	0.492426	-0.712170	-0.007167	-0.396150	-0.614391	0.834861	1.050893
0.945560	0.088666	1.077925	-0.532557	0.217525	0.196652	0.880213	0.973037	1.352207
1.101886	0.112441	1.252011	-0.513530	0.199487	0.215736	0.766390	0.851518	0.854426
0.383331	0.537376	0.226085	-0.461686	0.138507	-0.803789	0.652328	1.365193	1.089640
0.334239	0.636939	0.382589	-0.530598	0.137380	-0.904315	0.228333	1.211986	1.375927
0.567483	0.202155	0.858795	-0.767741	0.023254	0.018312	0.405339	1.048789	0.482920
0.803412	0.564970	0.935391	-0.841877	0.238827	-0.130505	0.229606	0.925511	0.640525
0.028167	0.858603	0.804359	-0.541303	-0.105270	-0.674287	-0.054483	1.097239	0.910542
-0.030246	0.516539	0.699914	-0.592939	0.142372	-0.521291	0.122936	0.796101	0.889457
0.632629	1.068674	1.079371	0.347232	0.088299	-0.342595	-0.069070	0.670565	0.762558
0.759138	0.989270	1.254842	0.433878	0.049080	-0.451585	-0.443138	0.381770	0.975415
1.369076	0.732103	0.801736	-0.796750	-0.774968	-0.791892	0.110971	1.299231	0.349039
1.335728	0.570649	0.812005	-0.752199	-0.472652	-1.058286	-0.024569	1.131848	0.673867
1.446832	0.876365	1.115939	-0.279291	-0.909216	-0.794831	0.040866	0.625038	1.101653
0.921789	0.729384	1.719233	-0.090985	0.776027	0.417648	0.267667	0.680280	-0.098387
0.926539	0.883604	1.715450	-0.605534	0.615067	0.225379	0.264855	0.680276	-0.098392
0.701502	0.392773	1.320539	-0.638485	0.447807	-0.429200	0.732126	0.914324	0.164677
0.898635	0.727858	1.376207	-0.580389	0.304796	-0.243436	0.529333	0.780695	0.449591
0.993378	0.804104	0.633115	-1.971169	-0.638382	-0.846465	-0.062697	1.041843	1.158137
1.103304	0.865425	0.750163	-1.539979	-0.872953	-0.781088	-0.082680	0.818241	0.988651
1.850538	0.961194	0.928783	-0.615211	-0.345333	-1.108524	-0.212628	0.666814	1.081369
0.562080	0.879110	0.458239	0.041057	-0.315460	0.072418	0.222666	1.129130	0.968668
0.437719	0.499545	0.487886	-0.107845	-0.008204	-0.021194	0.227711	1.393252	0.942933
0.832820	1.133517	0.800046	-0.503646	0.728580	-0.180777	-0.006071	0.926160	0.748233
1.166694	1.067352	0.913732	-0.344616	0.387467	-0.163373	-0.300428	0.971851	0.753851
0.798157	-0.169510	0.721576	-2.244979	0.172534	0.211563	0.659768	0.951387	0.802418
0.878915	-0.246626	0.772328	-2.429342	0.254439	-0.294658	0.483452	0.866655	0.700291
1.166431	0.504067	1.317164	-0.477436	0.883628	-0.004173	0.303704	1.079626	1.045122
1.214910	0.619154	1.283523	0.217261	0.310583	0.116767	0.157558	0.598569	1.242916
1.447949	0.250513	1.485417	0.133426	0.320887	-0.021556	0.349950	0.743773	1.471145
1.262102	0.908404	0.873968	-1.016516	-0.003850	-0.695699	-0.199335	0.673429	0.198975
1.397387	0.532543	1.074204	-1.142122	-0.165176	-1.013621	-0.195356	0.516777	0.167923
0.867457	1.020407	0.218256	-0.898989	-0.271019	-0.443460	-0.030649	1.106641	1.539484
0.367043	1.209674	0.036228	-0.722677	-0.072053	-0.066324	0.206051	1.350661	1.271999
0.946540	0.989708	-0.107075	-1.126127	-0.542626	-0.131934	-0.293271	0.646781	1.290893
1.049271	0.250084	1.126794	-1.324410	0.480190	-0.027051	0.581472	0.660414	1.278008
1.248621	0.428987	1.222889	-1.520610	0.608526	-0.075334	0.508548	1.003604	1.614878
1.282742	0.865959	0.789953	-1.104958	0.602227	-0.673369	-0.232275	0.432161	1.498879
1.110990	0.901609	1.251485	-0.908620	0.482344	-0.424767	-0.211584	0.391535	1.375003
0.727576	0.628148	0.900564	-0.807595	0.288532	-0.795105	0.576251	1.027638	0.857370
0.260886	1.195408	0.376867	-0.897611	0.223319	-0.293272	0.203250	0.829640	0.508684
1.209365	1.241970	0.682779	-0.374354	-0.625703	-0.308181	-0.139274	0.471878	0.610359
0.748993	1.083100	0.515239	-0.918182	0.441155	0.059846	-0.177567	0.352631	1.100732
0.446506	0.944260	0.468566	-0.861239	-0.027216	-0.124885	-0.240766	0.299180	1.033158
1.007338	1.040322	1.115228	-2.466608	0.735928	-0.026165	0.198137	0.861550	1.287204
1.476318	0.750094	1.205569	-2.399105	0.852944	0.000946	0.334570	0.941574	1.129513
0.750612	0.532852	0.603414	0.618945	0.220843	-0.986784	0.473652	0.976229	0.918488
0.733758	0.912864	0.676146	0.301375	0.083305	-0.739450	0.297708	0.919087	0.780560
0.604610	0.123900	0.960848	-1.102642	0.396306	0.009363	0.498339	0.884664	0.851906
0.450980	0.993961	0.503420	-0.316620	0.083946	0.257535	0.293933	1.229367	1.022538
0.995799	0.834060	0.367891	-0.396632	0.060868	-0.185010	-0.110463	1.119583	1.339052
1.212327	0.839045	0.957636	-1.636901	-0.287711	-0.598064	0.096451	0.912087	1.002095
1.092217	0.758261	0.874475	-2.030716	0.070541	-0.434624	0.086860	0.819624	0.776737
0.979902	0.855834	0.662304	-1.335183	0.130884	-0.192736	-0.512823	0.721179	0.871881
0.342933	0.540323	0.475218	-0.897611	0.401296	-0.308783	0.711113	0.839796	0.514226
0.328692	0.734229	0.434009	-0.873851	0.004140	-0.016663	0.506075	0.742984	0.770234
0.496700	1.139135	0.534637	-0.754771	-0.295279	-0.425995	-0.005613	1.408641	1.122446
1.315846	1.073714	0.924648	-0.437504	-0.500169	-1.395778	-0.467165	0.455876	0.953043
1.316005	1.304285	1.234491	-0.537231	-0.527786	-1.372593	-0.466922	0.175567	1.360287
1.109882	0.381867	0.489810	-1.050374	0.171383	-0.540495	0.378650	0.783837	0.875775
1.486379	0.476440	0.646888	-0.718974	-0.056156	-0.721127	0.218295	0.683819	0.863728
0.596273	0.705629	0.691594	0.839695	0.316576	0.243856	0.252522	1.119431	0.568678
0.688952	0.935488	0.296848	-0.427297	0.171669	-0.333903	0.116795	0.976857	0.889726
1.036445	1.278049	0.815280	-0.733223	-0.382276	-0.404577	-0.091056	0.919488	0.842333
0.487209	0.859917	0.818513	-1.733166	0.219029	-0.792241	0.310866	0.740043	1.297478
0.543948	0.399530	0.873114	-1.462632	0.216491	-0.918352	0.363515	0.962736	1.533390
1.232746	0.982116	1.714601	-0.439846	-0.273344	-0.549608	0.040570	0.546307	0.478438
1.254431	0.731324	1.432943	-0.458321	-0.283209	-0.635707	0.261585	0.611385	0.940495
0.550377	0.260069	0.400240	0.183041	-0.378264	-1.107248	0.366423	0.883488	0.522057
0.473909	0.607866	0.577628	0.051465	-0.117000	-1.338123	0.416941	1.033431	0.838263
0.611138	1.192556	0.878227	-0.049286	-0.229942	-0.192547	0.031635	0.972500	0.799793
0.135827	0.960494	0.769547	-0.222732	0.290028	-0.154837	0.190141	1.530815	1.316932
0.045118	0.492782	0.897518	-0.158125	0.310436	-0.099870	0.121211	1.177057	1.524610
1.123276	0.943137	-0.233682	0.003963	-0.640468	-0.258773	0.106291	1.168939	1.199484
1.086953	1.068871	0.212567	0.094995	-0.716698	0.088520	0.117719	1.280013	0.953261
0.123045	1.343267	0.082589	-0.690964	0.379683	-0.151777	-0.076154	1.076934	1.087412
-0.204099	1.395734	0.068542	-0.460036	0.287238	-0.605388	0.111245	0.972441	1.037464
1.348985	1.100787	1.122833	-0.670076	-0.578531	-0.557766	-0.072261	0.486283	0.970567
0.716235	0.940118	1.318382	-0.215294	-0.232310	-0.476155	0.101633	0.489405	0.779668
0.685540	1.148147	0.957819	0.055255	-0.487886	-0.580227	-0.136138	0.269037	0.781463
1.242526	0.886564	1.069346	-0.998051	-0.645757	-1.459272	-0.590302	0.531118	1.420439
0.976564	0.679370	0.628432	-1.127238	-0.679087	-0.973390	-0.417511	0.632203	0.688267
0.902946	0.819988	0.285683	-0.545419	0.089690	0.024549	-0.046362	0.234489	0.803921
0.530114	0.523044	-0.021249	-0.639309	0.337337	-0.071149	-0.065754	0.327854	0.649958
0.671357	0.949673	-0.065867	-0.566196	-0.244329	-0.506495	-0.025467	1.221467	1.100141
0.468699	1.000436	-0.243061	-0.746527	0.416328	0.026738	0.120198	1.466366	1.284503
1.631400	0.474308	1.136092	-0.676321	0.415742	-0.261104	0.668421	1.164522	1.637068
1.652215	0.701311	1.361774	-0.606551	0.354821	-0.359898	0.157444	0.943032	1.547444
0.960160	0.551011	1.130241	-0.574339	0.267308	-0.705388	0.277183	0.778149	0.393911
0.922710	0.986478	0.625676	-0.379925	0.464501	0.488448	0.165484	0.851246	0.615220
1.250000	0.462621	1.555499	-0.082936	0.143755	-1.019112	0.525159	1.334768	1.170609
1.237241	0.350188	1.630426	-0.128312	0.539178	-0.765971	0.615573	0.909371	1.040561
1.846638	1.095994	0.780118	-0.852660	-1.196639	-0.781254	-0.150128	0.773827	0.499498
1.919177	1.101680	0.946757	-0.671851	-0.910449	-0.774375	-0.344280	0.632121	0.006158
0.224727	0.587351	0.800113	-0.789752	0.521052	-0.883353	0.604821	1.484229	0.849467
0.628380	0.771665	0.636811	-0.189933	-0.543112	-0.748945	0.204297	1.173361	1.115261
1.138005	0.943418	0.627530	0.003963	-0.642808	-0.434297	0.105132	1.168502	1.199483
0.964478	-0.026543	1.449250	-0.524407	0.612321	-0.216991	0.614045	1.155392	1.168262
0.270769	1.270351	0.121922	-1.215784	-0.696218	-0.236439	-0.176266	0.848173	1.564767
0.407761	1.060942	0.382871	-1.044763	-0.415934	-0.540667	0.155946	0.904750	1.440084
0.878039	0.862340	1.032390	-0.663983	-0.236275	-1.134603	-0.602000	0.496954	1.492659
0.494068	0.931968	1.214521	-0.741169	-0.128020	-1.409391	-0.717528	0.310981	1.125010
0.301349	0.842084	0.966011	-1.346558	-0.395162	-0.433090	-0.012205	0.657747	0.794511
1.489821	0.669323	0.820002	-0.446241	-0.619517	-0.515441	-0.254701	1.130780	1.525260
1.561736	1.064025	0.945815	-0.634750	-0.319032	-0.271552	-0.319183	1.113286	1.210189
1.125783	0.383118	1.532312	-0.560861	-0.621265	-0.721130	-0.141142	0.153315	0.764384
1.133714	0.521174	1.332469	-0.244565	-0.706522	-0.390042	-0.560145	0.164834	0.632142
0.805635	0.904512	1.362369	-0.789247	0.005246	-0.826897	-0.036388	1.047934	0.903448
1.147613	0.482644	0.743835	-0.610761	-0.803783	-0.099356	0.170236	0.972491	0.445399
1.934530	0.873010	1.152603	-0.085577	-0.167411	-0.636449	0.124776	0.700807	1.339893
0.581770	0.620592	0.669866	0.037871	0.147778	-0.769333	0.375710	1.201294	0.342074
1.633620	0.676692	1.667967	-0.563949	-0.679090	-1.617248	-0.392512	0.286262	1.180035
1.191486	0.802543	1.209402	-0.490095	-0.843506	-1.709425	-0.384514	0.176562	1.246871
1.525438	1.282071	0.639607	-1.450543	-0.422818	-0.179032	-0.549432	0.737845	1.304538
1.235733	1.023430	0.541531	-1.357676	-0.449577	-0.168401	-0.297403	0.618447	1.786962
1.629346	1.361219	1.216122	-0.989901	0.186134	-0.258108	-0.128032	0.752001	1.150244
1.299682	1.190224	1.186395	-0.445373	0.689478	0.132120	0.109517	0.909658	0.682595
1.185701	0.616440	1.119492	-1.103493	0.271851	-0.344142	0.384772	0.655202	0.765468
0.753297	0.874947	0.210605	-1.061720	-0.591134	-0.115758	-0.265004	1.017974	0.629409
0.611208	0.609970	0.154930	-1.301868	-0.256111	0.084942	-0.023006	0.804628	0.903372
0.954912	0.693813	1.390157	0.034461	0.239496	-0.258653	0.327888	1.274857	1.418515
1.052161	0.684498	1.100104	0.220281	-0.309066	-0.186242	0.185960	1.112108	1.337923
0.957691	0.152553	0.792101	-0.998727	-0.399921	-0.741269	0.349090	0.847588	0.386869
1.013106	-0.211008	0.986704	-1.262103	-0.085255	-0.666200	0.724493	0.798880	0.442312
1.226342	0.511941	-0.073526	-0.165722	-0.011210	0.105099	0.296188	0.910589	1.142582
1.325099	0.811023	1.540216	-1.188822	-0.333379	-0.812057	-0.050502	0.675898	1.182217
1.239384	1.313047	0.896097	-0.721780	-0.151836	-1.013131	0.063924	0.820381	0.872315
0.879290	0.931384	0.770035	-1.267427	0.619161	-0.078532	0.171043	1.049159	1.308216
1.134783	0.369958	1.033692	0.056865	0.025177	-0.315584	0.769732	1.431376	0.597712
0.657171	0.168129	0.447783	-1.937905	0.100832	-0.208398	1.094667	1.148671	0.220194
0.309800	0.287238	0.670759	-1.631814	0.067321	-0.077209	1.006011	0.784388	0.479551
0.951757	0.744708	1.378701	-2.023471	-0.140082	-0.597583	0.101824	0.722420	1.180853
1.401635	-0.083649	1.253532	-0.832449	0.127484	0.198760	0.445039	1.194639	1.008246
1.138071	1.001214	1.188614	0.003963	-1.131621	-0.556134	-0.429623	0.168526	-0.145410
1.439479	0.945316	1.321742	0.468533	-0.996302	-0.716356	-0.584978	0.198359	0.190763
1.443729	1.336512	1.084452	-1.155203	-0.752254	-0.325538	-0.491205	0.447644	1.517265
1.143924	0.908633	1.364496	-1.034603	-0.552490	-0.290659	-0.269386	0.611348	1.350081
1.036398	0.845629	2.070038	-0.913975	0.249688	-0.895834	0.027686	0.496313	1.011822
0.541674	0.705733	1.864174	-1.004850	0.418316	-0.581450	0.200779	0.695943	1.028275
1.012969	0.397746	0.954965	-0.154475	-0.238070	-0.649020	0.291572	1.123666	0.949293
1.407628	0.474383	0.448820	-0.569051	-0.384089	-0.196707	-0.051904	1.398973	1.210650
1.202192	1.162749	0.357354	-0.774519	-0.848231	-0.573071	-0.050112	0.605190	0.224684
1.269940	1.167989	0.525767	-0.892724	-0.961049	-0.823203	-0.115080	1.111133	-0.136561
1.146622	1.063424	1.375367	-0.686832	0.512419	-0.233608	-0.294413	0.758418	0.840096
1.298651	0.955298	0.496793	-1.002920	-0.022325	-0.384595	0.025431	1.385413	1.488943
0.504609	0.439080	0.827007	-0.487415	1.209087	0.144428	0.553426	1.204947	1.329177
1.288559	0.953994	0.608237	-0.944941	-0.053622	-1.458912	-0.221063	0.478289	1.376853
1.528922	0.793951	1.415668	-0.979339	0.009515	-1.453167	-0.400095	0.152295	0.711271
0.879623	0.955471	-0.170185	-0.555262	0.315376	0.384289	0.061390	1.071119	0.061839
0.999652	0.784167	0.216019	-0.784495	0.152984	0.279263	0.150280	0.588437	-0.002496
0.860080	0.851309	1.596740	0.213562	-0.150523	-0.884202	0.193207	0.308694	0.878699
0.780606	0.627995	1.906830	0.004519	0.142857	-1.170424	0.512980	0.556065	0.910911
1.160340	1.124725	1.350168	-1.167223	0.638305	-0.140728	0.280712	0.773417	0.751413
0.445357	0.776636	0.786085	-0.515821	0.893873	-0.224617	0.539982	0.872341	0.785463
0.283769	0.814315	0.933473	-0.224624	0.684016	-0.254576	0.214262	0.876329	1.288222
0.908829	1.159809	0.451837	-0.417163	0.309915	-1.252117	-0.091954	0.975940	1.002429
0.486175	0.972926	0.217600	0.053851	0.826699	0.317486	0.211703	1.351387	1.061403
0.496236	0.233251	0.100202	0.437981	0.407948	-0.271993	0.699530	1.155850	0.913413
0.882190	0.167275	0.609208	0.272832	0.415200	-0.408020	0.644752	1.060909	0.626362
1.814098	0.582759	1.152131	-0.353611	0.663590	-0.214438	0.451752	1.040369	0.969511
1.627538	0.908694	1.254685	0.064466	0.376702	-0.532147	0.302118	1.012729	1.114995
1.648222	0.561690	1.537557	-0.302567	0.254036	0.066061	0.257709	0.428430	1.178184
1.257238	0.419132	0.846006	-1.696001	0.434089	-0.402272	0.452807	1.182688	1.261074
0.257657	0.700649	0.979608	-1.451189	0.182551	-1.090290	-0.031400	0.750124	1.039997
1.093031	1.054259	0.996356	-1.028650	0.021188	-0.095467	0.061032	0.601606	0.945318
1.729066	1.033685	1.065153	-1.834085	-0.202352	-0.895045	-0.270036	0.348022	0.619163
1.529705	0.770732	0.814154	-2.122136	-0.242960	-0.604647	-0.323937	0.264115	0.157631
0.730391	0.783768	1.009446	-0.095367	-0.047931	0.099991	0.239959	1.511141	1.155988
0.559989	0.866499	0.738526	-1.602584	0.617284	-0.266975	0.289389	0.919839	0.529747
0.622387	0.670382	0.504073	-1.710671	0.439587	-0.317678	0.859471	1.070809	0.814014
0.803534	0.614829	1.399706	-2.520339	0.366822	-0.356720	0.343141	0.946657	0.850759
0.350656	0.530206	1.140799	-2.257216	0.438066	-0.573093	0.511855	0.812437	0.495267
1.558801	1.304145	0.877914	-0.561481	0.242682	-0.772694	-0.122759	0.544399	0.647048
0.660660	0.775718	0.779105	-1.025924	0.460241	-0.429570	-0.386713	0.206009	1.240922
1.291224	0.582679	1.501510	-0.323938	-1.048050	-0.373668	0.048694	0.421587	0.727419
1.130900	0.551745	0.755438	-1.761510	-0.014660	-1.152411	0.083075	1.029620	0.874101
0.833943	1.124904	1.028109	-1.839821	-0.078097	-1.199473	0.115955	0.751981	0.893165
0.284496	1.071757	0.483067	0.274848	0.232782	0.184087	0.247288	0.810430	1.166268
0.940097	0.818392	1.026090	-0.480977	-0.418714	-0.228507	-0.305454	0.579220	0.451940
0.256165	1.298364	1.092673	-0.734027	-0.190805	-1.167327	-0.209762	0.362634	0.723480
1.607688	0.157034	0.543972	-0.489594	-0.587822	-0.523313	0.283607	0.662960	0.062159
1.493899	-0.579448	0.552654	-0.442523	-0.586055	-0.354978	0.286051	0.664334	0.063214
1.080487	0.367383	1.377604	-1.082698	0.371369	0.299398	0.753702	0.959265	1.101547
1.139406	0.782730	0.772338	-0.823816	-0.525366	-0.583088	-0.357793	1.508826	1.194110
0.651912	0.584011	1.166167	-1.250513	0.146573	-0.456550	0.239512	1.231948	0.630020
1.666414	0.408182	1.222547	0.341513	0.431522	-0.043364	0.962976	0.618965	0.589805
1.388934	0.358137	1.018225	0.551911	0.387757	-0.216478	0.524596	0.940737	0.922364
1.785379	1.261505	1.520060	-1.560899	-0.365687	-1.279325	0.040526	0.821926	1.145207
1.729632	1.029789	1.362288	-1.834085	-0.198437	-0.891552	0.139809	1.010005	0.671679
0.783448	0.190033	0.988912	-0.498028	-0.197835	-0.335550	0.967519	0.731928	1.315819
0.526097	0.512832	1.851949	-1.349555	1.028760	-0.480559	0.284842	1.095165	0.976724
0.414293	0.689973	1.923652	-1.604900	0.385934	-0.503402	0.518128	0.952316	1.043871
1.180637	0.110989	0.888767	-1.125807	0.041730	-0.631242	0.032103	0.988218	-0.024787
1.116507	0.539407	1.138459	-1.123044	0.206234	-0.198470	0.387995	0.858993	-0.116759
1.166319	0.901692	0.991093	-0.609136	-0.976467	-1.125002	-0.061746	1.044008	1.224443
1.467439	0.897914	0.362631	-0.635283	-0.357790	-0.287268	-0.233396	0.384590	1.061668
1.382394	0.543315	0.207485	-1.074307	-0.576599	-0.062576	-0.247164	0.753097	1.261060
1.493188	1.033403	1.060206	-0.380298	-1.259219	-0.697073	-0.555403	0.318874	0.352289
0.775853	1.038806	0.594357	-0.881790	0.277042	-0.945694	-0.161134	0.709523	1.356096
1.892377	0.806170	1.210401	-0.625953	-0.113206	-0.381269	-0.064188	0.416139	0.266495
1.318028	0.986918	1.332823	-0.623758	0.183462	-0.610705	0.257623	0.407392	0.154978
1.436530	0.269555	0.840451	-0.398670	0.320801	0.442848	0.676496	1.399027	1.181180
1.388207	0.751605	0.736193	-0.292086	0.612051	0.297383	0.346571	0.992119	1.194132
1.608166	1.000887	1.134950	-1.057254	0.007888	-1.526428	-1.076441	0.422935	1.019732
1.365440	1.078228	0.722789	-0.809432	-0.350830	-1.626480	-0.763652	0.751174	1.017398
1.236472	0.877263	0.814942	-1.133478	0.196177	-0.830721	0.186265	1.154374	0.934664
1.785446	1.117362	0.478271	-1.103537	0.280756	-0.841867	-0.053438	0.963901	0.677169
1.406395	0.258107	0.737771	-0.274207	1.002199	0.357159	0.675342	1.287461	0.621907
1.697207	-0.000093	0.845845	0.030378	0.850962	0.158573	0.525178	0.866957	0.973088
1.172565	0.919630	0.724578	-0.443016	-0.664386	-0.472852	-0.463038	0.622155	1.807756
1.317429	0.667476	1.036473	-0.865708	-0.198859	-0.414289	-0.226693	0.654569	1.906941
0.814155	0.963538	0.948311	-2.005333	0.235582	-1.302134	-0.019369	1.422399	1.027796
0.617077	0.395511	0.235788	-1.462399	0.390523	-0.531863	0.316617	0.796264	0.663558
1.125858	0.236510	0.638701	-0.315140	0.076522	-0.528189	0.801021	1.009194	0.261671
0.281322	0.314596	0.687643	-0.163124	-0.384087	-0.240174	0.195492	0.549574	0.443531
0.778472	1.035167	0.647260	-1.379354	-0.397378	-1.153106	0.219478	1.061531	1.251314
0.550483	1.247324	0.765878	-0.939840	-0.131682	-0.899101	0.133298	1.402991	0.942570
0.227084	0.088077	1.020940	-2.583042	0.407744	-0.479790	1.054141	0.762983	0.687073
0.459074	-0.578132	0.996880	-2.716069	0.314334	-0.328666	1.203231	1.029324	0.507280
0.944753	0.224263	0.513170	-0.287298	0.089237	0.137505	0.687692	0.902820	0.687581
0.209993	-0.314933	1.493852	-2.454320	0.212671	-0.404875	1.224562	1.116911	0.970560
1.109747	0.947365	0.385019	-1.096209	0.458714	0.154516	0.161837	1.394867	0.926267
0.454787	0.895737	0.342822	-0.807812	-0.285235	0.180989	-0.100559	0.789733	1.617129
1.390186	0.971585	1.252280	-0.047318	0.836612	0.165187	0.265662	1.175288	0.300041
1.390185	0.951934	1.235517	0.659871	0.926038	0.591150	0.265691	1.175314	0.300041
1.054188	1.149785	0.378293	-0.099416	-0.244523	0.512865	0.056973	1.103796	1.181040
1.012644	0.836106	0.545328	-0.268340	-0.500948	0.047273	0.070708	1.564774	0.982956
0.694006	0.925027	1.344175	0.374233	-0.034069	0.138864	0.224464	1.101627	0.873111
0.568298	0.940411	0.308801	-0.274220	0.470734	0.244942	-0.511044	0.287757	0.608892
1.012136	0.756545	0.677650	-0.932482	-0.357217	-0.974092	-0.475783	0.566540	-0.043772
0.743073	1.102478	1.005182	0.278902	-0.546665	-1.023482	0.068573	1.015147	1.044535
1.827536	0.696862	0.795023	-1.053450	-0.253341	-1.525505	-0.578272	0.084175	1.394980
0.998707	1.147266	0.620887	-0.494769	0.176623	-0.727379	0.019493	1.037027	0.400532
1.097975	0.838760	0.457140	-0.177912	0.421770	-0.850671	0.071203	0.929737	-0.224923
0.739596	1.071361	0.833828	-0.343491	0.649094	-0.045062	0.195715	0.362590	0.931163
0.930603	0.871429	1.292446	0.157148	0.419148	-1.138484	0.176550	0.896383	0.753353
1.243814	1.161839	1.240517	0.184885	0.023934	-1.070317	-0.055084	1.060818	1.295205
0.627857	1.263142	-0.293642	-0.180775	-0.446009	-0.306959	-0.036619	1.508736	1.115909
0.584797	0.727356	0.757254	-2.751428	0.525281	-0.256575	0.511230	0.964938	0.999968
1.179925	1.178697	1.369677	-0.832768	-0.158581	-2.105558	-0.209366	0.496806	1.668901
0.521056	0.261175	1.352372	-1.378979	-0.362702	0.077614	0.922389	1.149185	0.418515
0.757675	0.337196	0.929699	-0.959234	-0.506690	-0.265905	1.036975	1.269536	0.017287
1.614462	0.926930	0.719628	0.444170	0.265530	-0.592095	0.086841	1.056404	0.774448
1.299561	1.120412	1.185121	0.398220	-0.139044	-0.799095	0.117965	0.958192	0.359995
1.003729	0.331852	0.515107	-1.410327	0.070861	-0.317709	-0.069045	0.676981	1.049994
0.402907	0.539670	0.354464	-1.153585	0.544602	0.301753	0.478344	1.266249	1.035366
1.719932	0.812309	1.340303	-0.578750	0.362356	-0.673526	0.066082	0.593985	1.010009
1.019553	0.674990	0.970211	-0.997958	0.551739	0.264242	0.335323	0.281685	0.365103
1.339836	0.931617	0.995849	-0.944834	0.979737	0.391040	0.016533	0.690282	0.697914
1.607814	0.817570	0.849718	0.188225	-0.998183	-1.686541	-0.229181	0.177037	0.896857
1.693822	0.655590	1.320938	-0.218874	-0.691574	-1.347106	-0.280387	0.336941	0.582611
0.381601	0.938000	1.229615	-1.423606	0.736746	-0.152516	0.033912	0.731394	1.596879
1.425854	0.513257	1.393369	-1.433572	0.787392	-0.318996	0.727582	0.729251	0.796873
1.652913	0.202238	1.027680	-1.309194	0.473358	-0.240322	0.411037	0.816288	0.295607
1.013093	0.293605	1.438654	-1.506441	-0.154116	-0.795175	0.609869	1.078105	0.319259
1.166154	1.064081	0.880239	-0.200816	0.795699	0.504046	-0.299225	0.972559	0.753852
1.120555	-0.231804	0.993012	-0.475723	-0.080330	-1.113720	0.788819	0.858866	1.037533
1.457262	0.334452	1.510056	-0.544217	-0.076576	-0.990388	0.985894	0.793728	0.943303
1.599896	0.321213	1.051069	0.139557	0.108494	-0.737324	0.617966	0.937738	0.634606
1.275282	0.803772	1.179813	0.559744	-1.158058	-0.130122	-0.754562	0.021954	0.417499
1.358913	0.587291	1.824090	0.172917	0.829287	-0.027603	0.409439	0.369915	1.526765
0.981686	0.313561	0.058564	-0.024235	0.229101	0.381146	0.091694	1.043954	0.711522
0.646003	0.145329	0.817096	-0.465501	0.894344	-0.518096	0.915326	1.159019	0.734095
1.889266	0.676818	1.030578	-0.977835	-0.898852	-0.997488	0.121780	1.070443	0.977495
1.410406	0.290163	0.967152	-0.698605	0.327309	-0.456176	0.877194	1.036386	0.803372
0.691231	0.778659	0.711746	0.132446	1.008788	-0.191697	0.105479	1.054972	0.798853
0.805101	0.863828	1.061741	-1.186504	0.146146	-0.512703	-0.045251	0.556281	0.239455
0.500657	0.245653	0.513343	-0.266806	-0.019229	-0.267816	0.617763	1.252185	1.220379
1.048209	0.691316	1.322437	-0.706146	-0.618490	0.088914	0.132322	0.630293	-0.480496
0.971290	0.358258	1.238423	-0.340704	-0.407756	-0.045844	0.299930	0.416727	0.193529
1.312757	1.074573	1.009811	-0.272679	0.603781	-0.348855	-0.038517	0.789925	1.434949
0.262685	0.567927	0.927728	-0.232519	0.444625	-1.486881	0.154513	0.376155	0.953840
0.241144	0.600671	1.686218	-0.291166	0.398143	-1.288957	0.127169	0.437158	0.480781
0.685534	0.388481	1.578510	0.278902	0.164738	-0.521688	0.682072	1.431194	1.044539
1.171481	1.259436	1.834973	-0.256266	0.133903	-1.097752	0.299343	0.673572	0.536540
1.425111	0.273928	0.842640	-0.068441	0.424367	0.112771	0.316884	1.011484	1.856726
0.969236	0.440608	0.707264	0.616776	0.489179	0.328883	0.496072	1.179333	1.671509
1.325830	1.049816	1.060105	-1.456241	-0.046311	0.392203	-0.586971	0.645296	0.972471
0.902730	1.246008	0.154886	-0.483941	0.391946	-0.523941	0.085205	0.870544	1.630665
1.509449	1.276013	0.881425	-0.959654	0.317047	-0.876074	0.069379	0.478996	1.444958
1.112695	1.383103	0.738359	-0.669757	0.063741	-1.246028	-0.213479	0.381401	0.296194
1.809480	0.971564	0.848348	-1.474545	0.082953	-0.161074	0.240687	1.467069	1.123551
1.779884	0.590870	1.187023	-1.981316	0.378004	-0.434732	0.049326	1.281116	0.722578
1.106427	0.407558	0.530672	-1.525250	0.610807	0.251170	0.343419	1.041445	1.333297
1.061300	0.708009	0.931676	0.397842	-0.200329	-0.191015	0.236747	1.699398	1.701787
1.102642	0.591092	1.738411	0.064926	1.176827	0.391756	0.755847	0.558125	0.866419
1.175827	1.244640	1.289448	0.066620	0.974277	0.392494	0.235636	0.552218	0.861213
0.992975	0.888811	0.233042	-2.358067	0.384020	-0.875057	0.308407	0.920554	1.562499
0.570122	0.535057	0.335521	-1.927565	-0.067687	-0.794481	0.257641	1.358276	1.357607
1.349479	0.215794	1.927112	-0.874126	0.323485	0.071677	0.550487	0.628831	1.018371
0.320162	0.631549	0.960247	-0.782549	0.551847	-0.513095	0.904563	1.046443	1.601597
1.703293	0.988760	0.242327	-0.771392	-0.254754	-0.727241	-0.114448	1.103560	1.436456
1.250682	-0.268033	1.400597	-2.305696	0.327479	-0.262648	0.590219	0.606307	1.086345
0.560880	0.681454	0.146546	-0.460004	0.123583	-1.418120	-0.228315	0.866817	0.875746
0.292140	1.123711	1.348090	-0.357517	1.185359	-0.543969	0.271056	0.593803	0.708517
0.195529	1.211199	1.236641	-0.377175	0.791025	-0.323491	-0.358078	0.137615	1.074055
1.479159	1.071739	1.629321	-2.573633	-0.265831	-1.210736	-0.384137	0.242709	0.900411
1.690075	1.111293	1.476735	-2.086953	-0.872059	-0.966776	-0.646433	0.488471	1.243500
0.539695	1.069453	0.962756	-1.903573	-0.857669	-0.694896	-0.645533	0.568990	1.067586
1.516387	0.657448	1.301389	0.067963	-1.108407	-1.549882	-0.449482	-0.306002	0.190398
1.483581	0.823184	0.451627	-1.270880	-0.827881	-1.308901	-0.745838	0.717065	0.905456
1.283583	0.801720	0.816033	-2.587135	0.177495	-0.501143	-0.285486	0.661351	0.253030
0.714139	0.635701	1.372470	-0.511444	-1.059158	-1.012375	-0.198155	0.725051	0.604925
0.900038	-0.139829	1.150474	-0.491542	-0.356051	-0.341149	-0.109204	1.137877	0.613966
0.659079	-0.112235	1.290708	-0.053395	-0.089226	-0.791100	0.160959	0.509342	0.793246
1.628188	0.366984	1.182235	-0.563392	-0.414270	-0.962526	0.564429	1.079855	0.176653
0.824995	0.660224	0.176746	-1.292599	0.790852	0.317720	-0.489145	0.098586	0.586173
0.663211	0.699197	-0.005945	-0.978900	0.374950	0.270850	-0.801583	-0.587015	0.186122
0.705852	0.295720	1.417160	-1.429173	-0.232801	-0.898560	0.625830	0.705705	1.582256
1.121968	0.215153	0.989688	-1.131824	0.447287	-1.110562	0.441300	0.864014	1.806018
0.322028	0.881592	0.715553	-1.831211	-0.236311	-0.313395	-0.441482	0.616148	1.634903
0.463256	0.578508	1.921807	-0.822167	-0.356427	-1.249494	-0.067357	0.102398	0.734641
0.906135	0.972483	1.115359	-0.612533	0.053256	0.020401	-0.039768	1.070690	-0.152418
0.402695	0.791983	1.449612	-0.864852	0.566142	0.155448	0.468028	1.180148	1.310214
1.357078	0.852486	1.860808	0.091638	-0.297768	-0.812755	-0.116080	-0.049655	0.368901
1.796836	1.024085	1.729920	-0.336240	-0.030969	-1.578109	0.021302	-0.061080	0.555242
1.209304	0.052491	1.022245	-2.573623	0.625601	-0.442366	0.433458	1.480535	0.900837
1.768279	0.650066	0.775163	-1.862228	0.745268	-0.061590	0.685634	0.919055	1.503690
1.013095	0.385025	1.380430	-0.269208	0.219252	-0.771948	0.438371	0.156905	0.153305
1.536434	0.804314	1.354314	-0.902692	0.451696	-1.119984	0.186531	-0.158369	-0.032551
1.336282	0.914411	0.802083	-1.552512	-0.911660	-0.496302	-0.110709	1.344133	-0.089083
0.686364	0.412656	0.762157	-1.018540	-0.617851	-0.901026	0.533216	1.531500	0.510513
0.715111	0.756177	0.776828	-1.330185	0.747866	0.051938	0.704299	1.484048	0.087249
1.006632	1.025008	0.920135	-2.122339	-0.658309	-1.732797	-0.540626	0.394894	0.958312
1.604399	0.995129	0.761450	-0.343607	1.070630	-1.105520	-0.574461	0.478979	1.375111
1.500589	0.794794	0.787400	-0.746690	0.397773	-0.949073	-0.808226	1.304045	1.641955
1.615531	0.881579	1.530177	-0.687526	1.244090	0.009056	0.498710	0.869252	1.270781
0.965673	0.282201	1.135168	-2.216354	-0.011952	-0.912140	1.085496	1.442020	0.640341
0.116821	-0.051103	1.795736	-1.705607	0.311210	-1.041713	0.872397	0.062943	1.802468
-0.031865	0.892373	1.334748	-1.930708	-0.276517	-0.775207	0.132345	0.631544	0.897325
1.270715	0.794565	-0.152530	-0.746687	0.422020	-0.043345	-0.795425	1.304046	1.641955
1.890482	0.732790	-0.084106	-1.181813	0.620769	0.340961	-1.040419	0.067745	0.874797
