-1.516713	-1.270716	-0.805078	1.068447	0.805385	1.385956	1.021684	0.124183	-0.974128
-1.366846	-1.216144	-0.663311	1.026808	0.768297	1.384690	1.171122	0.127686	-0.907615
-1.159003	-1.165746	-0.475110	0.950966	0.370659	1.148543	0.768636	0.130465	-1.255930
-1.121399	-1.210805	-0.350867	1.138858	0.375730	0.971848	0.637098	0.136922	-1.240379
-0.340426	-1.331435	-0.272006	1.077771	0.951078	0.974994	0.406079	-0.103246	-0.527504
-0.289545	-1.317487	-0.497624	1.205995	0.992188	0.894598	0.263670	-0.175766	-0.541344
-1.020384	-0.548462	-0.309839	0.791452	0.980564	0.888745	0.630323	-0.070822	-0.577353
-0.933089	-0.708246	-0.280915	0.674077	0.853893	0.786808	0.573772	-0.242966	-0.604787
-1.604177	-0.771058	-0.333146	1.196071	0.783652	1.030777	0.127653	-0.169847	-0.575533
-1.777492	-0.705606	-0.253511	1.284324	0.556992	0.986045	0.175846	-0.271396	-0.689982
-1.428647	-0.801306	-0.837152	1.300436	0.782297	1.118768	0.332053	-0.033776	-0.810989
-1.398457	-0.741416	-0.666831	1.373407	1.002838	1.250489	0.196954	-0.129862	-0.847041
-1.420394	-0.864710	-0.394909	1.009056	0.736965	0.994899	0.351817	-0.418913	-0.652188
-1.301843	-0.724508	-0.183549	1.081210	0.659725	0.916125	0.433004	-0.485084	-0.818335
-0.087822	-0.974245	-0.048033	1.006359	0.805524	0.820916	0.471767	-0.220016	-0.528854
-0.315780	-0.947688	-0.041658	0.985201	0.892954	0.804574	0.215204	-0.108267	-0.572986
-1.457234	-1.407633	-0.285648	1.054974	0.865346	1.116967	0.643174	-0.233314	-0.977681
-1.466835	-1.429179	-0.157722	0.875136	0.654450	1.237775	0.685574	-0.093195	-1.088231
-0.710808	-0.523303	-0.564488	1.146834	0.692824	0.935498	0.579563	0.008920	-0.953845
-0.880091	-0.686534	-0.623507	0.972782	0.622720	0.887518	0.669070	-0.065571	-1.133414
-1.770239	-0.687850	-0.766461	0.785629	0.331688	0.859119	-0.002762	-0.596591	-0.515211
-1.764904	-0.712800	-0.859682	0.802944	0.548698	0.968199	-0.072970	-0.584924	-0.237831
-1.361106	-1.157899	-0.483321	0.998921	0.499847	0.977941	0.512811	0.027005	-0.853373
-1.260744	-0.934238	-0.432927	1.121753	0.595657	0.795734	0.591453	-0.100515	-0.754854
-0.888104	-0.863431	-0.838974	1.395303	0.315475	1.409760	0.268343	-0.121349	-1.000693
-0.999940	-0.800517	-0.879791	1.476791	0.330559	1.249745	0.375828	0.115010	-1.198803
-1.040853	-0.523733	-0.062823	1.289437	0.687684	0.874686	0.587136	-0.001774	-1.099082
-0.933331	-0.483337	-0.230116	1.116648	0.434181	0.813161	0.580199	0.108104	-1.180714
-1.451386	-0.623146	-0.143355	1.124108	0.606130	0.700520	0.260328	-0.436317	-0.193721
-1.235624	-0.516797	-0.258472	0.952329	0.730614	0.873156	0.309947	-0.347138	-0.153615
-1.845784	-0.225139	-0.328708	1.141446	0.098897	0.587228	0.306838	-0.420985	-0.348294
-1.856667	-0.250927	-0.308135	0.985726	0.333594	0.725194	0.157098	-0.275245	-0.224235
-1.239777	-1.456771	-0.127293	1.088557	0.448432	0.837780	0.542305	-0.221128	-0.839281
-1.233359	-1.249630	-0.027571	1.140766	0.641415	0.769608	0.573900	-0.349384	-1.051595
-1.864477	-0.756933	-0.470786	1.065018	0.861232	1.400025	1.165245	0.366777	-0.532799
-1.753514	-0.865106	-0.254567	0.882205	0.711305	1.371946	1.042273	0.334844	-0.402599
-0.304233	-0.491552	-0.058585	1.460996	0.382637	1.092626	0.094350	-0.326334	-1.023661
-0.153425	-0.252504	0.077504	1.344391	0.433399	0.903907	0.114602	-0.366473	-1.127197
-1.355281	-0.562820	-0.248940	0.975514	0.431516	0.850563	0.277137	-0.230266	-0.468015
-1.226143	-0.420193	-0.023588	0.935681	0.576590	0.884780	0.042236	-0.196975	-0.486805
-1.613321	-0.402200	-0.892130	1.260455	0.572384	0.842332	-0.230674	-0.834114	-0.866374
-1.399429	-0.324254	-0.917541	1.153109	0.326361	0.876973	-0.095438	-0.737962	-0.992569
-1.757357	-1.414941	-0.194836	1.332366	0.381179	0.648703	0.606259	-0.335273	-0.453516
-1.754737	-1.362795	-0.316865	1.479533	0.597565	0.766657	0.660267	-0.257080	-0.704688
-0.859421	-0.533029	-0.899590	1.135843	0.050940	0.845837	0.012557	-0.455533	-0.297262
-1.066828	-0.530200	-1.008392	1.249476	0.327320	0.964373	0.109193	-0.541871	-0.244409
-1.297804	-0.757434	-0.694788	0.799061	0.958783	1.080387	0.225590	-0.169037	-0.306885
-1.263061	-0.776991	-0.761397	0.783318	0.686681	0.868323	-0.002129	-0.195869	-0.332135
-1.757276	-0.707265	-0.291717	1.145413	0.631828	1.047976	0.479057	-0.212782	-0.924396
-1.580452	-0.757480	-0.436568	1.037650	0.796835	0.839586	0.444485	-0.090558	-0.763209
-0.968657	-0.552237	-0.237243	1.230380	0.834595	0.819449	-0.008705	-1.413917	0.082652
-0.691620	-0.408314	-0.160637	1.080417	1.048408	0.816312	0.106264	-1.417127	0.093501
-1.186348	-0.544296	-1.923089	1.097208	0.665465	0.855028	0.055554	-1.039268	-0.456168
-1.049775	-0.568466	-2.193724	1.087655	0.742900	0.917947	0.219943	-1.265780	-0.524197
-1.357624	-1.429211	-0.528754	1.549196	0.719406	1.269274	0.804120	0.125975	-1.282383
-1.290394	-1.298006	-0.390519	1.439988	0.439644	1.275025	1.025421	0.206636	-1.310300
-0.189173	-0.517661	0.705717	1.273870	0.414747	0.717236	0.113847	0.086599	-0.409653
-0.506754	-0.633794	0.631336	1.303898	0.569157	0.697395	0.013425	0.176308	-0.252857
-1.023721	-0.717411	-0.100724	0.995484	0.345477	0.925457	1.220252	0.209383	-1.088253
-0.900839	-1.080251	-0.225485	0.946178	0.425053	0.924297	1.118899	0.153101	-1.022968
-0.895145	-0.944285	-0.347594	0.596211	0.853033	0.814846	0.282955	-0.370485	-0.057630
-0.856655	-0.888048	-0.038870	0.739296	1.016708	0.735882	0.300106	-0.552886	0.002982
-1.751492	-1.014550	-0.771164	0.701699	0.471160	1.011868	0.490849	-0.063676	-0.579694
-1.706798	-1.087894	-0.989425	0.762692	0.561584	1.150527	0.810738	-0.100489	-0.530932
-1.614483	-0.906890	-0.673067	1.541549	0.478731	1.107756	0.129136	0.100721	-0.375141
-1.788675	-0.889771	-0.629856	1.298875	0.724169	0.934534	0.201713	0.029899	-0.400511
-0.885861	-0.721114	-0.576791	1.630048	0.086855	0.696724	0.744438	-0.076871	-1.184559
-0.721401	-0.745685	-0.630082	1.645399	-0.089645	0.439314	0.562180	-0.253453	-1.205048
-1.290098	-0.379635	-0.733283	1.269708	0.907437	1.191554	0.194557	-0.813238	-0.526195
-1.407064	-0.359443	-0.687140	1.241481	0.864597	0.807614	0.260833	-0.696258	-0.626205
-0.586223	-1.761061	-0.376102	0.968149	0.598761	0.840677	0.910553	-0.053660	-0.919014
-0.542096	-1.807211	-0.454506	0.838128	0.457106	0.895472	0.578970	-0.190237	-0.791760
-0.018342	-1.412660	-0.455574	1.033905	0.774728	1.004442	0.695904	-0.491674	-1.061352
-0.159584	-1.290387	-0.170355	1.093610	0.758739	0.842416	0.637073	-0.425813	-0.853897
-1.500089	-1.109585	-0.589517	0.847011	0.484288	0.840663	0.573127	0.321229	-1.318263
-1.454247	-0.902144	-0.501786	0.812514	0.439128	0.811701	0.701186	0.018966	-1.135984
-0.509052	-0.583066	-0.435811	1.192287	1.145362	0.880857	0.144389	-0.132561	-0.136229
-0.852178	-0.569517	-0.340591	1.204548	1.309097	0.807729	0.218914	-0.310694	-0.084924
-0.532824	-0.851713	-0.589806	1.333943	0.758470	0.782748	1.017902	-0.161355	-0.317132
-0.661522	-1.024130	-0.763366	1.555218	0.565630	0.822423	1.048584	-0.244788	-0.150259
-1.039093	-1.702725	-0.361959	1.203204	0.963496	0.902424	0.806973	-0.129252	-0.769146
-1.094176	-1.760100	-0.769809	1.316154	0.933671	0.932657	0.840981	-0.051225	-0.695308
-0.667711	-1.111777	-0.731616	1.175035	0.674197	0.813152	0.918370	0.092594	-0.395504
-0.487023	-1.175162	-0.783427	1.342027	0.649765	0.754804	0.715479	0.254675	-0.145074
-1.113899	-0.736083	-0.388140	1.290038	-0.305647	0.666934	-0.753987	-0.497631	-1.049131
-1.060189	-0.830768	-0.643715	1.147612	-0.351368	0.449112	-0.639932	-0.686817	-1.130254
-0.809494	-0.650318	-0.526883	1.684532	0.976889	1.133862	0.070022	-0.100260	-0.167980
-0.770635	-0.415860	-0.351579	1.792436	0.746483	1.078140	-0.077078	0.070090	-0.147812
-1.465870	-1.001295	-0.371209	0.811059	0.379551	0.915250	0.648717	-0.131480	-0.320471
-1.505156	-1.188536	-0.244867	0.959609	0.666867	0.801211	0.619102	-0.227232	-0.485800
-0.115028	-1.116459	-0.342755	1.413916	0.852230	0.993341	0.352066	-0.174321	-0.614927
-0.184550	-0.963155	-0.224946	1.573232	0.673731	1.303123	0.313283	-0.126352	-0.519067
-0.410448	-1.023199	-0.510184	1.713101	0.961170	0.808058	0.742892	0.120094	-0.276101
-0.411315	-0.649517	-0.428640	1.617328	0.994465	0.817670	0.852012	0.314463	-0.221307
-1.293032	-0.250725	-0.335882	1.105139	0.527872	0.862805	0.379515	-0.482412	-0.200531
-1.059507	-0.168341	-0.389663	1.023083	0.255070	0.841814	0.147301	-0.582687	-0.212776
-0.038977	-0.996278	-0.342818	1.283485	0.403349	0.977089	0.823404	0.036153	-0.888271
-0.010643	-0.824191	-0.329843	1.293480	0.444720	1.145097	0.461037	0.067265	-1.025958
-0.699808	-0.638371	-0.829954	1.077434	0.606864	0.834129	0.288215	-0.742642	-0.711351
-0.741874	-0.514188	-0.869962	0.819611	0.333057	0.846165	0.158125	-0.866425	-0.570672
-0.387055	-0.793176	-0.379901	1.436387	0.728404	0.949913	0.317294	-0.361303	-1.318762
-0.399881	-0.716462	-0.618301	1.550527	0.739549	0.797390	0.101716	-0.618115	-1.375562
-0.589535	-0.339311	-0.741612	1.724777	0.340412	0.828796	0.314558	-0.320995	-1.185364
-0.558437	-0.669678	-0.679381	1.576757	0.393412	1.073574	0.322093	-0.413879	-1.284176
-1.709129	-1.331983	-0.718830	1.369210	0.761505	1.383053	1.108356	0.343906	-0.608357
-1.615808	-1.369771	-0.799648	1.393796	0.807411	1.022642	0.994579	0.449665	-0.396469
-0.188275	-0.403090	-0.018757	1.178317	0.711745	0.829500	-0.067486	-0.553785	-0.947331
-0.335301	-0.549569	-0.226074	1.285399	0.683149	0.929112	0.170092	-0.770979	-0.864453
-1.523329	-0.714452	0.055885	1.240029	-0.493917	0.566175	-0.184283	-1.278689	-0.874713
-1.613712	-0.825561	-0.162063	1.423673	-0.319497	0.705139	0.006619	-1.410913	-0.753405
-0.977714	-1.693248	-0.351454	1.104197	0.336443	0.849511	0.868071	0.252847	-0.908530
-0.960280	-1.506023	-0.350606	1.105935	0.532464	1.033245	1.108915	0.033484	-0.827662
-1.459796	-0.764257	-0.378300	1.259243	0.802055	1.089580	0.697944	-0.439091	-0.696453
-1.571278	-0.994210	-0.143128	0.811512	0.213435	0.760368	0.593585	0.422829	-0.290160
-1.697787	-1.148017	-0.120244	0.826914	0.188321	0.941895	0.456492	0.729491	-0.103143
-1.347842	-0.760624	-0.851227	0.928918	0.507692	1.108788	0.922913	-0.233473	-1.271254
-1.470952	-1.008286	-0.704834	1.075995	0.651478	1.184581	0.859624	-0.173061	-1.009053
-0.397464	-0.819676	0.031912	0.941254	0.923266	0.754507	0.457617	-0.221284	-0.859590
-0.944491	-0.808215	-0.135298	1.494195	1.283073	1.115991	0.253636	-0.967155	-0.251592
-0.775441	-0.682165	-0.171227	1.306050	1.112847	0.819630	0.408179	-1.009062	-0.250802
-1.072078	-1.104457	-0.689311	0.603553	0.337990	1.029644	0.619841	-0.166997	-1.258069
-1.091165	-1.077523	-0.820568	0.427588	0.151029	0.755716	0.480884	-0.009314	-1.105530
-1.432443	-1.129837	-0.110554	0.795581	0.598275	0.808227	0.084606	-0.833236	-0.697336
-1.640845	-1.060978	-0.247415	0.868172	0.675896	0.910123	0.326620	-0.634094	-0.495754
-0.294145	-0.483971	0.478575	1.034932	0.548542	0.866014	0.473006	-0.023600	-0.345209
0.018110	-0.690290	0.475528	0.997862	0.486973	1.070004	0.287774	-0.030703	-0.263631
-1.298129	-0.562326	-0.521642	1.174273	0.740845	0.878939	0.116479	-0.082948	-1.232562
-1.130422	-0.598310	-0.467763	1.266753	1.117114	0.885527	0.103142	0.096443	-1.362317
-1.539835	-0.530807	-0.549890	1.365479	0.573197	0.894475	0.316013	-0.223665	-0.696775
-0.961908	-0.845397	-0.915398	1.307117	0.392121	0.800833	0.034106	-0.557888	-0.409173
-1.310155	-0.666133	-0.162017	1.753653	1.023022	0.864566	0.499051	0.069682	-0.826996
-1.400706	-0.808054	-0.537097	1.797695	1.026086	0.978866	0.546544	0.138248	-1.032115
-1.566414	-0.774195	-0.558236	1.285249	0.684837	0.820288	-0.204333	-0.661378	-0.983709
-1.684180	-0.566930	-0.830624	1.069705	0.623732	0.910390	-0.281435	-0.483267	-1.077471
-1.121088	-0.415733	-1.032928	1.357702	0.212908	0.813498	0.180658	-0.838910	-1.525970
-1.413870	-0.531987	-0.915799	1.346837	0.323616	0.881371	-0.075776	-1.035602	-1.487882
-1.519684	-0.889021	-1.338317	1.380915	0.726660	0.871720	0.061010	-0.345222	-0.427850
-1.344042	-0.604641	-1.306110	1.694973	0.624485	0.931264	0.072833	-0.311282	-0.330229
-1.165201	-1.449563	-0.687931	1.138019	1.135241	0.841878	0.786987	0.065168	-0.692266
-1.535510	-0.524797	-0.652977	1.347717	0.032011	0.713149	-0.084302	-0.980879	-1.800078
-1.318626	-0.354125	-0.647707	1.146247	-0.058588	0.722398	-0.119164	-1.213749	-1.557037
-0.038188	-1.206619	-0.629372	1.416664	0.887995	0.949873	0.392735	-0.137568	-1.043265
-0.309143	-1.470876	-0.642591	1.452974	1.087664	0.997137	0.623190	-0.135209	-1.038841
-1.795139	-0.888115	-0.492072	1.353762	0.916003	0.964322	0.627870	-0.229150	-1.052317
-1.618141	-1.024439	-0.240907	1.376590	0.843258	0.774533	0.628337	-0.521740	-1.029145
-1.037338	-0.950731	-0.365871	0.611425	0.656363	1.393426	0.641786	-0.437524	-1.155252
-0.783861	-0.843747	-0.506766	0.797559	0.529839	1.273785	0.377210	-0.538859	-1.126382
-0.214762	-0.580683	0.183464	1.250391	0.427842	1.013234	0.269429	-0.308338	-0.579026
-0.197803	-0.442372	0.175087	1.214452	0.535532	0.776926	0.136872	-0.012126	-0.359350
-0.369343	-1.524461	-0.413784	1.941538	1.312356	0.992886	0.889686	0.064935	-1.091582
-0.465276	-1.293030	-0.257092	1.923605	1.274817	1.058451	1.070585	-0.219760	-0.900536
-1.054873	-0.539825	-0.074840	1.133724	0.146836	0.636900	0.650763	-0.521704	-1.198112
-0.916552	-0.644945	-0.162776	1.372089	0.259343	0.694814	0.956848	-0.516370	-1.398645
-1.175855	-1.140103	-1.282043	0.986819	1.122416	1.014163	0.515530	-0.356929	-1.153125
-1.070683	-0.963020	-1.362146	1.046864	0.780571	1.101235	0.605856	-0.504791	-1.348201
-0.477472	-0.963567	-0.934422	1.387049	0.958025	1.155118	0.210224	-0.680997	-0.692114
-0.801729	-1.043760	-0.934692	1.452907	0.936371	0.835538	0.173296	-0.520268	-0.699269
-0.840853	-0.666848	-0.853344	1.722043	0.442112	0.750163	0.250779	-0.480454	-1.163519
-0.605392	-0.785919	-0.373703	1.147310	1.115087	0.907575	0.277364	-0.464071	-0.861161
-0.812114	-0.586782	-0.509249	1.267007	0.884793	0.870791	0.317902	-0.359973	-0.605868
-0.465431	-0.333079	-0.519524	1.437314	0.495022	0.968576	0.181206	-0.849814	-0.266055
-0.590531	-0.319085	-0.870128	1.270339	0.423444	0.939350	-0.038292	-0.879033	-0.427240
-0.715015	-0.914161	-0.309013	0.891216	0.902269	0.819026	0.606566	0.046524	-0.655832
-0.841162	-0.883532	-0.347627	0.662577	0.801768	0.799158	0.308770	-0.555549	-1.174551
-0.994837	-0.703653	-0.245871	0.933308	0.538765	0.767546	0.375014	-0.417540	-1.048503
-1.550695	-1.242488	-0.090786	1.133030	0.556479	1.166915	0.376203	-0.186857	-1.101454
-0.976436	-1.149329	-0.250442	1.338726	-0.018871	0.720364	0.551037	-0.516742	-1.220606
-0.908926	-1.289097	-0.228058	1.206001	0.072960	0.949940	0.341950	-0.281566	-1.002546
-0.640307	-0.475896	-0.154278	0.891877	0.254358	0.827006	0.376597	-0.458753	-1.769408
-0.391160	-0.518257	0.105041	1.100872	0.373727	0.795281	0.400489	-0.381840	-1.537888
-0.010131	0.177753	0.134829	1.634386	0.441944	0.652474	0.333710	-0.314274	-0.417224
-0.152300	-0.128928	0.089190	1.805579	0.637902	0.813631	0.485030	-0.182493	-0.447507
-0.783598	-0.537753	-0.420155	0.605028	-0.218028	0.868208	-0.060941	-0.952918	-0.496766
-1.004619	-0.521706	-0.715189	0.701639	-0.082612	0.790324	0.073848	-1.172743	-0.618634
-0.742485	-1.076298	-0.660978	1.008977	0.500979	0.789358	0.640447	-0.049877	0.047631
-0.340813	-0.883801	-0.817166	1.064341	0.524916	0.823618	0.573557	0.073492	0.123531
-1.623982	-0.945232	-1.103996	0.939955	0.496357	1.031113	0.477988	-0.185155	-0.773366
-0.949010	-0.862449	-0.197127	1.187375	0.948167	1.092796	0.529382	-0.106758	-0.440932
-0.597685	-0.560481	-0.211569	1.328241	0.916759	1.015042	0.625573	-0.166841	-0.455351
-0.771919	0.136405	-0.368565	1.195561	0.769294	1.025685	0.110052	-0.178111	-0.575544
-0.682261	-0.288488	-0.430411	1.112730	0.603232	0.969910	0.078846	-0.315099	-0.499333
-0.782241	-0.851617	-0.531178	1.451354	0.818688	0.971030	0.172585	-0.358654	-1.412177
-0.824559	-1.678126	-0.220856	1.106661	0.352501	1.072617	1.208033	0.395914	-1.014627
-0.947131	-0.711989	0.235292	0.768173	0.686406	0.851649	-0.002131	-0.195871	-0.332137
-0.927972	-0.690291	0.201726	0.834410	0.848485	0.672839	0.240721	-0.267530	0.026617
-1.592205	-0.878426	-0.304438	1.015520	0.203893	0.864004	0.233307	-0.749026	-0.599203
-1.664364	-0.953639	-0.170064	1.203312	-0.126020	0.732283	0.182107	-0.817036	-0.349528
-0.980744	-0.382550	-0.701008	1.197019	0.650064	0.860360	0.866247	0.166869	-0.927281
-0.587211	-1.579618	-0.593230	1.116447	0.749652	0.950050	0.598420	-0.124250	-0.650471
-0.470550	-1.482347	-0.253831	1.128563	1.017477	0.901843	0.683434	-0.311652	-0.744998
-0.415073	-0.842038	-0.227373	1.111022	0.704611	0.761660	0.863221	-0.207630	-0.974394
-0.583752	-1.097712	0.008421	1.293483	0.486605	0.786114	0.845642	-0.224578	-1.156083
-2.289598	-1.118900	-0.532375	0.533068	0.570037	1.030529	0.764220	-0.368755	-1.811399
-1.924755	-0.943577	-0.479024	0.722012	0.509130	0.965753	0.600149	-0.313290	-1.967460
-0.934012	-1.552792	-0.507751	1.158643	0.363110	0.918116	0.736304	-0.150456	-0.712711
-1.092331	-1.527099	-0.531239	1.459510	0.215842	0.728448	0.677422	0.124248	-0.602245
-0.511957	-0.656262	-0.419592	0.688618	0.661607	1.073710	0.376428	-0.001200	-0.514791
-0.349103	-0.362661	-0.342008	0.632888	0.597906	0.964213	0.340411	-0.279437	-0.736442
-0.944196	-1.096862	-0.331668	0.890283	0.650022	0.890739	0.818602	-0.176844	-0.537420
-0.782914	-1.315546	-0.436734	0.657624	0.887721	0.930622	0.687558	-0.052420	-0.730453
-1.989557	-1.259481	-0.656785	1.112372	1.119208	0.858919	0.574476	-0.051402	-0.747263
-1.812344	-1.235528	-0.252173	0.999599	1.119414	0.845254	0.645835	-0.241943	-0.611159
-1.780304	-0.253201	-0.436921	1.247470	0.315796	0.843245	0.581127	0.298363	-0.251802
-1.505901	-0.563520	-0.475849	1.022352	0.365178	0.763458	0.554487	0.115492	-0.296942
-0.919234	-0.921850	-0.606078	1.078076	0.180218	0.742784	0.918010	-0.165282	-1.148442
-0.694547	-0.871066	-0.433903	1.335575	0.257110	0.885972	0.810869	-0.448099	-1.193226
-0.641524	-0.978052	-0.738525	1.164598	0.728413	0.861540	0.514567	0.168853	-0.549753
-1.375620	-0.440645	0.058546	1.406998	0.103818	0.834782	0.158456	-0.804153	-1.221588
-1.223689	-0.391441	0.092700	1.156421	-0.048147	0.796888	0.220651	-0.417117	-1.153615
-1.677294	-0.617197	-1.264527	1.068442	0.418344	0.858402	0.163457	-0.694465	-1.060180
-1.573977	-0.531488	-0.958650	1.014216	0.226153	0.769348	0.166607	-0.737911	-1.393723
-0.745451	-0.691887	-0.423862	0.707568	0.042617	0.709733	-0.058970	-0.725405	-0.846785
-0.752151	-0.550452	-0.563897	0.736772	0.118862	0.700101	0.315933	-0.439246	-0.909536
-1.500102	-1.060385	-0.443812	1.512238	1.121895	1.332590	0.596729	-0.341031	-0.077971
-1.495132	-1.184971	-0.480704	1.092811	1.173187	1.438010	0.372491	-0.466790	-0.110986
-1.305522	-0.514445	-0.527763	1.286110	-0.314179	0.807468	-0.353906	-0.218366	-0.416749
-1.656723	-0.682434	-0.677703	1.271584	-0.219574	0.955719	-0.164813	-0.173005	-0.241040
-0.958681	-1.526558	-0.157296	1.287730	0.866345	1.269358	0.504813	-0.054238	-0.775044
-1.117513	-1.425657	-0.236093	1.008663	0.549505	1.379177	0.307536	-0.105269	-0.826397
-1.255050	-0.111069	-1.083470	1.318338	0.201463	0.722814	0.240991	-0.434102	-1.188547
-1.013076	-0.204126	-0.951904	1.585850	0.468555	0.739004	0.390441	-0.538806	-1.064376
-0.929429	-0.804123	-0.780490	0.714315	0.523462	0.652870	0.559559	-0.150488	-0.991997
-0.881413	-0.827433	-0.599472	0.671881	0.506998	0.966914	0.686901	-0.460598	-0.824047
-1.884128	-0.350226	-0.141298	0.780764	0.577570	0.972547	0.304477	-0.425433	-0.882168
-2.110263	-0.476775	-0.195266	0.664068	0.778028	0.855673	0.598275	-0.213644	-0.974098
-1.070967	-0.576521	-0.705054	0.792656	1.121450	0.881649	0.546589	-0.253438	-1.315056
-1.352991	-0.632696	-0.740065	0.661046	0.880878	1.094163	0.677160	-0.073096	-1.468530
-1.034321	-0.339402	-0.670810	1.039001	0.901119	0.809023	0.209681	-0.383027	-0.995813
-1.211911	-0.672567	-0.661468	0.959762	0.846964	0.920283	-0.069501	-0.456577	-1.168824
-1.092486	-0.521508	-0.191998	0.300410	0.573402	0.654000	0.390784	-0.122391	-1.977960
-1.434233	-0.530003	-0.151216	0.140048	0.415158	0.797251	0.255742	-0.283142	-2.188498
-0.820092	-0.574242	-0.369664	0.890809	0.723564	0.732703	0.336950	-0.670884	-1.508224
-0.626613	-0.681350	-0.204974	1.007602	0.680027	0.875879	0.074949	-0.962100	-1.625186
-1.820669	-1.169205	-1.197264	1.563141	0.630104	0.708043	0.013045	-0.106879	-0.786475
-1.525573	-0.908978	-0.958596	1.354628	0.661495	0.727818	0.146278	-0.036838	-0.791839
-0.513067	-0.340489	-0.860011	0.689122	0.078402	0.743292	0.145099	-0.685887	-0.853051
-0.247982	-0.396330	-0.983492	0.473842	0.118599	0.923736	0.104641	-1.017978	-0.861331
-1.332455	-0.789233	-0.685385	0.888511	0.860621	1.207869	1.020199	-0.011158	-0.385109
-1.432270	-0.791138	-0.637645	1.223112	1.087801	1.064661	0.761739	0.098697	-0.462959
-1.056361	-1.163606	-0.173251	1.373454	0.329884	0.835671	0.606948	0.123501	-1.102867
-1.307752	-1.218997	-0.669379	1.074130	0.903451	1.116248	0.674420	0.209560	-1.058710
-1.424356	-1.085755	-0.628055	1.033832	0.582519	0.874254	0.868203	0.403902	-0.956023
-1.624198	-1.147796	-0.199914	0.295320	0.898834	1.251714	0.295486	-0.050777	-0.289563
-1.354585	-1.123794	-0.104404	0.471356	1.119434	0.943286	0.413658	-0.130452	-0.367651
-0.660521	-1.169259	-0.349575	1.108526	0.606513	1.252575	1.197693	0.043550	-1.059613
-0.489014	-1.437263	-0.175764	1.136866	0.704611	1.245699	0.854234	-0.100236	-0.999460
-1.203477	-0.633460	-1.702429	0.939105	0.499818	0.904279	-0.193693	-0.903980	-0.842152
-1.550160	-0.680539	-1.566907	0.885153	0.449178	0.813073	-0.347206	-0.912664	-0.510186
0.531561	-0.473051	0.379947	1.249573	0.743256	1.018082	0.380953	-0.488611	-1.098096
0.496160	-0.676380	0.513895	0.949630	0.400508	0.932330	0.309373	-0.568992	-1.059145
-1.282903	-1.523700	-0.168971	1.179304	0.485818	0.778638	0.587298	-0.065259	-0.439458
-1.210312	-1.878562	-0.402837	0.942657	0.420023	0.781189	0.556886	-0.167086	-0.617495
-0.340995	-0.481487	-0.546581	0.537462	0.847947	1.003297	0.370390	-0.777235	-1.099062
-0.338589	-0.563769	-0.434513	0.769388	0.852554	0.796589	0.254302	-0.390063	-1.208131
-0.856692	-1.214311	-0.677331	0.648658	0.543146	0.827675	0.274558	-0.675779	-0.850346
-0.770114	-0.975218	-0.700054	0.617097	0.385125	0.829010	0.215917	-0.458063	-0.463801
-0.972952	-0.761158	-0.334823	0.847875	0.858958	0.904240	0.821666	-0.061161	-0.218951
-0.579820	-0.807695	-1.318043	1.097535	0.430382	0.907784	0.026909	-1.403990	-0.455031
-0.870440	-0.728153	-0.970956	1.040776	0.266541	0.873973	0.114207	-1.610317	-0.448007
-1.532289	-1.123610	-0.591771	1.191314	0.312813	1.008266	0.598677	-0.265120	-0.154892
-1.610246	-0.959405	-0.636024	1.343518	0.600415	1.026936	0.353435	-0.530274	-0.006876
-0.545160	-0.139279	-0.443463	1.107326	0.501412	0.672492	0.231180	0.035116	-0.026093
-0.512966	-0.354043	-0.496239	1.078327	0.593961	0.707205	0.529203	0.003364	-0.406945
-0.796923	-0.451303	0.033278	1.075153	0.728843	0.660229	0.232500	-0.151380	-0.244606
-1.536718	-0.455807	-0.852049	0.514586	0.016767	0.865580	0.092820	-1.481258	-1.237492
-1.442261	-0.391184	-0.869216	0.605873	0.119858	0.800128	-0.230944	-1.370045	-1.615025
-0.828541	-0.782022	-0.554642	1.335348	0.949992	0.900002	0.047787	-1.321018	-0.332179
-0.530705	-0.638942	-0.842382	1.487178	1.022122	0.966613	0.069034	-1.451190	-0.565583
-0.894081	-0.848544	-1.034146	1.494032	0.242751	0.805088	1.105655	0.027260	-1.264881
-1.157007	-0.660383	-0.889507	1.213462	0.287730	0.875532	0.991270	-0.124773	-1.042100
-1.419566	-1.230593	-0.682018	0.830977	1.241897	0.941381	0.493348	-0.232971	-0.843312
-1.384242	-1.468304	-0.579407	0.544714	0.981221	0.914801	0.580426	-0.363159	-1.075212
-0.408945	-1.224199	-0.561898	1.257171	0.239865	1.037011	1.041627	0.505158	-0.021958
-0.570594	-0.933675	-0.594576	1.117320	0.153336	0.844126	1.225039	0.210605	0.009728
-0.072186	-1.518890	-0.293780	1.197047	0.424449	0.953831	0.796779	-0.549201	-0.715409
-0.888498	-0.738234	-0.709133	1.548311	0.585551	0.926446	0.128726	-0.055497	-1.155530
-0.846021	-1.035706	-0.885076	1.502605	0.724460	0.871467	-0.140366	-0.329840	-1.089237
-0.912566	-1.351848	-0.431585	1.612451	0.406002	1.165728	0.626952	0.037299	-1.555558
-0.896378	-1.543510	-0.035000	1.450978	0.475390	1.394318	0.594587	0.019960	-1.416085
-1.109280	-0.142217	-1.279422	1.052707	0.579904	0.813918	-0.032566	-0.404366	-0.340634
-1.014826	-0.434928	-1.033708	0.912885	0.848815	0.856030	0.179320	-0.381088	-0.270066
-0.655898	-0.471696	-0.983056	1.718102	0.350968	1.042638	0.197251	-0.722543	-1.058061
-1.765833	-0.259339	-0.965056	0.954064	0.503697	0.792929	-0.328748	-0.925879	-1.168973
-0.922243	-1.003876	-0.356122	1.267946	1.121545	0.751314	0.119590	-0.896989	-0.396841
-1.005111	-0.871646	-0.732334	1.107859	0.908731	0.898057	0.176078	-0.776827	-0.237880
-1.058932	-1.240221	-0.243611	1.116591	0.538772	1.098845	0.591035	-0.632821	-1.026658
-0.784485	-1.102682	-0.121474	1.106176	0.644682	0.863650	0.278759	-0.507644	-1.139141
-0.950881	-0.499606	-0.317260	1.270193	0.423975	0.799151	0.186584	-1.969078	-1.730701
-0.950244	-0.174319	-0.266269	1.270175	0.197884	0.769918	-0.167881	-2.095556	-1.730701
-0.943726	-0.757609	-0.388276	1.293483	0.486795	0.788303	0.305794	-0.714379	-1.156177
-0.771972	-0.719530	-0.574367	1.385780	0.188016	0.783139	0.044274	-0.976412	-1.114670
-0.708528	-1.054929	0.274703	0.778042	0.536528	1.003299	0.564430	-0.048810	-1.295798
-0.626322	-1.187541	0.043621	0.734754	0.419316	0.764448	0.603957	-0.157170	-0.923637
-1.366026	-0.942538	-0.218473	1.777917	0.473292	0.948737	0.144709	-0.359642	-1.792814
-1.436205	-0.543545	-0.143114	1.810328	0.613244	0.786025	0.138329	-0.255014	-1.518502
-0.363248	-0.641929	0.007545	0.601046	0.985691	0.755938	0.202816	-0.484638	0.186125
-0.156248	-0.788046	0.039405	0.824827	1.057276	0.714366	0.491787	-0.190790	0.294940
-1.318401	-1.262514	-0.698966	0.883677	1.278140	0.863933	0.320865	-0.511785	-0.421516
-1.155056	-0.830992	-0.673280	1.052620	1.388484	1.035998	0.266077	-0.632330	-0.356264
-0.827611	-0.574812	-0.474754	0.899645	0.085182	0.627937	0.155513	-0.107865	-1.436314
-0.827735	-0.270299	-0.602347	0.930956	0.105702	0.942486	0.095058	-0.147170	-1.134387
-1.569434	-0.943365	-0.696737	1.195815	0.315575	0.933333	0.622798	-0.066969	-1.037080
-1.534422	-0.776816	-1.098179	1.666484	0.593828	0.807339	-0.172149	-0.795869	-0.137144
-1.424464	-0.671098	-1.123177	1.415650	0.607138	0.891904	-0.315849	-1.098630	-0.454439
-1.193157	-0.819122	-0.543865	0.915716	0.802839	0.776266	0.531835	0.110013	-1.186818
-0.936070	-1.274840	-0.789243	1.462250	0.254870	1.327134	0.348749	0.145342	-1.344176
-1.137355	-1.274703	-0.690496	1.343313	0.094541	1.154623	0.750761	0.043761	-1.215580
-0.437315	-0.861079	-0.400981	1.071334	0.545313	0.755916	0.446199	-1.046733	-1.230918
-0.576793	-0.796699	-0.584556	0.985598	0.498650	0.791554	0.717013	-0.705603	-1.004112
-1.206277	-0.407350	-1.133288	1.446023	0.695500	0.911443	0.019528	-0.993967	-1.373845
-1.465493	-0.677399	-0.138833	0.812925	0.900337	0.696871	0.282594	-0.320579	-0.721653
-1.532991	-0.571661	-0.100798	0.827330	0.915120	0.831263	0.020589	-0.454237	-0.288252
-1.469671	-0.927647	-0.986198	0.587684	0.860242	1.098128	0.213784	0.082167	-0.372505
-0.953443	-0.985832	-1.158729	1.124340	0.776057	1.257092	0.472846	-0.093954	0.164805
-0.760037	-1.102737	-1.286975	1.131068	0.941494	0.863837	0.434970	-0.121990	-0.086184
-1.459890	-1.191836	-0.600806	0.982498	1.285339	1.213779	0.686016	0.009603	0.052823
-1.480618	-1.036748	-0.510040	1.048240	0.930124	0.971023	0.711157	0.181411	0.303277
-1.438714	-1.404397	-0.354087	0.913326	0.690382	0.916440	0.835672	-0.143065	-0.103635
-1.725161	-0.909896	-0.180628	0.915213	0.403454	0.843325	0.104268	-0.308937	-1.840143
-2.053435	-0.982443	-0.158980	1.030774	0.230737	0.764695	0.361196	-0.096871	-2.045365
-1.671704	-0.140073	-1.344052	1.727566	0.486269	0.973881	0.043874	-0.007282	-0.535651
-1.824973	-0.234134	-1.556663	2.011943	0.249942	0.710744	0.094663	-0.082676	-0.378826
-0.870505	-0.092553	-0.330117	0.774745	0.448916	0.848366	0.001855	-1.302100	-1.435084
-0.925424	-0.182121	-0.665295	0.773011	0.789368	0.682564	-0.066435	-1.087491	-1.452245
-0.688487	-0.325368	0.433156	0.942959	0.757834	0.690215	0.190599	-0.819652	-0.768696
-0.862867	-0.175385	0.023744	1.022292	0.626003	0.760687	0.092736	-0.813028	-0.522844
-1.377069	-1.075564	-0.645213	0.886691	0.256119	0.749742	0.036027	-0.009182	-0.593831
-1.442799	-0.718627	-0.660645	0.933497	0.139971	1.019915	0.314977	0.141308	-0.572817
-1.576292	-1.307613	-0.837027	1.547379	0.404157	1.139673	0.137591	-0.617035	-1.137635
-1.842899	-1.213480	-0.980199	1.764042	0.711019	1.034473	0.205064	-0.524532	-1.374890
-0.508682	-1.278582	-0.984022	1.686336	0.853166	0.901708	0.659891	0.112925	-0.880288
-0.742280	-1.228117	-0.645151	1.375103	0.651476	0.907523	0.673575	0.144726	-0.989222
-1.763174	-0.889411	-0.727094	0.775597	0.601927	1.253068	0.679147	-0.036330	-1.084143
-0.927155	-1.222273	-0.057415	1.340695	0.813399	1.049603	0.811979	-0.001977	-0.940174
-0.730522	-1.053291	-0.120744	1.438532	0.721918	1.051815	1.194983	-0.023609	-0.645346
-1.682725	-0.697478	-1.058052	0.737308	0.156854	0.929484	0.114099	-0.256962	-0.386323
-0.930022	-1.189689	-0.667624	0.864544	0.313743	0.786845	0.498337	-0.172370	-1.502864
-1.252552	-1.080386	-0.514540	0.831609	0.442276	0.897478	0.879161	-0.256855	-1.561940
-0.878421	-1.645201	-0.772351	1.757135	0.716768	1.424589	0.705087	0.207615	-0.833350
-0.758111	-1.963257	-0.581500	1.599905	0.607658	1.267063	0.767920	-0.050980	-1.039053
-0.666004	-0.859884	-0.391962	1.261615	0.553636	0.961854	0.703678	-0.125581	-0.610113
-0.982088	-1.104615	-1.224347	0.739196	0.305251	0.773177	0.043824	-0.761847	-0.493546
-1.096973	-0.887514	-1.215471	1.099453	0.450272	0.751514	0.051610	-1.006887	-0.728127
-1.595175	-0.574464	-0.421671	1.600595	0.198378	0.950268	0.101408	-0.215258	-1.036661
-1.461743	-0.766212	-0.444454	1.249082	0.268209	1.153624	0.169569	-0.416760	-0.798496
-0.691633	-0.446332	-0.394716	1.570787	0.858888	0.806143	0.091949	-0.700380	-0.242047
-0.462713	-0.713632	-0.328641	1.583352	0.844871	0.872688	0.421664	-0.415239	-0.175335
-1.875131	-0.442944	-0.234989	1.207883	0.767997	0.809005	0.455616	-0.360305	-0.591977
-0.635852	-1.238367	0.204420	0.950254	0.294155	0.787921	0.472828	-0.311825	-1.838662
-0.858497	-1.179985	0.029089	1.269229	0.393687	0.859231	0.291721	-0.471189	-1.575843
-1.363921	-1.372504	-0.653005	1.015412	-0.301287	0.745654	-0.033306	-0.916345	-0.146022
-1.068194	-0.959571	-0.549124	1.124431	-0.294429	0.775120	0.138864	-0.814405	-0.229938
-0.500419	-0.452059	-0.792706	0.886792	0.658644	0.878776	0.251399	-1.082471	-0.939864
-1.176544	-0.422822	-0.712295	1.302671	1.252461	0.854345	0.090121	-1.013294	-0.654169
-0.922437	-1.206897	-0.424597	1.433919	0.908417	0.889869	0.764838	-0.571564	-0.467192
-0.839838	-1.447318	-0.613762	1.666489	0.811282	0.915172	0.771842	-0.164295	-0.533569
-1.006521	-1.207429	-0.613780	1.084924	0.650886	1.110647	0.534981	-0.114778	-0.483315
-1.214981	-0.923988	-0.941620	0.987304	0.537993	1.022749	0.430452	0.129430	-0.543414
-0.908228	-0.899158	0.031949	1.017918	0.762271	0.839161	0.384370	-0.133030	-0.881962
-0.988117	-0.847214	-0.104568	0.887221	1.168716	1.116869	0.427215	0.059604	-0.981099
-0.251098	-0.958588	-0.078388	1.020053	0.368047	0.775586	-0.128170	-0.419927	-0.238766
-0.520365	-0.897099	-0.141312	0.674299	0.502198	0.724570	0.063487	-0.275945	0.003762
-1.857309	-1.010483	-0.371262	1.918615	0.530740	0.961724	0.446416	0.226859	-1.355028
-1.890894	-0.925937	-0.423403	2.059719	0.504683	0.992758	0.817415	-0.075738	-1.079760
-0.903615	-0.175414	-1.529108	0.877669	0.267861	0.894791	0.163063	-1.104485	-1.477696
-0.602178	-0.377044	-1.279460	0.862130	0.598604	0.891691	0.017919	-1.048416	-1.375346
-0.861276	-1.270754	-0.103911	1.532451	0.206395	0.857995	0.415467	-0.781671	-1.142338
-1.652896	-0.722493	-0.055913	1.094613	0.481380	0.907348	0.025239	-0.879627	-0.812869
-1.740362	-0.619829	-0.208769	1.272398	0.800876	1.258409	-0.014973	-1.075116	-0.831653
-1.334290	-0.397692	-0.740524	1.695399	-0.225378	0.863732	-0.330395	-0.775720	-1.311377
-0.900831	-0.431807	-0.736258	1.529020	-0.505151	0.814518	-0.205748	-0.926816	-1.377131
-1.728455	-0.693655	-0.245313	1.055469	0.869939	1.244493	0.526799	-0.425577	-0.459262
-1.106194	-0.102525	-1.204509	0.808750	0.608087	1.082874	0.949891	-0.200384	-2.566540
-0.560001	0.107871	-1.202655	0.808750	0.608086	1.047345	0.934161	-0.200384	-2.566540
-1.349347	-0.509422	-0.574743	1.409079	0.473996	0.745132	0.010668	-0.795561	-0.379792
-1.501722	-0.544917	-0.408539	1.316514	0.258263	0.960453	-0.256374	-1.137486	-0.443484
0.176706	-0.715124	-0.161006	1.882025	0.231887	0.815129	0.480046	0.050387	-0.601856
-0.055554	-0.573870	0.196023	1.864501	0.080513	1.103771	0.424466	-0.135823	-0.618221
-0.841303	-0.238441	-0.832791	1.162252	-0.249302	0.782789	-0.059507	-0.615063	-0.233485
-1.079801	-0.078488	-0.811980	1.161752	-0.096553	0.991984	0.026945	-0.195987	-0.118055
-1.278740	-0.892978	-0.229793	0.302200	0.670047	0.753069	0.226146	-0.138566	-0.558797
-1.414398	-0.890995	-0.059315	0.551429	0.666990	0.914299	0.607195	-0.002332	-0.776787
-1.763153	-1.012683	-0.877518	0.945078	0.415572	0.861030	0.534540	0.236893	-0.321624
-1.652657	-1.100979	-1.268392	1.122838	0.225950	0.679843	0.655219	0.329349	-0.551875
-1.358202	-0.562135	-0.338196	1.247364	0.880563	0.797881	0.899298	-0.037751	-0.031491
-1.523281	-0.625109	-0.359745	1.105071	0.716402	0.776412	0.488628	-0.084021	0.283925
-1.688192	-0.941402	-0.245160	0.599066	-0.050899	0.613206	0.212908	-0.358129	-1.459021
-1.758998	-0.836794	-0.366164	0.536890	-0.029028	0.691596	0.239161	-0.045178	-1.917558
-1.232959	-0.577155	-0.901425	1.207756	0.266650	0.670704	0.281571	0.184408	0.268256
-1.307041	-0.615725	-0.797706	1.406897	0.417994	0.689079	0.550601	0.033320	-0.149283
-0.575021	-0.435144	-0.533335	1.822225	0.894346	1.226168	0.262315	-0.318978	-1.034406
-0.336252	-0.350998	-0.541164	1.500844	0.955012	1.013881	-0.011754	-0.289908	-1.278572
-1.300679	-0.905175	-0.418504	1.907148	0.920511	0.712496	0.377509	-0.268611	-0.754886
-1.358479	-0.459561	-0.172379	1.358440	0.010696	0.778619	0.233402	-0.373781	-1.583238
-1.040343	-0.508450	-0.669454	1.469817	0.686742	0.833714	0.604709	-0.543990	-0.521107
-1.098648	-0.370067	-0.436825	1.414731	0.435197	0.795770	0.679219	-0.750563	-0.929430
-1.502902	-1.296724	-0.288049	1.562365	0.760411	0.933051	0.589036	0.244722	-1.297995
-1.571663	-1.244695	-0.470896	1.337978	0.715522	0.686860	0.525370	-0.177516	-1.452108
-0.392987	-0.557507	0.426962	1.055692	0.850641	0.745846	0.204096	-0.236967	-0.613053
-0.096299	-0.266525	0.267771	0.753311	0.804475	0.587240	0.389687	-0.218084	-0.722254
-1.883869	-0.762462	-0.719833	1.433732	0.437058	1.024431	0.604848	0.123600	-0.762719
-2.011077	-0.992945	-0.974320	1.215225	0.407524	1.065995	0.882515	0.372294	-0.559221
-0.198781	-0.310702	-0.108774	1.056035	0.156549	0.647558	0.221810	-0.486079	-1.924770
-1.032436	-0.597397	-0.715591	0.762506	1.057866	0.739199	0.509231	0.000045	-0.594921
-1.704978	-0.588338	-0.938314	1.725966	0.705891	1.247849	0.232697	-0.009999	-0.928105
-1.509288	-0.642383	-1.027341	1.690770	0.663057	0.788828	0.483187	-0.175549	-1.044704
-1.862092	-1.510789	-0.457316	1.263146	0.821692	0.774554	0.795007	0.073664	-0.775074
-1.487677	-0.767584	-1.136858	1.073975	0.675847	1.284443	0.098412	0.048536	-0.717092
-1.166078	-0.412427	-1.433169	0.917402	0.179359	0.624158	0.159731	-0.619578	-1.467699
-1.139005	-0.012207	-1.290139	0.930042	0.530048	0.859087	0.247604	-0.668341	-1.442589
-0.276676	-1.734282	-0.638507	1.238431	0.671732	0.737872	1.075764	0.051656	-1.094897
-0.231393	-1.584206	-0.489695	1.152820	0.233557	1.028647	0.988735	-0.130019	-1.126549
-1.286019	-0.909121	-0.131004	0.690823	1.430494	0.937429	0.831409	0.092254	-0.401312
-1.286845	-0.828821	-0.184913	0.896740	1.065901	0.877204	0.602104	0.378778	-0.623522
-0.862466	-0.352183	-0.848325	1.333799	0.102382	0.571852	0.613691	-0.102224	-1.103707
-0.803926	-1.438274	-0.254582	0.929000	0.241764	0.825058	0.853838	0.064254	-1.264704
-1.486559	-1.558209	-0.708889	1.463416	1.096106	0.873134	0.660386	-0.217200	-0.823614
-1.004673	-0.160722	-0.560596	0.905077	0.910433	0.968944	0.672903	-0.680455	-1.444584
-1.203885	-0.417909	-0.383681	0.869452	0.639375	0.746964	0.533702	-0.793031	-1.155105
-1.906966	-1.610885	-0.348953	0.945551	0.677487	0.919015	0.431822	-0.579109	-0.412609
-1.977485	-1.468855	-0.511111	0.795654	0.854641	0.783106	0.158524	-0.517705	0.006045
-0.992426	-0.690291	-0.815479	1.145501	1.131168	0.852144	0.240721	-0.267530	0.026617
-0.977082	-1.140318	-0.979588	0.696006	0.850500	0.892913	0.182154	-0.294207	-0.383165
-1.199878	-0.926123	-1.017207	0.526313	0.969879	0.964837	0.185312	-0.377610	-0.861936
-0.448219	-1.413858	-0.160619	1.011674	0.847742	1.168195	0.706656	-0.172989	-0.309792
-2.407251	-0.532158	-0.389207	1.359276	0.941391	0.892803	0.488163	-0.188882	-0.623370
-2.157253	-0.612702	-0.640454	1.090410	0.646358	0.727826	0.500318	-0.033933	-0.426691
-0.316009	-1.051307	-0.784659	1.561558	0.715378	1.043064	0.204245	-0.280926	-0.537806
-1.457198	-1.525551	-0.461291	1.252181	0.511409	1.342983	1.130497	0.367530	-0.761935
-0.957843	-0.807543	-0.571403	1.501624	0.387674	0.870049	1.241889	-0.460421	-1.214166
-0.855659	-0.728358	-1.328221	0.805957	0.338928	0.999980	0.037031	-0.331102	-0.008295
-0.826963	-0.698410	-1.536770	1.039860	0.004566	0.830947	-0.105318	-0.682381	-0.084148
0.841465	-0.826538	0.046018	1.041302	0.450424	0.920734	0.091012	-0.573753	-0.570662
0.921194	-0.967771	0.048219	1.125902	0.345813	0.832098	0.108928	-0.799400	-1.105945
-0.889847	-0.463397	-1.161708	1.394533	0.066038	1.051666	-0.324240	-1.255568	-1.000696
-0.789527	-0.399310	-1.225738	1.201881	0.118474	0.764036	-0.160140	-1.610682	-0.689962
-0.568921	-0.302860	-0.164528	0.870118	0.909431	0.775503	0.405632	0.035688	-0.662815
-0.644472	-0.732454	-1.256109	0.802101	0.568583	0.765429	0.015184	-0.784578	-0.756755
-1.134598	-0.774095	0.180513	0.653521	-0.009628	1.252502	0.239277	-0.245807	-1.100909
-1.195067	-0.753506	-0.076841	0.746397	-0.249437	0.936586	0.107306	-0.265569	-1.471429
-0.403379	-0.704225	0.005192	1.380496	0.526692	0.745192	0.100690	-0.861112	-1.768290
-0.534369	-1.083624	-0.161841	1.528280	0.706603	1.101583	0.036509	-0.749831	-1.850811
-1.404373	-0.399712	-0.143033	1.123920	0.253389	0.380839	0.260253	-0.436551	-0.193787
-1.205103	-0.390219	-1.415487	1.197975	1.064213	0.819124	0.105508	-0.451885	-1.390274
-1.595900	-0.843114	-1.494462	1.193084	1.097401	0.811196	0.205824	-0.583953	-1.435332
-0.889432	-0.490756	-1.026607	1.100043	0.390737	1.046507	-0.245087	-0.146206	0.521621
-0.915218	-0.521292	-1.071307	1.404168	-0.099752	1.018229	-0.458802	-0.203294	0.427469
-1.792167	-1.031592	-0.297766	1.284448	-0.703927	0.742981	0.065345	-1.240779	-0.653075
-1.392097	-0.915434	-1.274831	1.604587	-0.154749	0.742791	0.238094	-0.293675	-0.741165
-1.110401	-0.581875	-1.046801	1.822528	-0.099400	0.816881	-0.020967	-0.445135	-0.653067
-0.908004	-0.247311	-0.563320	1.598350	0.231060	1.029196	0.345242	0.114515	-0.216810
-0.957198	-0.298186	-0.335479	1.470102	0.532570	1.335618	0.711234	0.085673	-0.285200
0.137522	-1.124556	0.204804	0.851364	0.734077	0.709114	0.374874	-0.107149	-0.484706
-0.985592	-1.526815	-0.875280	1.487358	0.895078	1.166251	0.820694	-0.026011	-1.119628
-0.581415	-0.937558	-0.507897	1.728146	0.271988	1.061076	0.743457	0.188449	-1.173917
-0.487570	-0.806471	-0.563683	1.287944	0.149855	0.986467	0.769776	0.051590	-1.545795
-0.389880	-0.705336	-0.464840	1.023718	0.575989	1.156259	0.941266	-0.154089	-1.000910
-0.256380	-0.927275	-0.872753	1.170126	0.406637	0.972515	1.127945	-0.000538	-0.841750
-0.463957	-0.125650	-0.887124	0.994273	0.346024	0.692017	0.157256	-1.039832	-0.645535
-0.684775	-0.234030	-0.689492	1.654468	0.701982	0.911858	0.250659	0.032784	-0.565363
-0.431968	-0.293339	-0.700283	1.721171	0.472212	0.700843	0.171584	-0.426316	-0.440209
-0.285570	-0.734316	-0.456617	1.655312	0.492333	0.539978	0.742544	0.120064	-0.276106
-1.706752	-1.103683	-0.182489	1.000932	0.897021	0.907769	0.743324	-0.225755	-1.413166
-1.596433	-0.646164	-0.450005	0.833060	0.890545	0.793578	0.658122	-0.156669	-1.649633
-0.231992	-0.800573	0.399761	1.052618	1.382204	0.991459	0.265418	-0.634065	-0.356264
-0.059224	-0.769125	0.604962	1.493148	1.282722	1.042164	0.253251	-0.969219	-0.251886
-1.001082	-1.451835	-1.106001	0.908744	0.407661	0.980897	0.230194	-0.480858	-1.065750
-1.240816	-1.399348	-0.716659	0.818588	0.228072	1.088118	0.136189	-0.811687	-0.919349
-0.143939	-0.394265	0.281195	1.058763	0.502021	0.884731	0.418378	-0.363397	0.223699
-0.074915	-0.273811	-0.065602	1.133777	0.859737	0.571068	0.259015	-0.359925	0.307603
-1.052933	-0.956476	-0.582169	1.080517	0.406046	0.666333	0.829506	-0.462725	-0.233139
-1.274781	-0.954092	-0.321329	1.135862	0.138023	0.932844	0.808185	-0.133525	-0.416857
-1.268924	-0.631869	-0.943046	1.783722	-0.348032	0.775330	-0.211898	-1.273612	-0.352430
-0.801915	-0.606306	-0.647364	1.681226	-0.303527	0.722507	-0.016789	-1.124656	-0.192430
-0.813046	-0.955114	-0.838229	0.953023	0.841133	0.748910	0.074454	-1.180273	-0.410435
-1.068736	-0.649249	-0.828975	0.682273	-0.129668	0.943572	0.025310	-0.042354	-0.153736
-1.112345	-0.544858	-0.605570	0.836643	-0.080632	0.782461	-0.061219	-0.084654	-0.687869
-0.629082	-1.212204	-0.120316	1.119183	0.621025	0.757950	0.464276	-0.792535	-1.929984
-0.370703	-0.953219	-0.257708	1.038199	0.670904	0.776412	0.164358	-0.675686	-2.309400
-1.334801	-0.752042	-0.897517	0.587191	0.502222	0.874861	0.818687	-0.412185	-1.705879
-1.688738	-1.139793	-0.890164	0.458086	0.718824	0.790740	0.947246	-0.290482	-1.520982
-1.415748	-0.884475	-0.497574	1.119750	1.186388	0.767433	0.331312	0.125979	0.051873
-1.416573	-0.573509	-0.095413	1.191704	0.402711	0.817584	0.458885	0.198679	-0.618181
-1.430141	-0.396163	-0.896537	1.529954	0.752580	0.830816	0.138591	-0.990579	-0.908357
-2.139429	-1.103138	-0.186469	1.510450	0.789130	1.198406	0.670918	0.173185	-0.535935
-2.468506	-0.916088	-0.169312	1.678445	0.983182	1.188813	1.095538	0.134317	-0.385066
-1.722856	-0.787707	-1.041761	0.668492	0.087239	0.673305	-0.149193	-0.840824	-0.401912
-1.062287	-0.941911	-1.228982	1.256142	-0.239405	0.745097	-0.186792	-0.354857	-0.828358
-0.858332	-0.792488	-1.188877	1.421698	-0.729576	0.756859	-0.275240	-0.151451	-1.006516
-1.142566	-0.591160	-0.596374	0.982924	-0.191081	0.705498	-0.630319	-0.331033	-0.704181
-1.089620	-0.674039	-0.398891	1.178886	0.472138	1.048686	0.172612	0.155246	-0.329941
-1.063678	-0.776244	-0.324782	1.539394	0.503189	0.801719	0.211619	-0.210871	-0.597687
0.277800	-0.838494	-0.355215	1.104232	0.299664	0.748865	0.858367	0.296133	-1.069562
-1.118111	-0.830906	-0.153616	0.914748	1.212701	1.174161	0.660656	0.437847	-0.108933
-1.317732	-0.912626	-0.954872	0.928174	-0.000305	0.660980	0.459177	0.067028	-0.320474
-0.944638	-0.798774	-1.532623	1.043358	1.420035	1.183886	0.863076	0.322730	-0.962464
-1.205103	-1.010827	-1.362058	1.198014	1.152112	1.082027	0.855996	0.200297	-1.359541
-0.863923	-0.117200	-1.198383	0.950089	0.707231	0.698500	0.089998	-0.787005	-0.667227
-0.969844	-0.263148	-1.478034	1.450892	0.703801	0.845100	0.089382	-0.671902	-0.510463
-1.308605	-0.450366	-1.018298	1.214510	0.537260	0.779013	0.137370	-0.011790	-0.358962
-1.218932	-0.388616	-2.062807	0.820410	0.483421	0.996538	-0.296544	-1.124556	-0.368716
-1.353949	-0.486163	-1.119188	1.017647	0.420876	1.431481	0.091947	-0.068484	-1.494772
-1.673205	-0.397359	-1.221626	0.993751	0.725046	1.344072	0.273336	0.206379	-1.187449
-1.119524	-1.918653	-0.393549	1.488951	0.521486	0.847583	0.652811	-0.154478	-0.909070
-0.810180	-1.856244	-0.890411	1.582301	0.490965	0.746406	0.610653	0.036617	-0.768912
-1.388651	-1.123598	-0.203021	1.590344	0.938820	1.279735	0.736682	-0.031524	-0.570569
-1.009535	-1.179284	-0.243297	2.004347	0.831492	1.447454	0.573300	0.154384	-0.646923
-1.825007	-0.821644	-1.577558	0.994385	0.664792	0.914882	0.610754	0.242566	-0.729057
-2.082613	-0.841651	-1.899741	0.914839	0.904657	0.940548	0.725969	0.334581	-0.315580
-0.864817	-0.943103	-1.209244	1.295827	1.029106	0.693907	0.197176	-0.808595	-0.980005
-1.764216	-0.843542	-0.967222	1.252586	1.087262	0.771525	0.149830	-1.298715	-0.331934
-1.489001	-0.620506	-0.955722	1.196793	1.222445	1.215423	-0.095943	-1.428851	-0.240916
-1.495255	-0.712892	-1.107004	1.355289	0.505334	1.144400	0.585244	0.331124	-0.584719
-1.562322	-1.066994	-1.336171	1.654195	0.600174	1.430682	0.798296	0.371498	-0.435384
-0.926589	-0.940988	-0.489138	1.114129	1.027108	0.868327	0.448159	0.260704	-0.849688
-0.560080	-0.671540	-0.696095	1.060191	0.377875	0.757981	0.202939	-1.026542	-1.634212
-1.734051	-1.374713	-0.039186	0.834792	0.307700	0.917541	0.829725	-0.192489	-0.735159
-1.812902	-1.649511	-0.505679	1.011354	0.322140	1.072771	0.986668	0.035032	-0.666288
-0.936927	-0.944809	-0.864344	1.387421	0.827116	0.856401	0.876318	-0.047628	-0.653156
-1.034689	-0.625950	-0.870745	1.265231	0.104625	1.098736	0.042659	-0.362810	-1.194180
-1.645781	-0.947690	-0.246854	1.206153	-0.024290	0.768152	-0.259534	-1.133271	-0.610772
-1.181027	-0.851990	-0.403947	1.266955	0.247006	0.750127	1.101734	-0.110962	-1.530321
-0.766867	0.293228	-0.662472	1.024376	0.489946	0.900606	-0.142846	-1.255491	-0.588909
-0.612208	-0.003885	-0.510807	1.010381	0.125997	0.863381	-0.096443	-1.274041	-1.003996
-0.618967	-0.456324	-1.370689	0.985672	0.720098	1.041619	0.904771	-0.063570	-1.079497
-0.295142	-0.574188	-1.394185	1.080759	0.469539	0.926065	0.599714	0.320683	-1.055428
-1.993213	-1.499564	-0.397428	1.067590	0.038965	0.733155	0.699592	-0.094667	-0.954515
-0.299735	-0.905408	-0.595805	0.924774	0.877241	0.801943	1.189028	0.171533	-0.923462
-0.973423	-0.400614	-0.465676	0.820369	0.536583	0.809812	-0.055602	-1.127961	-0.538096
-1.183630	-0.430955	0.049452	0.981063	0.454262	0.960503	0.095623	-1.275434	-0.345549
-1.963510	-1.819059	-1.123075	1.082299	0.801032	0.892725	0.512386	0.295691	-0.399189
-1.952941	-1.507942	-0.846601	1.378051	0.456738	1.008396	0.669176	0.200912	-0.547479
-0.711164	-0.201498	-0.625138	0.860218	0.049669	0.779195	0.734835	-0.194245	-0.694949
-1.151990	-0.160191	-0.617336	0.868109	0.382340	0.791999	0.836945	0.138989	-0.536309
-2.407430	-0.890597	-0.558660	1.677106	0.272336	0.950830	0.161190	-0.719363	-1.015997
-2.157355	-1.284309	-0.927107	1.871163	0.285527	0.838808	0.100540	-0.501813	-0.979952
-1.367412	-0.468327	-0.530498	0.711100	0.134099	0.842368	0.132386	-0.375460	-1.705646
-1.365750	-0.283450	-0.510406	0.988949	-0.147417	0.480389	0.384627	-0.516894	-1.480294
-1.399722	-0.611099	-1.333068	1.172155	-0.445700	0.760823	-0.161010	-0.922624	-1.191133
-1.703098	-1.050262	-1.334095	1.158157	-0.761998	0.633524	-0.373153	-0.936453	-1.292038
-1.843538	-0.679856	-0.897007	0.224305	-0.640274	0.377440	0.549868	0.414149	-0.468633
-1.785774	-0.634997	-0.416864	0.251963	-0.295048	0.401382	0.610731	0.242563	-0.729058
-1.162287	-1.597512	0.126457	0.826727	0.486088	1.090244	0.995100	0.457804	-0.514317
-1.189462	-1.535136	0.143539	1.005473	0.816768	1.127375	0.821071	0.136298	-0.934013
-2.189783	-1.304561	-0.554782	1.016395	0.934460	1.100330	0.788195	-0.288036	-0.410259
-1.372929	-1.027955	-0.052792	1.359058	0.675020	0.947995	0.147023	-2.001373	-1.172972
-1.131818	-1.103003	-0.429084	1.291523	0.611954	0.889507	0.071967	-1.883007	-0.702883
-1.840408	-1.107433	-0.116899	0.881185	0.733482	1.096641	0.536444	-0.025073	-0.058808
-1.406482	-0.968704	-0.576953	-0.097554	0.862565	0.690246	0.224765	-0.441742	-1.210172
-1.569165	-1.040358	-0.746373	0.317602	1.209230	0.861556	0.431567	-0.480462	-1.395365
-2.482378	-0.636980	-0.298388	0.740785	0.530424	0.960604	0.272080	-1.214040	-1.211011
-2.092881	-0.706486	-0.638348	0.778429	0.542743	0.899057	0.241666	-0.918797	-1.520636
-1.245112	-1.504147	-0.690805	1.112629	0.395659	0.827286	1.044632	-0.047563	-1.867886
-1.303056	-1.407880	-0.593350	1.216403	-0.217403	0.694326	0.915697	-0.184380	-1.901622
-1.210583	-0.379012	-0.324487	0.698493	0.752229	0.705257	0.065001	-0.086069	-0.680793
-0.532277	-0.281976	-0.036132	1.326099	0.573420	0.770742	0.484342	-0.514355	-0.771558
-1.050878	-1.279310	-1.129370	1.001371	0.822796	0.886576	0.538186	0.127795	-0.839027
-0.340015	-1.087162	-0.191002	1.483197	0.661079	0.856838	0.807108	0.530796	-0.213174
-1.672889	-0.648711	-1.593013	1.115223	0.126277	0.885089	0.160708	-0.408632	-1.353109
-1.545790	-0.315538	-0.845598	1.513088	0.683426	0.790090	-0.349476	-0.844131	-1.353700
-2.038825	-1.204310	-0.868170	0.721011	-0.049441	0.668663	0.867115	0.238090	-1.268848
-1.865222	-0.694646	-0.851827	0.983797	0.200631	0.788827	0.921099	0.366483	-1.150847
-0.716139	-1.311793	-0.932785	0.853164	0.180648	0.984537	0.547982	-0.130463	-0.397356
-0.809167	-1.510509	-1.189291	1.172558	0.204939	0.739291	0.410695	-0.502542	-0.202765
-1.048635	-1.910018	-0.769862	1.579025	0.790925	1.257349	0.394269	-0.298020	-1.131855
-0.062237	-1.009610	-0.811583	0.748169	0.868409	0.750319	0.136473	-0.378208	-0.795141
0.042989	-1.173872	-0.754430	0.809311	0.816921	0.877541	0.215884	0.188771	-0.508692
0.138807	0.011665	-0.474042	1.111759	0.182925	0.653254	0.071320	-0.604333	-1.107450
0.190408	0.001611	-0.231414	1.007390	0.394913	0.831865	-0.267011	-0.841197	-1.500220
-0.727859	-0.917779	-0.345015	0.786002	0.076734	0.719570	0.215413	-0.832824	-0.246506
-0.218938	-0.763084	-0.280115	0.827819	0.455944	0.694053	0.157614	-1.016747	-0.307626
-1.203055	-1.779791	-0.081771	1.471021	0.847549	1.378327	0.865216	0.059845	-1.293151
-1.277992	-0.831928	0.010951	1.778242	0.783345	0.778196	0.282491	-0.193885	0.143370
-1.036989	-0.844753	-0.514379	1.914547	0.739634	0.660870	0.541886	-0.050566	0.294318
-2.084448	-0.453991	-0.928932	1.333123	0.269155	0.868162	0.313113	-0.465168	-0.421458
-2.231432	-0.312647	-0.842261	0.942787	0.562364	0.606519	0.026670	-0.655944	-0.348482
-1.908604	-1.043663	-0.230219	2.037387	0.158611	1.290609	0.430456	-0.029661	-1.499205
-1.272242	-0.400163	-1.120048	0.630871	0.444091	0.874475	-0.012692	-0.510302	-1.132191
0.008213	-0.968975	-0.156678	1.092001	0.872355	1.143305	0.762025	-0.252206	-0.735721
-1.678772	-0.348301	0.037901	1.136835	0.530914	0.863251	0.494819	-0.416244	-1.213261
-1.680211	-0.816878	0.042373	0.979740	0.088994	0.791859	0.325402	-0.332676	-1.166216
-0.737407	-0.679069	-0.084899	1.341896	1.270139	0.792519	0.272156	-0.064456	-0.999887
-1.146790	-1.238567	-0.141669	-0.121899	0.972620	0.840624	0.934863	0.014364	-0.637019
-1.077735	-0.951512	-0.447697	0.087460	1.128408	1.193070	0.667265	0.206905	-0.581221
-0.835767	-0.379337	-0.415067	0.729980	0.769561	0.774878	0.268830	-0.596326	-0.349643
0.437482	-0.531309	-0.201536	1.037390	0.806174	0.933886	0.186366	-0.299257	-0.503373
0.206166	-0.591401	0.198938	1.384940	1.150931	0.982231	0.158116	-0.243578	-0.656800
-1.132071	-0.253785	-1.136939	1.807183	0.136752	0.854211	0.213098	0.079210	-1.436287
-1.351337	-0.571047	-0.984908	1.857595	0.196976	1.019016	-0.023603	0.004274	-1.906790
-0.892201	-1.055249	-0.204012	1.857747	1.163561	0.836042	0.632439	0.150299	-0.821921
-0.962264	-0.737199	-0.709718	1.083104	-0.233543	0.465725	0.051599	-1.006909	-0.728127
-0.566464	-1.458645	-0.471512	1.074036	-0.014972	0.843603	1.272912	0.743382	-0.144737
-0.930752	-0.951661	-0.436156	1.611868	0.567616	0.766982	-0.255475	-1.034825	-1.016177
-0.092585	-1.022069	-0.189173	1.225287	1.095968	0.861009	0.658245	-0.378334	-1.840430
-0.627351	-0.819264	-0.244307	1.138943	1.220778	1.186194	0.741634	-0.482562	-1.713533
-1.617938	-0.160761	-0.508867	1.297401	0.591604	0.858507	0.729167	0.201185	-1.221198
-1.528472	-0.340027	-0.676756	0.906426	0.270727	0.929720	0.526071	-0.109617	-1.058199
-0.782899	-1.224779	0.136556	0.562399	0.286996	0.823109	0.447245	-0.526481	-0.582707
-0.627779	-0.587707	0.086545	0.759964	0.242146	0.774625	0.346283	-0.484318	-0.492746
-0.809432	-1.267370	-0.575169	1.375793	-0.008839	0.799155	0.598374	-0.251871	-1.474507
-1.248689	0.128952	-1.067736	0.888974	0.111207	0.751157	-0.836702	-1.157901	-0.714526
-1.344950	-0.569433	-1.067870	0.890753	0.111215	0.752142	-0.805641	-1.157901	-0.714526
-1.207746	-1.243600	-1.082513	1.051590	0.601685	1.442739	0.402336	-0.234482	-1.303259
-1.272826	-1.810747	-0.136531	1.240353	0.489537	0.878285	0.226633	-0.809667	-1.191718
-1.395369	-1.572498	-0.089553	1.020381	0.160905	0.805993	0.200651	-0.764425	-0.677161
-1.906997	-0.501605	-0.774824	0.973401	0.646478	0.916657	0.006813	-1.466343	-0.181647
-1.833666	-0.641634	-0.569763	1.150251	0.775571	0.933614	-0.391552	-1.870109	0.076251
-0.813156	-1.598578	-0.948294	1.084709	0.808181	0.914481	0.463408	0.009078	0.010890
-1.939386	-1.454732	-0.534004	1.201478	0.933939	1.290565	0.189199	-0.155244	-0.562456
-1.616120	-1.188827	-0.261353	0.994442	1.137211	1.305112	0.520884	0.072942	-0.655300
-1.974295	-1.538098	-0.293990	1.840241	0.485739	0.908091	0.503069	0.067091	-0.696905
-0.917712	-0.989044	-0.411663	1.429840	0.796957	0.847332	0.392017	-0.321682	-1.785900
-1.410724	-1.042001	-0.262955	1.492962	0.576364	0.953220	0.318785	-0.057253	-2.100319
-1.254642	-1.116967	-0.003203	0.900314	0.007348	0.775633	1.190222	-0.255082	-0.746516
-1.201424	-0.753640	-0.082644	0.646176	-0.280557	0.552956	1.133684	-0.003218	-1.070934
-1.105886	-1.039497	-0.791160	1.277150	0.712837	1.216187	0.347318	-0.469812	-0.721799
-1.180147	-0.598084	-1.739911	0.890614	1.300384	1.340071	0.260164	0.058993	-0.674343
-1.200797	-0.487700	-1.272516	1.300899	1.439778	1.128592	0.404932	0.041309	-0.511873
-1.010548	-0.307473	-0.264084	1.014425	0.408953	0.822219	-0.145977	-1.555460	-0.971950
-0.869398	0.001135	-0.260274	1.094750	0.007254	0.563509	-0.435713	-1.833621	-0.964754
-0.776774	-1.630564	-0.529512	1.164874	0.834628	0.881790	0.377418	-0.256233	-1.111684
-1.276784	-0.489903	-1.096668	0.975914	-0.563631	0.474989	0.167388	-1.817239	-1.603888
-1.599465	-0.402112	-1.100134	1.232373	-0.304411	0.631193	-0.142177	-1.980732	-1.950775
-1.766218	-0.582571	-2.051502	0.941912	0.360879	0.925290	-0.230045	-0.708990	-1.199787
-1.331612	-0.692230	-2.270047	1.195308	0.384425	0.781399	0.118780	-0.935419	-1.128216
-0.591517	-0.256181	-0.496530	1.106812	1.126514	0.859371	0.136359	-1.594241	-0.583694
-0.382434	-0.298695	0.093747	0.653552	0.388514	0.596740	0.232049	-0.985560	-1.310201
-0.488854	-0.246432	0.047406	0.704344	0.828293	0.725333	0.223690	-0.454908	-1.380684
-0.536172	-0.531242	0.087557	1.732094	0.644860	0.841259	0.224306	-0.871628	-0.914129
-0.143766	-0.650304	0.350757	1.398200	0.311651	0.879396	0.085718	-0.885504	-1.105088
-1.646563	-1.025459	-0.792887	1.518314	0.623422	0.932043	0.128408	-0.827149	-0.555422
-1.693105	-0.964194	-0.393669	1.841408	0.794405	1.020802	0.432389	-0.745849	-0.219696
-0.474311	-0.501429	-0.037181	1.736707	1.289228	0.842212	0.127395	-0.299154	-0.085498
-2.072998	-0.649744	-0.390753	1.047827	0.761856	0.867484	1.343054	0.526395	-0.610696
-0.663634	0.107175	-0.575957	1.684532	0.968083	1.128320	0.051686	-0.113611	-0.168599
-1.900230	-1.311509	-0.638754	1.236899	0.434560	1.052962	0.652100	-0.017089	-1.538708
-2.229379	-0.825492	-0.738017	0.949616	-0.149925	0.747591	0.412327	0.235633	-1.274818
-0.859541	-1.735749	-0.234027	1.835780	0.333104	0.793374	0.705853	0.004384	-0.539236
-0.834411	-1.282462	-0.592389	1.070962	0.467151	0.813303	0.143229	-1.026717	-0.173041
-0.400179	-0.209683	-0.236373	1.111145	0.128882	0.853415	0.677137	-0.148640	0.032577
-1.271166	-0.628874	-0.818279	1.129690	0.248383	0.862852	-0.389602	-1.483399	-1.356124
-0.886268	-1.079152	-0.633932	1.292187	0.025344	0.787130	-0.279891	-1.481333	-1.576793
-0.391334	-0.740568	-0.102315	0.713991	-0.135536	0.928050	-0.389166	-1.102187	-0.280255
-0.442480	-0.881333	-0.303166	0.567952	0.152501	0.752239	-0.090667	-1.121169	-0.770392
-1.695034	-0.166921	-0.568501	0.965296	0.141387	0.736896	-0.024178	-0.771135	-0.445670
-0.555611	-0.982540	-0.408016	0.624100	1.105850	0.781593	0.491118	-0.663004	-0.493794
-0.494354	-0.078062	-0.215969	0.415912	-0.157565	0.549311	0.227669	-0.723456	-0.408993
-0.549506	-0.577090	-0.513561	0.500315	-0.358849	0.539099	0.388865	-0.810548	-0.079666
-1.085833	-0.302484	-0.563391	1.822783	0.576316	0.803086	-0.365596	-0.699914	0.454038
-1.355113	-0.472745	-0.568927	1.961835	0.748771	0.842609	0.200346	-0.586206	0.237902
-0.953112	-0.833954	0.006068	1.107009	0.481849	0.969326	0.238558	-0.387840	0.199432
-1.988560	-1.036775	-0.998560	0.761277	0.297016	0.771295	0.104155	0.069976	-0.447958
-0.468995	-1.017452	0.147814	0.838073	0.074598	0.955217	0.172911	-0.294758	-1.281727
-1.532043	-0.304907	-1.408888	0.824452	0.152617	0.803824	-0.099174	-1.179419	-0.455089
-0.663380	-0.251135	-0.597414	1.073210	0.873704	0.644043	-0.036225	-1.039015	0.338766
-0.322327	-1.216644	-0.731528	1.492841	0.319946	1.523081	0.259568	-0.046330	-0.806040
-0.770533	-1.305298	-0.418866	1.670994	0.411173	1.116449	0.408826	-0.116515	-0.815477
-1.507766	-1.158557	-0.335707	0.720055	0.329366	0.602185	0.546942	-0.112981	-1.051225
-0.888605	-0.775290	-0.045565	0.929507	-0.188669	0.697224	-0.054884	-0.842024	-0.996933
-1.172799	-0.829755	-1.503053	1.407727	-0.265048	0.561224	-0.125818	-0.023585	0.235501
-0.917726	-0.878006	-0.907420	1.472185	-0.333653	0.653582	-0.146953	-0.321246	0.367420
-1.539952	-1.432612	-0.183611	1.079955	0.894059	0.899844	0.127423	0.167011	-0.430847
-1.742482	-0.653229	0.096990	1.013111	0.300490	0.636511	1.208170	0.314111	-1.057452
-2.231404	-0.475616	-0.124768	0.924698	0.475243	0.726176	0.940401	0.181729	-1.361666
-1.333352	-0.455543	-1.529043	1.057340	0.902015	0.968567	-0.030914	-0.956739	-1.073591
-0.494951	-1.427597	-0.075269	1.494311	0.378409	1.336192	1.024893	0.181340	-0.663324
-1.593175	-1.067407	-0.528425	1.960477	1.130966	1.158856	0.627587	0.302230	-0.668273
-0.042805	-1.794824	-0.229164	1.008642	1.069679	0.855219	0.709603	-0.335201	-0.413045
-0.289078	-0.649174	-1.473776	0.918909	0.782813	0.972670	-0.104832	-0.489448	-0.524760
-0.139714	-0.638625	-1.861619	0.929566	0.668966	0.818301	0.058910	-0.726004	-1.035830
-1.731179	-1.377335	-0.775129	0.478264	0.807640	1.735556	0.785940	0.202644	-0.899950
-2.256846	-1.532687	-0.484886	0.677975	0.660421	1.430279	0.708301	0.108661	-0.875958
-0.373646	-0.442906	-0.075519	1.500474	0.347645	0.638430	0.060750	-0.191137	-0.146057
-0.711408	-0.769358	0.115196	1.653669	0.495203	0.686992	0.463186	-0.314260	-0.417224
0.044933	-0.623334	-0.265578	1.190347	0.596733	0.922200	-0.032870	-1.304010	0.094727
0.022126	-0.748733	-0.400616	1.302504	0.466266	0.816542	-0.010266	-1.821969	-0.366706
-1.373731	-1.742517	-0.576175	0.972094	0.671714	1.176105	1.051108	0.166590	-1.504136
-1.534427	-1.944656	-0.506200	1.167138	0.503098	0.850113	0.564977	0.001915	-1.276279
-1.452979	0.041109	-1.384604	1.543064	-0.421210	0.880809	-0.426718	-1.250816	-0.821795
-1.192415	0.023592	-1.537980	1.135729	-0.162400	0.999943	-0.509973	-1.707066	-0.740994
-0.325296	-0.298392	-0.202129	1.042018	0.687466	1.311310	0.277425	0.235973	-0.428808
-2.195742	-0.632113	-1.339272	0.847782	0.705298	0.826612	0.012409	-1.382965	-0.599037
-1.990211	-0.961293	-1.383094	0.940147	0.646980	0.926359	0.242048	-1.793484	-1.008407
-0.950928	-1.210001	-0.390573	1.692375	0.157222	0.758989	0.165283	-0.741149	-2.243673
-0.973499	-0.986301	-0.217378	1.178322	-0.001412	0.906507	-0.062432	-0.655144	-2.579339
-0.893285	-0.400783	-0.478388	1.609992	1.319516	0.916038	0.329313	-0.071909	-0.578685
-1.370515	-0.903869	-0.217453	0.939077	-0.181396	0.420177	0.625204	-0.513689	-1.793793
-1.516975	-0.970777	-0.720530	1.179628	-0.216029	0.688232	0.242442	-0.582760	-1.872832
-0.998245	-0.792555	-0.032231	1.054287	0.728114	0.967095	0.926178	0.023792	-2.024738
-1.435525	-0.737338	0.228894	1.053301	0.528502	1.021821	1.131334	-0.086418	-1.566526
-1.129852	-0.412397	-0.839050	1.064147	0.505561	0.985847	0.418392	-0.363397	0.223699
-0.538797	-0.860988	-0.977777	1.160140	0.103153	0.911085	0.459683	-0.149607	-1.058592
-0.937928	-0.201828	-1.478940	1.220812	0.310785	0.834703	-0.510738	-0.131346	0.154082
-0.938720	-1.800381	-0.553311	1.211558	0.852319	1.322684	0.979974	-0.015180	-0.453525
0.214637	-0.399966	-0.433127	1.433620	-0.052472	0.510635	0.239700	-0.155416	-0.627160
0.188775	0.141601	-0.523685	1.514964	-0.066076	0.714506	-0.152504	-0.232717	-0.892316
-1.252280	-1.731118	-0.835740	0.864358	1.371897	1.005976	0.791157	0.190389	0.030823
-1.202304	-1.477036	-1.325799	0.835470	1.209379	1.122222	0.823973	-0.039849	-0.392466
-0.498822	-0.742866	-0.714497	0.627888	0.768360	0.808939	0.828884	0.145329	-0.492007
-0.524371	-0.633496	-0.042688	1.546886	0.612383	1.484819	0.999885	0.035062	-0.849477
-0.967278	-0.807207	-0.109760	1.339384	0.557909	1.345228	0.730275	-0.363578	-1.082092
-1.738891	-1.253362	-0.146065	1.008456	-0.195771	0.728734	0.386666	0.084830	-1.840239
-1.447526	-0.650848	-0.640142	0.449817	0.508242	0.897277	1.060465	0.470950	-0.851443
-1.173380	-0.817558	-0.148153	0.066275	0.485005	0.630429	1.129779	0.367530	-0.761935
-1.879714	-1.000926	-0.355790	0.710700	0.402819	0.491832	0.700301	-0.315900	-0.290571
-1.731548	-0.643245	-0.321668	1.521923	0.679193	0.847842	0.176354	-0.886403	-1.332059
-0.253296	-0.477890	-0.550509	1.461303	0.556183	0.807295	0.625383	0.041582	-1.615065
-0.791235	-0.741037	-0.420409	1.453857	0.376726	1.095339	1.216611	-0.052175	-0.472660
-0.419730	-0.613939	-0.834150	1.094736	0.328046	0.870820	1.307063	-0.221703	-0.246473
-1.235347	-0.805644	-0.106501	0.176398	1.125841	0.686821	0.815440	0.122129	-0.175593
-0.748240	-0.298171	0.660255	1.127064	0.589501	1.018608	0.219136	-0.149005	-0.558027
-0.821435	-0.847091	0.556758	1.036812	0.382958	0.711400	0.512513	-0.281299	-0.740930
-1.432390	-1.341337	-0.406828	1.026966	0.261205	0.983908	0.625205	-0.513689	-1.793793
-1.917854	-1.319199	-0.457119	0.112584	0.741567	1.018372	0.484863	0.019147	-1.139186
-1.515004	-1.256469	-0.343384	0.043329	0.326053	0.940322	0.636964	0.239344	-0.730818
-0.466441	-1.042836	-0.606251	1.206767	0.336228	0.754493	0.736963	-0.758736	-0.508851
-0.873317	-0.732588	-0.229912	1.319727	-0.056024	0.865455	0.627692	-0.803708	-0.578573
-1.532264	-0.456875	-0.965438	1.563653	-0.541662	0.817689	-0.103363	-0.606715	-0.489606
-0.033537	-0.526585	-0.700996	1.657831	0.188564	0.689066	-0.084748	-0.837534	-0.327316
-0.720019	-0.477826	0.068553	1.075181	0.480833	0.779689	0.703431	-1.047471	-1.149277
-0.566128	-0.871825	0.063803	1.059458	-0.175160	0.767069	0.366366	0.074733	-2.121279
-1.060057	-0.620648	0.262185	0.934058	-0.203571	0.831854	0.172829	-0.341694	-1.939018
-1.036113	-1.279536	-0.118217	1.289882	1.250189	1.025121	0.581902	-0.210502	-0.121309
-1.841677	-0.256793	-0.337465	1.807840	0.012748	0.760681	-0.070342	-1.240474	-0.611368
-1.841867	-0.441845	-0.903076	1.936174	0.309797	0.789189	-0.233228	-1.113755	-0.946660
-1.719692	-0.432075	-0.311898	0.113359	0.460062	1.172037	0.529592	-0.215494	-2.316059
-0.606905	-0.714155	-0.813460	1.307905	0.569463	0.769438	0.013425	0.176308	-0.252856
-0.387221	-0.750738	-0.837861	1.852517	0.963986	0.858797	0.325395	0.225676	-0.182063
-1.226537	-0.877501	-0.060721	1.144548	-0.118865	0.270246	0.724813	-0.085540	-0.942238
-1.000440	-1.486179	-0.141180	1.269124	0.197328	1.185366	0.820166	-0.402493	-0.374973
-0.564325	-0.564828	-0.346722	1.079502	0.382129	0.758522	0.856196	-0.336165	-2.027080
-1.482908	-0.752842	-0.482207	0.657000	0.529806	0.866643	-0.145421	-1.379402	-1.167772
-2.431235	-1.475141	-0.421740	1.622704	0.752540	0.990117	0.986309	-0.180777	-0.674054
-0.063346	-1.288043	-0.641452	1.417128	0.291906	1.154439	0.228943	-0.464287	-1.231287
0.118284	-0.907200	-0.467879	0.907366	0.668922	1.259551	0.152518	-0.478319	-1.231821
-0.353798	-0.388354	-0.979765	1.424185	0.613087	1.102646	0.364156	0.015239	-1.066160
-1.882062	-0.755274	0.047363	0.597050	0.966666	0.953252	0.229691	-0.695159	-1.484300
-1.454214	-0.894023	0.080515	0.273267	0.567996	0.803164	0.458642	-0.415275	-1.591077
-2.064979	-1.069954	-0.545978	1.714765	0.475587	1.122953	0.702983	-0.239911	-0.231939
-0.154833	-1.148171	-0.498855	1.082694	0.017794	0.857626	0.647880	0.449595	-0.285891
-0.869916	-0.941986	-0.100400	0.986149	0.884256	0.899191	0.099198	-1.485317	-1.102280
-0.986021	-0.818301	-0.747070	1.053827	0.799478	0.913068	-0.091589	-1.397731	-1.468547
-1.667253	-0.892000	0.319054	1.287074	0.993624	0.772803	0.389530	-0.054498	-0.152600
-1.577213	-0.419217	0.123921	1.020103	0.588123	0.989964	0.138109	-0.023478	-0.007595
0.117267	0.085819	0.066071	1.069949	0.413339	0.677412	0.537682	-0.040178	-0.972599
-0.074258	0.453286	-0.170761	0.765833	0.590977	0.783368	0.600334	0.324962	-0.600926
0.666144	-0.092035	0.039978	1.235694	1.168986	1.585979	-0.312833	-1.096713	-0.451043
0.284799	0.444036	-0.188476	1.230750	1.004160	1.401196	-0.620878	-1.097487	-0.451533
-1.233778	-0.789117	-0.576029	0.615230	1.001836	1.013552	-0.135687	-0.792339	-1.187027
-1.854677	-0.884635	-0.672841	0.683298	1.115779	1.060677	-0.118016	-0.414553	-0.911268
-0.741912	-0.016683	-0.626952	1.402355	0.045582	0.783215	0.384957	-0.404102	-1.512106
-1.374794	-1.416758	-0.313406	1.300587	0.877989	1.061941	1.186538	-0.429064	-0.541488
-0.187303	-0.061371	-0.335296	0.777808	0.995365	0.964304	-0.056303	-0.353523	-0.668123
0.013206	-0.659797	-0.454988	1.489918	0.338116	1.032798	0.048582	-0.896321	-1.025849
-0.355946	-0.380567	-0.335647	2.056413	0.260630	0.989860	0.291411	-0.733695	-1.107584
-1.105656	-0.174853	-0.302765	0.527530	0.074890	0.874325	-0.349422	-1.112064	-0.595060
-1.359000	0.054086	-0.072426	0.617686	0.382075	0.742564	0.006746	-0.632742	-0.665662
-1.636797	-0.299185	-0.467634	1.029411	-0.229246	0.736441	0.275322	0.243485	-0.984063
-1.983772	-0.191744	-0.536132	1.231867	-0.392399	0.537375	0.466346	-0.071988	-0.460199
-0.989555	-0.527150	-0.214627	1.050626	0.158816	0.862696	-0.061685	-1.004782	0.142581
-2.044255	-1.251153	-1.029407	0.975112	0.296029	0.806633	0.472843	-0.311824	-1.838661
-2.208559	-0.778616	-0.456747	1.315323	0.668023	0.815082	0.411182	-0.731915	-0.837110
-1.205521	-0.939318	-0.118023	1.092189	1.219364	0.939985	0.826961	-0.347255	-1.138956
-1.982760	-0.604530	-0.409552	1.525754	1.190228	1.084668	-0.006138	-0.523443	-0.397022
-1.626439	-0.825716	-0.544350	1.897272	1.248172	0.796019	0.246004	-0.103998	-0.332425
-0.915709	-0.114182	-1.312754	1.046158	-0.687760	0.840392	-0.169997	-0.851407	-1.336147
-1.264551	-0.167237	-1.357858	0.473721	-0.311276	0.662289	-0.099429	-0.927443	-1.177647
-1.136644	-1.154904	-1.078077	1.859413	1.068947	0.933550	0.420659	-0.474584	-0.838190
-1.031219	-1.344158	-0.994346	1.770290	0.569590	1.528425	0.305577	-0.082848	-0.988409
-2.112777	-0.613045	-0.822200	1.520728	0.298296	0.750998	-0.339578	-1.291476	-0.407432
-1.831010	-0.931855	-1.007630	0.408184	-0.589364	0.540452	-0.121001	-0.095990	-0.566888
-2.071204	-0.951136	-0.355587	0.574676	-0.575034	0.206927	0.061345	-0.002521	-0.624802
-1.738863	-0.874462	-1.386153	1.544493	-0.421195	0.882442	-0.421063	-1.250816	-0.821795
-0.564620	-0.238950	-1.500888	1.440229	0.891404	0.957405	-0.073210	-1.209377	-0.760413
-0.769034	-0.709631	-1.070364	0.663304	0.717344	0.940387	-0.307433	-1.674624	-0.789848
-1.179163	-0.718863	-0.925037	1.541587	0.636453	1.361185	0.208170	0.152921	-1.691764
-1.224515	-0.788682	-0.523085	1.144675	0.122265	1.367258	0.417873	-0.046567	-1.683476
-0.633590	-1.361048	-0.857120	0.488573	0.660494	0.965787	0.869927	0.262480	-1.312833
-0.568349	-1.280420	-0.483851	0.566236	0.569833	0.621442	0.974194	-0.144736	-1.780523
-1.414870	-0.908332	0.137117	1.351921	0.659494	0.727162	0.146117	-0.036903	-0.791898
-0.388236	-0.465670	-1.267465	1.750998	0.371312	1.143643	-0.297039	-1.379586	-1.010929
-1.623905	-0.781057	-0.969099	0.906619	0.119788	1.015087	1.319138	0.108823	-0.734216
-2.056792	-0.403006	-0.670108	0.894015	0.059947	0.908475	1.095863	0.487162	-0.505669
-1.041969	-0.136415	-0.725133	1.487618	0.052531	0.668111	-0.371243	-0.324179	0.315576
-1.644388	-0.755378	-1.258382	0.915560	1.093565	0.889488	-0.070906	-0.074842	-0.539231
-0.954014	-0.287161	-1.132554	1.274806	0.044708	0.862011	0.036202	0.041010	-0.644742
-1.385489	-0.281467	-1.344234	-0.055393	1.014195	0.993625	0.439574	0.900938	-0.263371
-0.912132	-0.398519	-0.891692	-0.327772	0.690589	0.825240	0.511002	0.992830	-0.122116
-1.480232	-0.624975	-1.287886	1.255259	0.784724	0.942470	-0.463626	-1.465657	-0.784560
-1.667677	-0.612424	-1.161170	0.888480	0.740056	1.468760	-0.290347	-1.192574	-0.443673
-0.459140	-0.393931	-0.808333	1.081780	-0.010025	0.880261	0.140418	-0.533044	-2.033889
-0.513428	-0.415837	-1.029395	1.426642	0.561996	0.874035	-0.001397	-0.818417	-1.737733
-0.998530	-0.898981	-0.771723	1.454361	0.810496	0.918961	0.753238	-0.609817	-1.224311
-0.889203	-1.253386	-0.876054	1.393686	0.735889	1.705491	1.118388	0.173310	-0.885171
-1.238705	-1.180983	-0.959046	0.987758	1.090979	1.467058	1.412772	0.225342	-0.538910
-1.101310	-2.022862	-1.259335	0.846402	0.791010	1.192632	0.897833	0.034236	-1.406196
-0.872195	-1.763787	-1.348336	1.510128	0.481606	1.080789	0.934718	0.001509	-1.530249
-1.294430	-0.271200	-0.220294	0.214525	0.309547	0.669922	0.283070	-0.621030	0.152922
-1.444550	-0.193946	-0.288432	0.515905	0.773436	0.690190	-0.307896	-0.677411	0.210528
-0.603689	-0.781444	0.064718	0.532855	-0.165133	0.585008	0.535814	0.208913	-0.442546
-0.764718	-1.201815	0.467926	0.639876	-0.457911	0.395496	0.690168	-0.166835	-0.626575
-0.847839	-0.882811	-0.422641	1.079977	0.715321	0.803811	-0.540629	-0.629944	0.006101
-0.348232	-0.639473	-0.177136	1.256941	0.415235	0.540510	-0.342986	-0.940634	-0.089342
-1.244703	-0.934743	0.083024	0.916571	0.465947	0.793569	0.095305	-0.827973	-2.234572
-0.987857	-0.529319	-0.124780	1.102133	0.083179	0.829124	0.577939	-0.900716	-2.122408
-1.054034	-0.330207	-0.101177	1.973365	1.161078	1.121349	0.256428	-0.764256	-0.070508
0.304890	-0.425468	0.372317	0.655704	0.759565	0.790455	-0.101807	-0.000295	-0.336600
0.624655	-0.241829	0.120681	0.881433	1.033314	0.744512	-0.405168	-0.538871	-0.287356
-1.115030	-0.560533	-0.653673	0.779864	0.307006	0.727552	1.169522	-0.494533	-0.808454
-0.800761	-1.175842	-1.759908	0.600763	0.443775	0.675059	-0.184903	-1.034521	-0.907078
-1.713849	-0.404979	-2.193900	0.520323	0.848342	1.016841	0.660360	0.380584	-0.911480
-1.406479	-0.951149	-1.894488	0.443201	0.651625	1.012379	0.408271	0.022778	-0.932694
-1.535697	-1.160312	-0.834149	0.732310	0.630279	0.932245	0.237587	-1.009983	-0.222614
-0.917668	-0.825491	0.336872	0.940104	-0.153931	0.742660	0.412318	0.235632	-1.274822
-0.839036	-0.821651	-0.367931	1.144635	0.228603	0.572748	0.846722	0.362720	-0.242794
-1.675750	-0.732339	-0.385282	0.865391	0.089690	0.802887	-0.251054	-0.717402	-1.161203
-1.891497	-0.439706	-0.526804	0.473358	0.391120	0.757122	-0.437649	-1.003232	-0.697037
-1.010940	-1.192455	0.156170	1.395329	0.396261	0.782740	1.046951	-0.593592	-1.925298
-1.377421	-1.392889	0.078293	1.169980	0.502989	1.073923	0.786338	-0.071817	-2.179173
-2.188044	-0.913686	-0.898783	0.605689	-0.054795	0.686006	0.685341	-0.429939	-0.782476
-1.559108	-0.658962	-0.915854	0.731988	-0.172322	0.758347	0.244002	-0.386384	-0.995297
-1.565498	-0.438632	-0.852341	2.031251	-0.010691	0.885943	0.281923	-0.313606	-1.133426
-1.059434	-0.578486	-1.257576	1.212395	0.508987	1.303586	-0.349903	-0.777352	0.131351
-0.137344	-0.874553	-0.131782	0.357198	1.154780	0.882894	0.597358	-0.241395	-1.111596
-0.870311	-0.526542	-1.153057	1.024556	-0.681008	0.898010	-0.266341	-1.913937	-1.934712
-1.897845	-1.445967	-0.243210	0.855992	-0.394955	1.009689	0.555307	0.205241	-0.631355
-0.168074	-2.006918	-0.324644	1.704746	0.807960	1.274541	0.316644	-0.186217	-1.252140
-0.676233	-2.284629	-0.665243	1.201368	0.734166	1.148463	0.266273	-0.349058	-1.291442
-0.966905	-0.278099	-0.759498	1.059150	0.117940	0.741034	-0.123291	-1.524830	-2.050404
-1.333588	0.089111	-0.102211	1.062525	0.566229	0.702257	0.975901	-0.076124	-0.929953
-1.284920	-0.408083	0.013653	1.236011	0.729044	0.624859	1.277377	0.040011	-0.356227
-1.850962	-1.746578	-1.328714	1.716758	0.646339	1.147639	0.610156	-0.739154	-1.146409
-1.499741	-1.023771	-0.802836	0.422311	1.356762	1.292810	0.314913	0.180404	-0.999889
-2.101423	-1.005880	-0.215607	1.270166	0.460547	0.869865	0.105020	-1.210781	-1.720041
-0.336571	-1.306835	-1.708872	1.071085	0.393886	0.719030	0.579361	0.076114	-0.523720
-0.476909	-1.650852	-1.445605	1.172451	0.812545	1.022172	0.626016	0.083745	-1.054251
-2.547667	-1.122043	-1.369974	1.302931	0.577208	0.784210	0.076708	-1.372608	-1.088181
-0.716985	-0.327518	0.940423	0.622791	0.773965	0.766194	0.587418	-0.213662	-0.974103
-1.381604	-0.917854	-1.055815	2.068702	0.256570	0.809615	-0.139229	-0.777123	-1.067542
-1.022582	-1.160582	-0.845512	1.097438	0.491622	0.924113	0.280132	-1.367580	-0.891589
-1.185120	-1.699316	-0.096933	0.372646	0.361537	0.838133	0.132348	-0.628694	-0.742465
-0.006461	-0.628075	-0.443540	0.968802	0.497226	0.898991	0.636751	-0.400494	-0.365902
-0.220772	-0.853281	0.090027	1.070396	0.294699	1.070864	0.428730	-1.209722	-2.087483
-0.663832	0.210260	0.087418	0.247187	0.375061	0.590847	0.120985	-0.602802	-1.006583
-1.143501	-0.298332	-0.204404	0.643998	0.621634	0.681262	0.287853	-0.397559	-2.623996
-0.450344	-0.620724	-1.414900	-0.008658	0.937560	0.731721	0.102622	-0.081279	-0.966445
-0.355798	-0.545354	-1.403197	0.251282	0.517580	0.855060	-0.241819	-0.653187	-1.274546
-0.155794	-0.138895	-0.212495	1.154806	1.005438	0.896833	1.046813	0.083437	-0.440074
-0.108439	-0.838056	-0.254807	1.112552	1.195744	0.742215	0.880449	-0.070078	0.023149
-2.025738	-1.420241	-0.961014	0.831645	0.842514	0.889324	0.861714	0.363420	-1.067883
-1.913497	-1.073074	-0.281134	0.231134	0.498277	0.764926	0.705339	-0.597104	-1.017293
-1.958270	-1.147843	-0.702386	0.450308	0.418479	0.659531	1.213337	-0.057716	-1.186110
-1.241722	-0.431444	-1.131195	1.892220	1.111224	0.843342	0.232620	-1.319496	-0.586090
-1.849986	-1.462340	-1.280005	1.288869	0.479986	1.777944	0.904849	-0.030207	-0.810385
-1.944719	-1.492685	-1.055630	1.365920	1.171543	1.296765	1.073760	-0.192335	-0.910757
-1.576434	-0.166937	0.027238	0.249729	1.034033	0.730626	0.253267	-0.048994	-0.954476
0.114953	-1.476634	-0.690532	0.995660	0.698038	1.371563	0.441637	0.078925	-1.010163
-2.426235	-0.769634	-0.282610	0.379977	0.128666	0.682338	0.098066	-0.682808	-1.848797
-1.880629	-0.620080	-0.511313	0.148567	-0.269827	0.395862	0.044368	-0.322877	-2.066524
-1.835581	-2.007618	-1.421587	0.796207	0.472382	1.428672	0.770899	0.416238	-1.002273
-1.994888	-1.788927	-1.632029	1.238528	0.288469	0.838515	0.764262	0.158948	-1.299482
-0.608776	-0.483559	-0.109183	1.409962	-0.084679	0.412356	0.457192	0.119890	-0.671621
-1.757372	-0.432118	-1.148167	0.113360	0.495179	1.350233	1.229770	0.785281	-0.291570
-1.474831	-0.840511	-1.067315	-0.034503	0.565170	1.073379	0.770348	0.801655	-0.823660
-0.459509	-1.434224	-0.071316	0.854029	1.020561	1.194368	0.481135	-0.323205	-1.308576
0.032650	-0.534585	-0.481899	0.906297	0.026134	0.764094	0.226872	-0.090465	-1.106601
-0.702699	-0.221804	0.085510	1.052408	0.743368	0.765716	0.206686	-1.294566	-2.326586
-0.878680	-0.321054	-0.100279	0.302267	0.899014	0.804624	0.129156	-0.910236	-2.125439
-1.615168	-0.516918	-0.733384	1.404817	0.362352	0.749625	-0.097685	-1.813757	-0.781105
-1.852811	-1.763710	-0.014088	0.960203	0.833975	0.997157	0.691518	-0.522491	-1.028334
-1.701735	-0.222259	-1.130280	1.100377	0.528526	0.844007	0.083721	-0.139496	-0.773238
-1.151055	-0.706269	-2.016147	0.600186	0.287830	0.763662	0.898416	0.437634	-1.150725
-1.809440	-0.516928	-0.733241	1.095453	0.261489	1.486094	0.042106	-0.927242	-0.951040
-0.958810	-0.248406	-0.529609	0.617530	0.814090	0.851362	1.380945	0.238724	-0.871413
0.095015	-0.745741	-0.412843	1.118992	1.044100	0.985998	-0.062039	-0.247481	0.358420
-1.380212	-1.120198	-0.805447	1.243232	-0.384547	0.847623	0.213587	0.232769	0.148424
-0.308882	-0.411317	-0.083613	0.397931	1.419428	0.771018	0.234664	-1.481579	-0.709142
0.148380	0.043627	-0.446058	0.466963	1.096347	0.791830	0.060341	-1.091278	-0.944823
-1.422419	-1.100233	-1.331083	1.555723	0.475601	0.826018	0.691145	0.141885	-1.494843
-1.164399	-1.208157	-1.687483	1.932835	0.711669	0.993457	1.109479	-0.011195	-0.978437
-1.797861	-1.432552	-0.709102	1.406196	0.752614	1.162747	0.578484	-1.223961	-1.437354
-0.554954	-0.408582	-1.837833	1.683560	0.172662	0.828424	-0.102555	-0.750821	-0.892970
-0.591087	-0.162979	-2.210724	1.087721	0.651842	0.992606	-0.028358	-1.000091	-1.032336
-1.455068	-0.241715	-1.835743	0.675839	0.990815	1.007351	0.076202	-0.351846	-0.906946
-0.891281	-1.302305	-0.852414	0.426382	1.071171	0.928789	1.491592	0.277461	-1.611623
-1.661315	-0.210885	-1.369256	0.999450	0.160500	0.813231	0.184224	-0.547647	-2.022042
-0.607089	-1.209900	0.251989	1.171564	-0.102071	0.480769	0.127268	-0.090860	-0.337478
-0.549160	-1.329708	0.262625	1.711905	1.185169	0.910946	0.294390	-1.050925	-0.257832
-1.203236	-1.715722	-1.407081	0.789554	0.629317	0.861404	0.577675	-0.289541	-0.747035
-0.839585	-0.917885	-2.033254	1.035207	0.039470	1.159670	-0.336299	-1.354968	-0.941094
-0.810435	-0.530217	-1.698748	1.207762	-0.442412	0.701580	-0.290075	-1.691394	-1.210294
-0.263399	-0.729709	-1.588054	1.508967	0.741270	1.332349	0.181104	0.105063	-0.317943
-0.295279	-1.090429	-1.352060	1.764263	0.698646	0.993825	0.828293	-0.162363	-0.576724
-1.417607	-0.247822	-0.429659	1.280138	-0.536703	0.913541	-0.303951	-1.511235	-0.279506
-1.764315	-0.391909	-0.918264	1.087564	-0.489285	0.349937	0.592121	-0.011095	0.191770
-1.292819	-0.400090	-0.300659	0.860077	-0.263894	0.221557	0.426445	-0.024799	-0.231191
-1.130687	-1.723614	-0.398208	1.162347	0.593947	0.738295	1.214365	-0.434853	-1.095953
-1.499873	-0.191248	-0.186595	1.618848	-0.465148	0.927173	0.070015	-0.391060	-1.252606
-0.004947	-1.268361	-1.161972	0.883022	0.510122	0.928508	0.835378	-0.401263	-0.891483
0.179065	-0.010840	-0.434646	1.335566	0.256973	0.885940	0.695888	-0.448099	-1.193226
-0.071744	-0.211446	-0.928731	1.470796	1.100835	0.954501	0.199788	-0.251762	-0.322077
-1.465438	-0.694840	-0.379415	1.132033	0.745997	1.193694	1.195864	0.344903	-1.306546
-1.478777	0.031681	-0.270176	1.295290	0.688122	0.893438	0.005320	-0.046756	-0.747202
-0.803034	-0.174973	-0.911336	1.820513	0.771060	0.790844	-0.251446	-0.527674	-0.873260
-1.426938	0.084154	-1.550615	1.379468	-0.319311	0.555581	-0.115770	-0.327850	-0.367516
-1.584757	-0.446873	-1.805356	0.788111	-0.535280	0.717833	0.102650	-0.481524	-0.717926
-0.193544	-0.565721	-1.062986	0.919785	0.586796	0.710385	0.616377	-1.069501	-1.856006
-0.222323	-1.454246	-0.380028	1.080802	0.100519	0.794625	0.658162	0.752775	0.445654
-0.707213	-0.955175	-1.328977	1.084946	0.370862	0.728672	0.830140	-0.362313	-2.272983
-1.142741	-0.993609	-1.155775	1.168975	0.261853	1.029115	0.209084	-0.829971	-1.989458
-1.631331	-1.110214	-1.661071	0.402897	0.866791	0.845506	1.097779	0.422731	-0.055353
-1.614483	-0.132533	-0.251560	0.962415	-0.161910	0.402925	-0.954007	-0.551335	-0.678642
-0.835272	-0.647912	-1.592566	0.321939	-0.129575	0.414945	-0.197077	-1.336792	-1.528731
-0.877068	-0.943301	-1.501888	0.592873	0.609606	0.730473	0.144278	-1.682009	-1.506970
-2.054433	-0.715725	-0.520909	0.166186	0.668514	0.789924	0.530335	0.196937	-1.526053
-0.367376	-0.513166	-0.158734	1.785350	0.394041	0.791810	-0.035424	-1.582898	-1.040227
-0.458601	-0.385602	0.066522	2.062774	0.548219	0.697150	-0.016067	-1.237808	-0.170443
-1.911378	-0.528990	-1.378356	0.121837	0.480170	0.947374	0.753257	0.155526	-0.922211
-1.069541	-1.035819	-0.835812	1.757525	0.359728	1.389140	1.089386	0.277086	-0.336533
-0.711092	0.441535	-1.080467	1.208409	1.086557	0.752823	-0.393135	-1.015478	-0.654190
-2.581883	-0.988390	-1.403093	1.263029	0.418534	0.960330	-0.126647	-1.192277	-0.221883
-0.041367	-0.564027	-1.941572	0.085645	0.695299	0.857940	-0.314514	-0.837596	-0.682144
-1.266097	-0.777529	-0.734870	0.453535	-0.333953	0.687600	-0.354156	-1.562008	-1.982286
-1.920439	-1.077008	-0.518006	1.615923	-0.546682	0.625065	0.260985	-0.520810	-1.072526
-1.787753	-0.496652	-0.189107	1.902806	0.730592	1.511345	0.310178	-0.335217	-1.874779
-1.338480	-0.635439	-0.499963	0.958073	0.011779	0.639020	0.695996	0.205518	-2.221171
-1.679449	-0.548512	-0.630415	0.346269	0.792532	0.716670	0.072394	-1.757695	-0.494953
-1.853392	-0.572560	-0.851969	0.853117	0.717397	0.971951	0.005657	-2.542043	-0.173165
-0.703245	-0.861350	-1.142971	1.992521	0.885862	1.347513	0.162183	-0.996987	-1.620021
-1.280750	-0.784115	-1.528822	2.028853	0.760730	1.399326	-0.048132	-0.380264	-1.174767
-1.102186	-0.426928	-2.355622	1.115739	-0.759559	1.112118	-0.057024	-1.191886	-1.045564
-0.296127	-0.251140	-0.165798	1.130085	1.217622	0.999951	0.955866	-0.833163	-0.549843
0.147352	-1.041102	-0.857138	1.657482	0.821080	1.352108	0.380502	-0.488167	-0.143524
-0.155757	-0.755859	0.058722	0.374642	0.740378	0.776634	-0.358791	-0.647188	0.110543
-1.185603	-1.184923	-0.283713	0.134182	0.698010	0.789281	1.122839	0.233197	-2.124628
0.287263	-1.104241	-0.728152	0.948228	0.058539	0.738667	1.390838	0.429772	-0.199105
-0.141816	-1.241904	-0.280266	0.343086	0.575162	0.710578	0.341313	-0.287092	-2.620095
-0.707175	-0.752404	-0.244145	0.174114	0.367092	0.232416	0.829094	-0.362413	-2.273098
-0.724201	-0.388554	-0.725360	0.894875	0.278234	0.299427	0.053392	-0.634852	0.371840
-1.465760	-0.816547	0.016977	0.872082	0.350172	1.097164	-0.232535	-1.587820	-1.669058
-1.500510	-2.231186	-1.225402	1.317308	1.064416	1.296179	0.459162	0.237495	-0.916600
-0.281553	-0.419467	-0.091615	0.797081	0.503575	0.777149	0.588924	0.118970	0.917109
-2.367914	-0.316878	-1.265813	0.884002	-0.547546	0.644532	-0.152102	-0.803871	-1.441777
-0.167215	-1.494967	-1.227329	1.192651	0.337486	1.264460	1.327831	0.442608	-1.438035
-0.380854	-1.951167	0.026420	0.867648	0.756429	0.806271	0.921377	-0.734287	-1.082090
0.254255	-1.580240	-0.253555	1.194178	0.933090	1.074179	0.495843	-1.032956	-0.464020
0.082276	-0.289155	0.840198	1.973365	1.059406	0.954614	0.018999	-0.931159	-0.070508
-2.324124	-0.863194	-0.278938	1.297868	-0.334646	0.735179	0.071726	0.173293	-1.765848
-1.646905	-0.606788	-0.750608	2.081193	0.720103	0.956040	-0.146545	-1.041674	-1.646238
-1.305210	-1.206063	-2.124120	1.288760	0.653991	0.979632	1.068270	0.240830	-2.061573
-1.431557	-0.677577	-0.109172	0.795754	0.933222	0.850139	-0.526043	-1.675120	0.037421
-0.561005	-0.677391	-0.518755	0.978955	1.058809	1.732765	0.353703	-0.980439	-2.073958
-1.321007	-1.229890	-0.839043	1.283212	0.776821	0.888967	-0.187981	-0.802859	0.490903
-0.442262	-1.946584	-0.630518	1.586722	-0.130350	1.185558	0.667170	0.391021	-1.052470
-1.516206	-1.417965	-0.291014	0.736219	1.034442	0.919603	1.486813	0.030640	-1.030066
-0.919147	-0.591553	-1.447617	-0.140444	0.830947	0.902910	0.519075	-0.535908	-1.656445
-0.990760	-0.170704	0.446788	1.563814	0.128206	1.078647	0.287721	-0.204376	-2.214931
-2.223287	-2.159836	-0.640169	1.733084	0.785720	0.862185	0.774915	-0.116061	-1.144212
-0.163369	-0.358077	-1.559251	0.776562	-0.194916	0.966827	0.087002	-0.284758	-2.716703
-0.439064	-1.807858	-0.073564	1.439280	1.294978	1.074062	0.904834	-0.447560	0.318259
0.298422	-1.395514	-1.397746	0.572143	0.987479	0.915322	-0.029293	-1.110455	-0.795054
-0.975839	-1.651932	-0.808301	0.564344	-0.555206	0.988105	0.015184	-0.951555	-0.744007
-1.108297	-1.411411	-2.034519	0.790131	-0.118433	0.736568	-0.208364	-0.209242	-1.106909
