-0.894103	-0.355970	-0.456825	-0.052944	0.358075	0.552320	1.130245	1.151673	0.913052
-0.858222	-0.511173	-0.587504	-0.004236	0.336129	0.624197	1.066150	1.045651	0.846975
-2.011693	-0.946873	-0.306034	-0.628894	0.199719	0.482908	0.991654	1.094179	0.962983
-2.074515	-0.868586	-0.168705	-0.534309	0.197428	0.482321	1.104080	0.991694	1.069107
-0.801218	-0.550554	-0.247912	-0.257260	0.229372	0.456311	1.295960	1.070210	0.792832
-0.812326	-0.531307	-0.272915	-0.287618	0.223234	0.502548	1.335895	0.936562	0.557969
-0.450345	-0.723713	-1.326452	-0.008607	1.384841	0.880660	0.929365	0.921635	0.522778
-0.311887	-0.701864	-1.466002	-0.024378	1.181345	0.895030	0.925010	0.876876	0.515687
-1.610056	-0.442678	-0.369831	0.014596	-0.097155	0.457792	0.977117	1.122754	0.503357
-1.449098	-0.469019	-0.491893	-0.125594	-0.164637	0.516520	0.970932	1.168154	0.638081
-1.227040	-0.697720	-0.450647	0.227089	0.767105	0.497931	1.417955	1.134349	0.924376
-1.226988	-0.661564	-0.445680	0.225830	0.506492	0.348696	1.417918	1.134349	0.924376
-1.247101	-0.343248	-0.396025	-0.074556	0.987728	0.605360	1.033994	1.099419	0.925651
-1.263532	-0.519723	-0.346501	0.059009	1.094865	0.763769	0.970118	1.072979	0.941331
-0.976569	-0.966026	-0.284727	0.140453	1.264391	0.765811	1.229674	1.012625	0.677596
-0.897660	-0.776281	-0.310397	0.180193	1.067095	0.853420	1.162844	0.973835	0.718454
-0.819516	-1.244473	-0.685433	-0.061528	1.238484	0.636014	1.139670	0.971359	1.166001
-0.903406	-1.373424	-0.623192	0.010305	1.252542	0.836764	1.185539	1.126073	1.082435
-1.157870	-1.087095	-0.636246	-0.683809	0.221157	0.500154	1.425702	1.018890	1.135990
-1.074104	-1.033927	-0.587784	-0.882535	0.329628	0.328618	1.396951	1.100952	1.243225
-0.845747	-0.696851	-0.866286	-1.013205	1.298861	0.502453	1.082089	1.054230	0.912167
-0.886307	-0.782360	-0.612151	-0.907732	1.394043	0.601911	0.999231	1.015981	0.982983
-1.860250	-0.668502	-0.083082	-0.366531	-0.086707	0.377682	1.050841	1.534880	1.200264
-1.974804	-0.606751	-0.028736	-0.545792	0.118322	0.349825	1.098413	1.395461	1.246718
-0.525539	0.352499	-0.710734	-1.157855	0.403774	0.338572	0.889621	1.050862	0.962962
-0.634980	0.282031	-0.698462	-1.041467	0.194718	0.249484	0.992801	1.062835	0.791717
-1.169366	-0.691797	-0.787760	-0.171830	1.265600	0.857681	1.136911	1.031162	0.945554
-0.890610	-0.838363	-0.748514	-0.097427	1.147348	0.785432	1.151240	1.050578	0.906295
-1.286799	-0.582177	-0.218808	-0.101249	1.226208	0.863414	1.091922	1.138814	0.776909
-1.453841	-0.698171	-0.175810	-0.245224	1.261092	0.910254	1.055506	0.933047	0.923193
-1.563840	-0.944761	-0.819134	-0.575946	0.391478	0.339881	1.115482	1.297601	1.171134
-1.456925	-0.707868	-0.665633	-0.643110	0.230107	0.384922	1.088741	1.187484	1.129801
-1.432017	-0.437088	-0.497522	-1.280641	0.406280	0.280968	1.091509	1.065460	1.148651
-1.516105	-0.510173	-0.549989	-1.140849	0.437958	0.303131	0.972866	0.928633	0.881153
-1.310340	-0.452786	-0.870674	-0.238653	0.663499	0.683022	1.224327	0.959904	0.878534
-1.296714	-0.399757	-0.969921	-0.084690	0.853310	0.688511	1.299649	1.127663	0.681445
-0.801350	-0.841110	-0.500063	0.317717	1.189686	0.953028	1.315201	1.044177	0.777895
0.040536	-0.756909	-1.182341	-0.216089	1.079830	0.832116	1.262197	1.527541	1.606835
0.071200	-0.934690	-1.015297	-0.004983	0.901025	0.775487	1.210672	1.420278	1.622410
-0.931244	-0.633990	-0.230479	-0.456270	0.360495	0.280806	1.161734	1.049942	0.809611
-1.054020	-0.585778	-0.340577	-0.446206	0.355425	0.206786	0.923143	0.799328	0.798210
-1.604848	-0.232167	-0.386905	-0.738707	0.290743	0.384903	1.247374	1.071948	1.104379
-1.665219	-0.530916	-0.511780	-0.789369	0.247855	0.244991	1.254521	1.012078	0.963996
-1.062669	-0.453585	-0.466689	0.222212	0.226801	0.431329	1.123683	1.381992	0.782810
-1.228460	-0.683342	-0.511710	0.286056	0.129497	0.529215	1.128938	1.155007	0.800725
-1.664110	-0.348436	-0.368416	-0.235601	0.443296	0.440180	0.559561	1.095997	0.702544
-1.755083	-0.193787	-0.590767	-0.024687	0.308366	0.411062	0.521002	1.061521	0.600599
-0.539231	-1.055217	-0.703889	0.277442	1.266870	0.710648	0.971849	1.118986	0.888392
-0.698278	-0.951530	-0.872111	0.136520	1.193146	0.943840	1.082200	1.187502	0.896512
-1.281869	-0.957777	-0.611421	-0.063507	1.003104	0.898748	1.412346	1.301615	1.046776
-1.220095	-0.848653	-0.360945	-0.146776	1.170810	0.736458	1.281352	1.251832	1.005501
-1.011601	-0.646793	-0.874224	-0.699528	-0.062562	0.010429	1.334713	1.266813	0.409422
-1.131760	-0.832637	-0.778930	-0.614909	-0.204069	0.166907	1.339478	1.423758	0.592503
-0.818189	-0.501001	-0.739894	-0.733922	0.409806	0.130077	1.017866	0.800842	1.008175
-0.495255	-0.538645	-0.634115	-0.688525	0.382098	0.316737	1.010548	0.854652	0.903933
-1.125865	-0.634501	-0.461910	-0.144615	0.918098	0.714078	0.765242	0.764813	0.795433
-1.220329	-0.802190	-0.689482	-0.118983	1.182564	0.645018	0.820788	0.802613	0.765653
-1.304829	-0.976160	-0.482694	0.001044	1.181406	0.827152	0.859929	1.231469	0.587389
-1.256776	-0.827642	-0.781445	-0.127614	1.258101	0.854106	0.860369	1.362875	0.733534
-1.532051	-0.506062	-0.548735	-0.702753	0.488735	0.317414	1.012302	1.608079	0.916822
-1.665409	-0.527249	-0.554457	-0.455860	0.764535	0.469842	1.012302	1.608079	0.916822
-0.996614	-0.749540	-0.002447	-0.057291	1.093935	0.423544	1.024200	1.002068	0.604694
-0.872059	-0.749946	-0.100315	0.041290	0.745412	0.509206	1.117645	1.075066	0.648699
-0.794758	-1.200534	-0.926519	-0.630061	1.332591	1.136411	0.679993	0.946607	0.622035
-1.031252	-1.187027	-0.860010	-0.433638	1.354360	0.989796	0.925344	0.910427	0.665022
-1.592091	-0.796932	-0.809547	-0.481175	1.122816	0.785846	1.175646	1.290122	1.404547
-1.376760	-0.795373	-0.940407	-0.253093	1.006254	0.774667	1.085136	1.166542	1.218067
-0.472159	-0.138062	0.322936	-1.216233	0.274027	0.215477	0.390469	0.996438	0.696112
-0.725383	-0.192221	0.472722	-0.950184	0.306166	0.216807	0.518620	1.060540	0.600582
-1.158914	-0.860999	-1.153865	-0.256038	1.122962	0.880038	0.343489	1.187904	0.935669
-0.900026	-0.819468	-1.116279	-0.189375	1.254849	0.972981	0.334242	1.219211	0.622453
-2.298866	-0.105972	-0.938481	-0.676258	1.376262	1.191807	0.693728	1.225207	1.191188
-2.034952	0.130792	-0.939529	-0.676259	1.354411	1.158000	0.416460	1.170580	1.191006
-0.669769	-1.648194	-1.072431	-0.578614	1.136648	0.960677	0.901591	1.297947	0.924618
-0.487948	-1.434167	-1.116796	-0.430994	1.191514	0.829519	0.958054	1.012603	0.869196
-0.983489	-0.574259	-0.288723	-0.237199	0.862373	0.801371	1.087750	0.877534	0.878353
-0.838576	-0.521155	-0.260354	-0.219762	0.741690	0.558244	0.931081	0.883568	0.582285
-0.127455	0.017980	-0.243788	-0.396007	0.325811	0.233811	1.090278	1.083114	0.961931
-0.167510	-0.139022	-0.191706	-0.544587	0.376851	0.389058	0.849608	1.307786	0.803980
-1.499591	-1.033437	-0.658903	-0.669232	0.171482	0.064462	0.892312	0.958700	0.918360
-1.354493	-1.172132	-0.508840	-0.748711	0.078684	0.378044	0.991580	1.092076	1.018730
-1.529545	-1.118962	-0.781332	-0.425934	1.210466	1.046428	0.849712	1.172859	0.702524
-1.559990	-0.907215	-0.657230	-0.392663	0.966922	0.906382	0.981799	0.957812	0.802418
-0.974887	-1.040209	-0.761960	-0.512541	0.964903	0.767055	1.098418	1.353535	0.123929
-0.936628	-0.810870	-0.513232	-0.429085	0.862206	0.933734	1.221812	1.401748	-0.068575
-1.547239	-0.509225	-0.493491	-0.107282	1.265929	0.613000	0.898888	0.991467	0.974276
-1.207309	-0.875478	-0.277114	-0.286624	0.384139	0.185757	1.051954	0.773512	0.887995
-1.195378	-1.041590	-0.677972	-1.403402	0.246379	0.394387	1.191427	1.337771	0.599281
-1.270450	-0.871999	-0.593233	-1.289620	0.367910	0.321633	1.184653	1.056465	0.853426
-0.976070	-0.377680	-0.346295	-0.592857	1.058412	0.511476	0.970895	1.340584	1.610331
-1.057854	-0.389781	-0.545918	-0.809246	0.965066	0.328937	1.076658	1.076879	1.557265
-1.240079	-0.557261	0.082139	-0.668354	1.009522	0.625352	1.270895	1.038086	0.678450
-1.336038	-0.807564	-0.064742	-0.632441	0.707895	0.607127	1.315100	1.209782	0.726439
-1.374700	-0.501965	-0.496164	-0.299889	0.503600	0.471334	1.184476	1.032713	1.211120
-1.444938	-0.424678	-0.414929	-0.367275	0.339706	0.083100	1.103458	0.901947	1.250014
-0.852031	-1.872009	-0.421612	-0.136776	1.226477	0.614169	0.909496	0.715374	1.159839
-0.751832	-1.944016	-0.410816	0.016606	1.115075	0.943537	0.954211	0.798558	0.922708
-0.263330	-0.449651	-1.223140	0.126868	1.381639	0.925928	0.939683	1.049986	0.713205
-0.517901	-0.348907	-0.303871	-0.483294	0.239859	0.290451	1.028706	0.932778	0.421278
-0.404876	-0.438764	-0.639416	-0.700668	0.258060	0.289963	1.174012	1.031811	0.549982
-0.551109	-1.121176	-0.577184	-0.148418	0.853772	0.769617	1.059628	0.637725	1.539398
-0.643605	-1.110592	-0.683062	-0.240581	1.199922	0.855935	1.156373	0.876459	1.622035
-1.901279	-1.278602	-0.292122	0.299606	1.136915	0.965517	1.036755	0.743825	0.463875
-2.055113	-0.935435	-0.317281	0.190952	1.037771	1.082631	0.987648	0.528770	0.530659
-1.614801	-0.625543	-0.379740	-0.420404	0.071369	0.396254	1.161532	1.316538	1.313797
-1.781141	-0.595088	-0.100651	-0.555403	0.208627	0.546876	1.419349	1.313437	1.350801
-0.371017	0.353430	0.203487	-0.518028	0.294938	-0.034805	1.274705	1.067118	0.848959
-0.449489	0.143286	-0.049141	-0.412616	0.188181	0.001898	1.046711	0.878394	0.753021
-0.178365	0.401535	-0.423093	-1.525220	0.746358	0.318818	0.836874	1.062858	1.337019
-0.119254	0.394558	-0.214124	-1.461096	0.473555	0.273996	1.127745	1.193978	1.261080
-0.739850	-0.897145	-0.548415	0.153573	1.245391	0.547994	1.152812	0.970133	0.578906
-0.829157	-0.347933	-0.837107	-0.235252	1.042625	0.827593	0.841175	1.182288	0.622272
-0.955143	-0.730740	-0.772755	-0.297858	1.011188	0.693256	0.770650	1.204310	0.409989
-1.498916	-0.826349	-0.434848	-0.393628	1.052506	0.746321	1.205328	1.140389	1.100397
-1.021336	-0.754750	-0.655967	-1.570588	0.233462	0.303152	1.013229	1.567863	0.802676
-1.162389	-0.767250	-0.357448	-1.443935	0.186646	0.222708	0.754735	1.469067	0.614467
-1.422741	-0.640215	-0.486573	-1.068292	0.160461	0.436201	1.131096	0.892381	0.646193
-1.500552	-0.541209	-0.335770	-1.114586	0.037091	0.354861	0.903316	0.876114	1.008862
-0.860840	-0.462162	-0.620344	-0.765045	1.087994	0.629872	0.988261	1.078952	1.051266
-0.728246	-0.510139	-0.273316	-0.072184	0.790711	0.909916	1.159758	1.117603	0.671993
-0.678072	-0.621464	-0.282110	-0.677317	0.216366	0.223054	1.154008	0.973150	1.072753
-0.426872	-0.615097	-0.151516	-0.516304	0.247787	0.025888	0.877856	0.832024	0.976842
-1.277224	-0.527502	-0.886292	-0.187761	1.135149	0.813450	0.451635	0.969749	1.037297
-1.073232	-0.594935	-0.790115	0.027269	1.224793	0.760283	0.471822	1.307120	1.204190
-1.212196	-0.781045	-0.818402	-0.164696	1.297566	0.805071	1.093904	1.392236	1.157414
-1.288698	-0.518623	-0.841502	-0.660102	0.997307	0.675886	1.118018	1.062858	1.337019
-1.317695	-0.346076	-0.803744	-0.669273	1.028010	0.663524	0.950470	1.037031	0.894871
-1.667209	-1.049812	-0.651814	0.160214	0.744822	0.613916	0.931387	1.307242	1.514261
-1.592055	-0.925285	-0.974121	-0.126423	0.703255	0.577606	1.111033	1.217832	1.599355
-0.539306	-0.619221	-0.235955	-1.272634	0.704499	0.516575	1.225475	1.201557	0.880130
-0.603988	-0.872771	-0.121925	-1.093762	0.483795	0.385867	1.038935	0.993358	0.821277
-1.297052	-0.882251	-0.607401	-0.824158	0.319355	0.215549	1.270061	1.279509	0.801036
-1.293247	-0.789809	-0.975684	-0.971690	0.345082	0.349718	1.433382	1.200477	0.585253
-0.298779	-0.315771	0.425140	-1.203449	0.087771	-0.059238	1.440401	0.888024	0.750610
-0.400101	-0.259569	0.462971	-1.367913	0.355830	0.277253	1.284727	0.979880	0.819887
-1.658804	-0.715342	-0.177925	-1.001529	0.397856	0.391292	0.931387	1.307242	1.514261
-1.934132	-0.774721	-0.077950	-1.072527	0.284695	0.391272	1.068181	0.991687	1.315189
-0.283200	-0.728305	-0.641058	-1.227930	0.300685	0.011193	1.128525	0.911149	0.380092
-0.180837	-0.717502	-0.694604	-0.997362	0.429380	0.247455	0.941300	1.106882	0.618604
-0.098758	-0.237991	-0.193195	-0.802101	0.787101	0.521588	1.066584	1.261421	0.858103
0.088319	-0.242292	-0.371052	-0.688006	1.002965	0.347175	1.070169	1.042883	1.112697
-0.269890	-0.807278	-0.922796	-0.603789	0.287520	0.270914	1.210460	0.892404	0.741679
-0.272387	-0.535267	-0.754908	-0.691175	-0.027054	0.319171	1.133750	0.697868	0.872182
-1.667448	-0.812350	-0.795692	0.072216	0.579792	0.604416	1.135624	1.050948	0.962962
-1.698072	-0.667330	-0.868802	0.266499	0.968107	0.677368	0.966313	0.909930	1.019727
-1.281355	-0.449561	-0.549519	-0.158451	0.647909	0.625858	1.001456	0.947263	0.859814
-0.661418	0.135538	-0.824346	-1.588059	0.307146	0.154334	1.081922	1.049933	0.586507
-0.730175	0.292379	-1.065292	-1.916736	0.384687	0.044662	0.857910	0.935862	0.569666
-1.164407	-0.578619	-0.275710	0.029476	-0.065692	0.325010	0.944768	1.287485	0.410053
-1.442182	-0.646974	-0.650682	-0.353090	0.483992	0.580772	0.858361	1.386772	0.989731
-0.635153	-0.895111	-0.985064	-0.251156	1.369823	0.843182	1.142679	1.316824	0.650032
-0.754714	-0.748824	-1.321010	-0.468823	1.237940	0.921381	1.112234	1.220222	0.875819
0.087171	0.136929	-0.535994	-1.459316	0.333690	0.374909	0.857469	1.585706	1.014808
0.108811	0.406196	-0.537920	-1.262672	0.235357	0.291956	0.763776	1.251260	0.828699
-1.322005	-0.588182	-0.634876	-0.504327	0.373621	0.146545	1.161095	0.746241	0.441463
-1.048045	-0.464559	-0.562238	-0.513251	0.478760	0.117595	1.222840	1.155778	0.519819
-0.631097	-0.533636	-0.863169	-0.591204	0.948219	0.700352	1.001922	0.659543	0.610112
-0.495877	-0.590899	-0.517909	-0.728538	0.758165	0.569301	1.102405	0.819389	0.804489
-0.874357	-0.860324	-0.995312	-0.421513	0.217092	0.010544	1.292124	1.293842	1.695003
-1.103879	-0.693684	-0.868789	-0.717945	0.272869	-0.189988	1.093610	1.195178	1.796183
-1.850254	-0.875768	-0.216009	-0.015371	1.201598	0.917141	1.172970	0.810986	0.430314
-1.591525	-0.593663	-0.465569	0.282893	0.566184	0.314323	1.418047	0.817495	1.001598
-1.148566	-0.833270	-0.037997	-1.045332	1.017571	0.573566	1.399615	1.149425	0.697972
-1.163981	0.051293	-0.608772	-0.807948	0.317283	0.430628	0.792151	0.772746	0.821791
-1.333919	-0.244139	-0.732667	-0.732225	0.340279	0.476886	1.074138	0.804615	1.102792
-0.438559	0.434094	-0.559025	-0.984734	0.437317	0.322548	1.208522	0.752431	1.459201
-0.433690	0.019598	-0.506069	-1.037704	0.150914	0.321468	1.108875	0.928352	1.428286
-0.665543	-1.239317	-1.098631	-0.497606	1.472287	1.005469	0.853678	1.159427	1.089299
-1.320311	-0.419895	-0.655101	0.482382	0.127696	0.545344	1.055493	0.921900	0.671180
-1.151654	-0.626804	-0.850218	0.594034	0.196307	0.653431	1.413582	1.023525	0.511438
-0.661313	-0.644389	-0.486170	-0.025965	0.280212	0.634350	0.938623	0.977312	0.131107
-0.807912	-0.657405	-0.199389	-0.260077	0.315276	0.285394	0.965129	1.066569	0.019513
-1.001098	-0.231975	-0.478739	-1.726436	0.478341	-0.161891	0.929697	1.035188	0.894870
-1.120679	-0.035744	-0.562893	-1.652529	0.167822	-0.110006	0.813515	1.131506	1.236376
-0.799579	-1.356836	-0.250761	-0.001221	1.432176	0.760388	1.399830	0.922429	1.098499
-0.161961	-0.563883	-0.820310	-0.704025	1.070199	0.557370	1.179036	1.159071	1.246731
-0.153773	-0.904697	-0.666271	-0.635103	1.278368	0.359894	1.078773	1.379286	1.107029
-1.212055	-1.039519	0.060898	-0.264910	0.974011	0.712354	1.293930	0.856270	0.795481
-1.513537	-1.119003	-0.211144	-0.254598	1.089375	0.539153	1.501518	0.973140	0.986439
-0.197432	-0.904500	-1.602908	0.079608	1.101936	0.831930	0.943317	0.903426	1.183539
-0.523498	-0.938130	-1.547993	0.062126	1.437595	0.893010	1.016075	0.683424	1.359220
-1.450212	-0.154362	-0.440423	0.008774	0.393994	0.156559	1.003828	0.830513	1.169597
-1.324304	-0.397872	-0.360743	0.043827	0.204063	0.258698	0.990319	0.964498	0.760091
-0.928880	-0.573659	-0.440680	-0.209544	1.410094	0.527681	1.009297	1.054843	0.814421
-0.726185	-0.619817	-0.449443	-0.078129	1.467578	0.837046	1.199623	0.776058	0.606952
-0.449619	-1.223362	-1.136106	-0.373045	0.886527	1.015062	0.895550	0.836600	0.885950
-0.338538	-1.420944	-1.182828	-0.085803	0.778310	0.965800	1.086925	1.029503	0.578680
-0.495859	-0.634941	-0.282407	-0.176500	0.465604	-0.007935	0.966229	1.078484	1.388282
-0.231665	-0.796678	-0.085488	-0.151242	0.344978	0.246950	1.226590	1.103285	1.192768
-2.094009	-0.981585	-0.154667	-0.401844	1.303344	0.759651	1.128714	0.952316	1.043871
-2.187766	-1.118246	-0.123235	-0.055917	1.604289	0.776421	1.376681	1.097848	1.064149
-0.883021	-0.528568	-0.385205	-1.565264	0.131327	0.254741	1.000235	1.201482	0.551280
-1.326840	-0.784493	-0.149804	-0.253566	0.082169	0.200981	1.202505	0.887941	0.638178
-1.141449	-1.288348	-0.597724	-0.464972	0.317947	0.385760	1.257891	0.791173	0.981340
-0.967063	-0.368130	-0.357734	-0.363427	0.175001	0.289470	1.580965	1.039240	1.026721
-1.202783	-1.566178	-0.400482	-0.202681	0.835416	1.123999	0.892077	0.850046	0.512104
-1.154640	-1.313225	-0.538144	-0.402198	0.534485	0.906989	0.967904	1.048555	0.651464
-1.166224	-0.763539	-0.376468	-0.142894	0.220859	0.316889	0.788135	0.777762	1.487122
-1.052228	-0.966418	-0.172852	-0.186985	0.359413	0.459801	0.579705	1.007754	1.176138
-1.492614	-0.942372	-0.418256	-0.506208	1.126914	0.983649	1.086521	0.782832	1.289984
-1.739677	-0.850624	-0.562964	-0.396595	1.303232	0.760593	1.454976	0.897932	1.289486
-1.475881	-1.079431	-0.145744	-0.666932	-0.103878	0.219835	0.802105	1.124020	0.939457
-1.222926	-0.606399	-0.432461	0.218422	0.393395	0.129885	1.269610	1.158255	1.253296
-1.237292	-0.849265	-1.088918	-1.685664	0.782888	0.316638	1.108360	1.170684	0.565997
-1.420363	-0.717640	-1.274612	-1.272496	0.799286	0.606108	1.156582	1.150079	0.582191
-1.486778	-0.729001	-0.217056	-0.835184	1.241214	0.839054	1.372804	1.164822	1.146944
-1.234156	-0.726253	-0.136064	-0.653216	1.179768	0.570044	1.046700	1.391205	1.067498
-1.291371	-0.742416	-1.296001	-0.296936	0.957351	0.843812	1.356038	0.792987	0.788433
-1.605758	-0.743237	-1.046683	-0.311688	1.220649	0.812564	1.105482	0.623108	0.634246
-0.587001	-0.443751	-0.501943	-0.726316	0.904357	1.080516	1.136089	0.692633	0.817402
-2.046715	-0.896025	-0.431829	-0.139099	1.203657	0.836055	1.170213	1.222961	0.719047
-1.995492	-0.694589	-0.351865	-0.348396	0.818215	0.585849	1.021825	1.189072	0.864456
-1.555372	-1.018974	-0.933507	0.005438	0.965325	0.855055	1.021425	1.364357	0.819664
-0.740731	-0.868091	-0.194273	-0.099812	-0.015246	0.126595	1.083536	0.845112	0.710397
-0.838037	-0.367762	-0.167273	-0.246895	0.132149	0.142830	0.915689	0.883568	0.582285
-0.748037	-0.150531	-0.030810	-0.633109	0.275433	0.492312	1.108920	0.887891	0.896736
-0.745306	-0.445199	0.086983	-0.708429	0.399946	0.337868	0.804963	1.175907	0.725571
-0.416700	-0.164847	0.146386	-0.202072	0.809501	0.483646	0.495399	1.031145	0.760595
-0.463581	0.022998	-0.109415	-0.259640	1.164075	0.725723	0.667753	1.080542	0.936818
-0.295801	-0.946190	-0.171636	-1.223221	-0.039950	0.245603	1.279742	1.263614	1.046168
-0.475017	-0.735938	-0.425047	-1.035584	0.044912	0.005845	1.267755	0.925783	1.035170
-0.887174	-0.703359	-0.723127	-0.279910	0.565189	0.664225	1.000237	1.201482	0.551280
-0.867863	-0.511440	-0.882899	-0.088089	1.515447	0.877453	1.252311	0.980052	0.827645
-0.739493	-0.890129	-0.173165	-0.405237	1.100585	0.594608	0.869850	0.932818	0.918210
-1.044700	-0.653456	-0.102313	-0.566274	0.714678	0.532294	0.709559	0.969399	0.949144
-0.109792	-0.714652	-0.385628	-0.950116	0.254821	0.166715	0.845680	0.955163	1.490642
0.365798	-0.872407	-0.482452	-0.889338	0.214044	0.214681	1.122906	1.079118	1.453306
-1.097177	-1.061167	-0.700067	0.400062	0.621780	0.892624	1.354509	1.520709	0.349920
-1.096916	-1.189996	-0.602072	0.117589	0.635566	0.504668	1.169304	1.256097	0.405684
-0.782220	-1.126407	-0.256536	-0.006754	1.329677	0.675511	0.972080	1.365520	0.972591
-0.927655	-1.129407	-0.189999	-0.463332	1.159503	0.821228	1.222494	1.480958	0.900837
-0.444073	0.230642	-0.136364	-0.936805	0.417108	0.262346	0.887694	0.881053	1.254404
0.228439	-0.165234	-0.449859	-0.934108	0.339651	0.093814	0.899740	1.147190	1.635578
0.344161	0.351979	-0.197255	-0.923418	0.321896	0.235087	0.855101	1.191283	1.601465
-0.516061	-0.429178	-1.660571	-0.095514	1.386545	0.918151	1.069880	1.168542	0.811322
-0.870443	-0.566531	-1.037895	-0.651800	1.211612	0.566450	1.187677	0.936958	0.694371
-0.851245	-0.801694	-0.412905	-0.276104	1.052859	1.196687	1.382861	0.822650	0.520308
-0.774321	-1.000240	-0.391332	-0.219375	1.121057	0.787137	1.417894	0.823863	0.910551
-0.896319	-0.972633	-0.570539	0.121294	1.012345	0.993144	1.159604	1.436909	0.715986
-1.652727	-0.289264	-0.594423	0.320044	0.573919	0.407232	0.805958	0.995932	0.619670
-0.442791	-0.816722	-1.215854	-0.530636	1.050925	0.592236	1.262504	1.136258	1.104525
-0.010737	-0.945206	-1.216094	-0.508899	1.127182	0.888381	1.345127	1.103396	0.834554
-0.125097	0.023599	-0.465672	-1.344851	0.360814	0.384046	1.212479	1.157190	1.414429
-0.628507	-0.685199	0.184383	-0.385699	0.777996	0.998708	1.257421	0.899136	0.195762
-0.871873	-0.615130	0.161303	-0.155018	1.104361	0.857341	1.054459	0.814371	0.495857
-0.404194	-0.360372	-0.152600	-0.472304	1.287457	0.543903	1.120868	0.447676	0.679472
-0.409109	-0.074209	0.250294	-0.526210	1.198664	0.730811	0.970966	0.680391	0.811168
-1.071506	0.286677	-0.074649	-1.152087	0.076547	0.365584	1.390936	1.313436	1.350801
-0.801657	0.059622	-0.199212	-0.975078	0.359295	0.370852	1.191952	1.216713	1.054687
-0.923674	-0.623875	-0.088496	-0.183090	0.166370	0.302278	1.047410	1.240085	0.980232
-1.111103	-0.591382	-0.622928	-0.398026	0.362188	0.173377	1.193259	1.419162	1.251022
-1.596123	-0.652162	-0.690428	0.301896	1.103078	0.566996	1.418047	0.817495	1.001598
-1.578807	-1.200830	-0.970954	-0.110518	0.184330	0.667443	1.040139	1.312462	0.796658
-1.820852	-1.467304	-1.287804	-0.426581	0.401369	0.737983	1.009385	1.424844	0.832392
-0.728813	-0.637287	-0.984885	0.032532	0.655549	0.605749	1.018033	1.188241	1.060116
-0.570496	-0.665006	-0.853745	0.155952	0.617332	0.880291	0.712853	1.164731	0.648360
-0.542165	-0.222485	-0.162703	-1.024812	0.235825	-0.134849	1.013555	1.016102	1.463698
-0.396734	-0.212769	-0.170411	-0.628049	0.350797	-0.217462	0.732902	1.287980	1.246825
-0.401914	0.334954	-0.174127	-0.823816	0.442840	-0.005464	0.818136	1.627085	1.194111
-0.319792	0.345773	0.075655	-0.839394	0.363195	-0.005634	1.149552	1.559811	1.651303
-0.784604	-0.624890	-0.092100	-0.446980	-0.155875	-0.348127	1.182487	1.322149	0.815377
-0.962311	-0.489565	-0.281928	-0.137463	0.006347	-0.205204	1.376039	1.193996	0.471809
-0.638558	0.393408	0.170443	-0.163641	0.122011	-0.187455	1.162739	1.227274	0.542758
-1.272747	-1.678111	-0.130571	-0.541564	0.950986	0.573062	1.050155	1.022762	0.867910
-1.265475	-1.257338	-0.256095	-0.426387	1.099980	0.802102	0.851934	0.935229	0.587035
-1.506492	-0.713526	-0.403062	-0.379884	0.634958	0.813769	0.950697	1.657023	1.271999
-1.760033	-1.116865	-0.685131	-0.525932	0.664634	0.862022	1.027025	1.418757	1.150115
-2.147802	-0.700091	-0.467701	-0.336371	0.343709	0.749705	0.903607	0.969383	1.341565
-1.178465	-0.345143	-0.605742	-0.435345	0.622908	0.178097	0.819756	1.333937	0.882302
-1.164777	-1.093892	-0.795231	-0.959298	0.203823	0.444101	1.072253	1.009572	0.178888
-1.012689	-0.902538	-0.997356	-0.504532	0.029358	0.396212	0.869598	1.096527	0.339666
-1.105775	-0.695216	-1.074432	-0.524484	0.614988	0.628470	1.089108	0.949624	0.794167
-0.075284	-1.088193	-1.532525	-0.185328	1.447314	1.139199	1.126082	1.143142	1.364046
0.017090	-0.640155	-1.250955	-0.142717	1.268144	1.047115	0.893084	1.163631	1.191042
-1.062670	-1.096182	-0.207314	0.021443	1.259827	0.650023	0.842056	0.806413	0.887584
-1.484123	-1.120337	-0.267459	-0.110808	0.891819	0.451124	0.910099	1.647356	0.899521
-1.894255	-1.242257	-0.111699	-0.133129	0.600554	0.287407	1.085516	1.391051	0.912820
-0.145068	-1.511887	-1.038968	-0.270954	1.016142	0.837364	1.189069	1.068767	1.385627
0.038443	-1.452153	-0.903657	-0.368608	1.520360	0.835467	1.321235	0.847457	1.210545
-0.281687	-0.457674	-0.528601	-0.648849	0.315926	0.434336	1.265890	1.354019	0.840573
-0.674497	-2.122165	-0.507975	-0.595165	1.189536	0.742650	1.031508	0.656531	0.533508
-0.713785	-2.035232	-0.740865	-0.388219	1.132960	1.205464	1.049835	0.837884	0.779669
-1.529108	-1.195664	-0.796041	-0.570009	-0.270027	0.269503	0.870697	0.945491	0.755540
-0.410074	-0.222385	-0.173589	-0.162638	0.823645	0.550333	0.732902	1.287980	1.246825
-0.667485	-0.784955	0.033454	-0.403705	-0.291272	0.350288	0.971265	0.788058	0.045909
-0.496758	-0.648742	-0.042470	-0.298187	0.020538	0.544903	0.820402	0.890603	0.477465
-1.651158	-0.710187	-0.160059	-0.513976	0.788255	0.506740	1.435428	0.934921	0.429584
-1.571523	-1.310654	-0.355591	-0.489091	0.701444	0.534205	1.374098	0.896724	0.423790
-1.017057	-0.164918	-0.784583	-0.964902	0.204404	0.002665	0.998251	0.778390	1.088894
-1.441304	-1.475617	0.284724	-0.429754	1.189342	0.889612	1.256133	1.247303	0.668626
-1.814266	-1.492758	0.167844	-0.676341	1.098595	0.745928	1.388636	0.915533	0.437686
-0.405141	0.324008	-0.154122	-0.844370	0.380079	-0.027905	1.050938	1.189443	0.467797
-0.331445	0.194475	-0.381081	-0.616227	0.099656	0.168933	0.716018	0.935874	0.531720
-1.721283	-1.137538	-0.078259	-0.198901	1.448016	1.332940	1.125214	0.867224	0.734474
-1.752327	-0.947311	0.005193	-0.158034	1.386319	1.891150	1.016830	0.733338	0.933576
-0.873956	-1.066675	-0.176630	-0.454219	0.978827	0.794447	1.350189	1.353087	1.577963
-1.150084	-0.873842	-0.414395	-0.148495	0.879297	0.713573	0.997636	1.213105	1.687722
-0.967209	-0.170361	-0.723012	-0.233560	0.279232	0.339558	1.032045	1.599773	1.562353
-0.836626	-0.037730	-0.995283	-0.421513	0.217090	0.002646	1.289149	1.293791	1.695003
-0.874623	-1.428160	-1.203709	-0.395007	1.163036	1.147682	1.245108	0.880922	0.891256
-0.429906	-0.665129	-0.671502	-1.155344	-0.182871	0.053635	1.128243	1.007732	0.315724
-0.789110	-0.926002	-0.609291	-1.047445	-0.434088	0.193553	0.885667	0.857428	0.062808
-1.467383	-0.607307	-0.954259	-0.654982	-0.120167	0.318829	0.950963	1.070969	0.811560
-0.946010	-0.640491	-0.876076	-0.892860	-0.336530	0.157259	1.088417	0.949604	0.794167
-0.456047	-0.950103	-0.858472	-0.234567	0.934550	0.547447	0.890185	1.141871	0.789415
-0.579401	-0.823168	-0.804187	-0.333998	1.138728	0.706665	0.602401	0.859434	0.376272
-1.485584	-1.356647	-0.343939	-1.001502	0.138946	0.400078	0.895846	1.026599	1.309521
-1.099743	-1.219549	-0.373311	-0.954428	0.000870	-0.016794	0.699594	1.218202	1.229372
-1.214932	-0.058964	-0.615460	-1.139573	0.871166	0.353960	0.873400	0.970246	0.892035
-1.191124	-0.059308	-0.562894	-1.641349	0.680568	0.450216	0.816971	1.131506	1.236376
-0.738962	-0.852221	-0.765489	-0.617405	1.445223	0.786094	1.406069	1.237020	0.995334
-0.827508	-0.835739	-0.120112	-0.431550	-0.408007	0.029189	1.244661	1.090430	0.510611
-0.294139	-0.463864	-0.345551	-0.927458	1.522964	0.511187	0.953858	1.094039	1.383500
-0.363260	-0.373606	-0.087043	-0.855957	1.371009	0.559807	1.002999	1.080152	0.796345
-0.580196	-0.452171	-0.372898	-0.214436	0.050509	0.202783	1.143738	0.836411	-0.272242
-0.704850	-0.371522	-0.651459	0.090038	0.604605	0.441516	0.974303	0.938888	0.504993
-0.453312	-0.355872	-0.666745	0.107252	1.070203	0.383467	1.191046	1.298305	0.571364
-1.081590	-0.368635	-0.697152	-0.368708	-0.380077	0.425184	1.129038	1.019028	0.361996
-1.071068	-0.675069	-0.570081	0.167092	-0.420990	0.428502	1.311376	1.152185	0.239235
-0.771623	-1.094770	-0.310791	-0.717654	1.061514	0.742845	1.117197	1.367105	0.410212
-0.143835	-0.250960	-0.175515	-0.664001	-0.035482	-0.104463	1.122179	0.936668	1.237145
-1.368069	-0.815957	-0.591167	-1.011964	1.318466	0.752469	0.904696	1.430354	1.032402
-0.611753	-1.066262	0.152391	-0.253327	0.274545	0.234073	1.316610	1.209685	1.375694
-0.412753	0.034364	-0.555694	-0.620371	0.294876	0.394087	0.983126	1.164337	0.077058
-0.273609	0.333059	-0.467262	-0.136726	0.326795	0.214944	0.734643	1.154343	0.279590
-1.104877	-0.606535	-0.600117	-1.095534	0.354533	-0.046128	0.924538	1.137894	1.359506
-0.787581	-0.368242	-0.395507	-1.348729	0.294888	0.150822	0.980210	1.548518	1.253061
-0.257888	-1.257402	-0.903602	-0.273335	1.034087	0.752859	1.448030	0.845429	0.822157
-1.102137	-0.564816	-1.637140	-0.731400	1.251509	0.572715	1.313825	1.055936	0.385625
-0.890526	-0.609206	-1.599319	-0.677287	1.023403	0.479752	0.795384	1.071732	0.719612
-1.236641	-0.941139	-0.128035	-0.723600	1.300186	0.727047	0.667238	0.974935	0.975358
-0.721258	-0.036833	-0.260436	-1.628902	0.149472	0.271211	0.768295	1.172649	0.978995
-0.569108	-1.035285	-1.020532	0.430077	0.087109	0.632739	0.700627	0.261543	-0.040018
-0.569098	-0.696632	-0.713833	0.030634	-0.188198	0.402802	0.698301	0.261214	-0.040079
-0.304465	0.255989	-0.195001	-1.767929	0.592352	0.413598	1.038897	1.201282	0.880130
-0.991202	-0.540854	-1.065922	0.086844	0.228187	0.517786	1.127180	0.828170	0.741659
-1.287750	-0.040588	-0.388184	-0.434399	0.377398	0.030548	0.921470	1.178848	0.493570
-1.088895	-0.813882	-1.353113	-1.333239	1.031922	0.478099	0.886186	1.228252	1.006927
-0.584223	-0.814236	-0.431124	-0.621154	-0.046238	0.343546	1.350406	1.571352	1.058821
-0.904021	-0.547469	-0.406151	-0.553028	-0.371128	0.493043	1.244853	1.236113	1.334672
-0.282297	-1.017729	-1.202875	-0.166608	1.457672	0.795024	1.323159	1.600373	1.876830
-1.847503	-1.298996	-0.051680	-1.001864	0.393262	0.168567	1.310681	1.168810	0.869945
-1.401494	-0.859476	-0.009410	-0.826900	0.223686	0.290235	1.197558	1.072266	0.736573
0.263543	0.159134	-0.675580	-0.906417	0.336219	0.520757	1.057256	1.096632	1.253807
-1.164717	-1.225808	-1.165562	-0.355423	0.627928	0.985469	1.269951	1.282992	0.177235
-1.517348	-1.005300	-1.309276	-0.343304	0.373099	1.002883	0.781105	1.136325	0.249256
-0.374053	-0.578106	-1.311794	-0.382160	0.800278	0.680057	1.173877	0.730557	0.785437
0.106343	0.013253	-0.570275	-1.639976	0.024100	0.049924	0.999967	0.659543	0.610112
0.163021	-0.192068	-0.758974	-1.046280	0.034830	0.082490	1.139830	0.684202	0.876856
-2.224826	-0.390810	-0.608832	-0.187987	1.221834	0.642243	0.890849	0.979945	1.004762
-1.307889	-0.730344	-0.382807	-0.995352	-0.416617	0.206500	1.053932	1.181916	0.840132
-1.179060	-1.321025	0.057140	-0.087935	1.594050	0.673735	0.830453	1.047091	0.467229
-0.962563	-1.378451	0.156981	-0.184034	1.647940	0.764280	1.043098	1.077760	1.110212
-0.803727	-1.481659	-0.430948	-0.608885	1.513698	0.727862	1.104628	0.879883	1.082671
-0.558572	-0.317297	0.299450	-1.292300	0.209921	0.338007	1.157941	0.501249	0.389814
-0.561277	-0.554811	0.666282	-1.631812	0.067333	-0.019198	1.111834	0.784420	0.479551
-0.525863	-0.438082	-1.185044	-0.093035	1.242643	0.628059	0.702417	0.665769	0.911988
-0.250148	-1.421935	-0.358284	0.089513	1.395175	0.770156	0.986220	0.919710	1.503691
-0.112683	-1.279062	0.101970	-0.169225	1.155674	0.792597	1.023825	1.158402	1.165370
-0.159367	-0.006954	-0.820302	-0.704038	1.069250	0.557354	1.146011	1.159071	1.246731
-0.803585	-0.642461	-0.676410	-0.905801	0.336500	0.521287	1.218109	1.096632	1.253807
-0.769815	-0.000433	0.466009	-0.992325	0.111309	0.093887	0.670006	0.940846	1.231636
-1.276395	-0.977913	-0.925269	-0.263784	1.172336	0.772933	0.653718	1.620537	1.070045
-0.817991	-0.309579	0.234324	-0.597089	1.206387	0.579641	1.304420	0.979991	0.819887
-0.925271	-0.492411	-0.311681	0.540415	1.572698	0.926534	1.260114	1.289880	0.408971
-1.148620	-1.033498	-0.424229	0.242122	1.662144	0.924822	1.399615	1.149425	0.697972
-1.557628	-1.166947	-0.588464	-0.374707	0.028324	0.297516	1.237171	1.494581	0.861584
-0.502157	-0.713962	-0.772062	-1.265293	-0.013237	0.411371	1.365378	0.555935	0.114204
-0.167617	-0.631406	-1.269640	-1.074073	-0.358288	0.391799	1.300745	0.606813	0.341695
-1.143174	-0.320984	-1.953795	0.218202	0.712396	1.588293	0.800471	1.098953	0.576363
-1.124209	-0.488496	-1.448875	0.216134	0.891923	1.624805	0.331477	0.908744	0.674744
-1.648146	-0.868334	-0.840096	-0.246840	1.433050	0.485953	1.314588	0.909466	0.934803
-1.616158	-0.663659	-0.800833	0.322856	0.237958	0.066604	1.097221	0.998688	1.127845
-1.022126	-0.705287	0.134243	0.999448	-0.029857	0.729834	1.083885	0.622175	0.025882
-1.181525	-0.968776	-0.020305	0.784405	0.157127	0.669802	1.286785	1.118283	0.341830
-1.007598	-1.335227	-1.118045	-0.826232	1.100875	0.695431	1.136794	1.582081	1.205365
-0.734162	-1.257119	-1.547565	-0.548287	1.221371	0.874920	1.041585	1.174534	1.384716
-1.341538	-0.701901	0.140090	-1.321171	0.559216	0.186909	1.132636	0.997794	1.212000
-1.285011	-1.380637	-0.334571	0.035121	0.243113	0.759212	1.045861	1.150274	0.418676
-1.261173	-0.863311	-0.063913	-0.357363	0.945149	0.746259	1.237990	1.351132	-0.082842
-1.413490	-1.029958	-0.762083	-0.316159	0.892521	0.355390	0.578233	1.168331	0.660804
-0.980563	-1.242634	-0.780496	-0.404166	0.469307	0.386528	0.732569	0.863190	0.925763
-0.817646	-0.730909	-0.281914	-0.040926	-0.106322	0.504589	0.396784	0.937138	0.381519
-0.528581	-1.658034	-0.170996	-0.258480	1.252515	0.842012	1.132340	1.334240	0.602923
-0.567832	-0.403480	0.070388	-1.118799	0.927459	0.610140	0.891531	0.487334	0.347752
-0.960632	-0.471842	-0.395169	-1.001339	1.156893	0.744542	0.702630	0.799590	0.509744
-1.958738	-0.992982	-0.059807	-1.073451	1.142239	0.833349	0.988304	0.994738	0.618413
-2.162166	-1.193981	-0.293059	-0.770381	0.696571	0.464960	0.943039	0.771217	0.526353
0.116735	-0.242286	-0.333407	-0.688342	0.521926	-0.360672	1.070121	1.042883	1.112697
-0.560450	-1.063826	-0.607351	-0.208272	-0.234897	0.205326	1.097522	0.973511	0.298674
-0.653607	-1.286710	-0.192198	-0.371705	0.164580	0.191133	1.413996	0.734417	0.523898
-1.513792	-0.579261	0.104518	-0.342842	0.404037	0.404925	0.894462	1.202324	0.951388
-1.319107	-0.071788	-0.062062	-0.344534	0.184186	0.123200	0.643058	0.871012	0.990468
-1.830607	-1.478853	-0.463935	-0.879592	-0.287864	0.234796	1.101332	1.069934	1.080765
-1.033156	-0.747011	-0.796759	-0.221934	0.516462	0.297534	1.081968	0.766248	1.475143
-0.516183	-0.949391	-1.440968	-0.366032	1.197497	0.883424	0.522125	1.073893	0.710596
-2.411147	-0.937725	-0.113667	0.249759	1.624197	0.871690	1.153400	0.786240	0.439958
-1.285008	-0.911783	-0.464664	-0.670177	0.087176	-0.000080	0.648488	0.786176	-0.025138
-1.251679	-0.795345	0.110413	-1.055032	0.207333	0.209106	0.582122	0.498995	-0.062887
-1.317381	-0.921384	-0.408768	-0.165868	0.208927	0.612425	1.451721	0.826288	-0.341845
-1.267734	-0.914272	-0.203474	0.450235	0.231868	0.260452	1.522576	1.033098	-0.127877
-0.322786	-1.816176	-1.621523	-0.522743	1.218223	1.077383	0.992748	0.916038	1.078131
-0.118299	-1.573813	-1.924409	-0.772540	1.623167	0.885986	0.825100	0.889573	1.477847
-0.213975	-0.718766	-0.384710	-0.034219	0.658946	0.511926	1.120295	1.434128	1.277116
-0.827596	-0.075940	-0.195862	0.030952	0.002596	0.239827	1.411811	1.281563	0.960489
-0.504930	-0.376133	-0.166888	0.395937	0.251332	0.307024	0.958126	1.335484	0.751397
-1.205479	-1.181457	-0.096409	-1.446272	0.276830	0.227358	1.271376	0.900834	0.790242
-0.107730	-0.779694	-0.434310	-0.785467	1.036005	0.639472	1.213989	1.029324	0.507280
-1.751763	-0.665171	-0.370435	-0.067171	1.005345	0.616752	0.988699	0.491044	1.190413
-1.578180	-1.598758	-0.620639	-0.301840	0.679687	0.766689	0.728928	1.359171	0.665586
-1.520909	-0.521274	-1.186577	-0.085957	0.039901	0.339159	1.274508	1.418470	1.099591
-1.147216	-0.125467	-1.315488	-0.600697	0.067424	0.557234	1.119235	1.297376	1.135457
-1.700483	-0.362624	-0.520136	-0.589989	0.096941	0.249156	0.434313	1.085714	0.672916
-0.696178	-0.546683	-0.603851	-1.237876	0.506206	0.523754	0.537635	1.023756	0.849262
-1.515696	-1.206249	-0.933048	-0.500688	0.329053	0.548504	1.139947	0.619821	0.134480
-1.451410	-1.573863	-1.497052	-1.290818	0.939086	0.598294	1.043629	1.129051	0.985949
-1.397396	-1.421565	-1.433351	-0.988953	0.276394	0.287260	1.158655	1.024472	1.054457
0.014490	-0.243426	0.071980	-0.757844	0.427966	0.039748	1.394698	0.929451	0.596103
-1.204125	-0.231670	-1.862575	-0.565832	1.105423	0.911134	1.261948	0.994890	0.912254
-0.633090	0.141000	-0.609870	-1.240558	1.151161	0.219054	0.998484	1.015975	0.982982
-0.479539	-0.859362	-0.147550	-1.034370	-0.133306	-0.153729	1.259443	0.564714	0.039790
-0.852119	-0.348079	-1.483466	-1.030670	0.565620	0.466505	0.913449	1.089496	1.126217
-0.250523	-0.017717	-1.559508	-0.675840	0.611730	0.360526	0.664789	1.243937	1.014594
-0.919919	0.380393	-0.014212	-0.797842	0.492928	0.200376	0.865564	1.235211	0.737799
-2.094553	-0.852290	-0.222938	-0.044543	0.081313	0.283103	1.418119	0.958379	1.481674
-0.297100	-0.161125	-0.096937	-0.209180	0.731067	0.539484	1.349118	0.844338	0.629766
-1.528081	-0.459041	-0.481209	-1.280897	-0.574531	0.175915	0.775803	1.022712	0.070252
-1.184717	-0.585776	-0.420894	-0.875539	-0.336399	0.393968	1.105171	1.440295	-0.120685
-0.849855	-0.483602	-0.324460	0.047881	1.489198	0.730527	0.873886	1.479774	0.755723
-2.280723	-1.660585	-0.224644	0.325709	0.694744	1.037615	1.178954	0.828185	0.454890
-2.244544	-1.965954	-0.929067	0.345566	0.930669	1.041200	0.919896	0.990549	0.343962
-1.424444	-0.666948	-0.493245	-0.791700	1.505442	0.502344	1.181301	1.009759	0.492463
-1.201051	-1.047947	-1.150849	-0.146102	0.784256	0.419591	1.128424	0.498902	0.579612
-1.359626	-0.785777	-0.005499	-0.710586	-0.482231	0.106096	1.028715	0.794815	0.209356
-1.265062	-0.626720	0.002471	-1.016742	-0.034992	-0.329233	1.242023	0.398554	0.426658
-0.180758	-1.294177	-0.259505	-1.583356	0.273307	0.359130	1.056839	1.043480	0.824886
-1.636599	-0.428377	-0.973301	-0.301748	-0.121562	0.108938	0.987016	1.113104	0.269694
-0.698273	-1.326581	0.087226	0.121832	0.289240	0.772956	0.926293	0.669848	0.059868
-0.656064	-0.655338	0.601694	0.183051	0.329690	0.608993	0.966127	0.810784	-0.042990
-2.390185	-0.678705	-0.459100	-1.339649	1.072547	0.438618	1.154593	0.905093	0.565572
-1.102159	0.010403	-0.987471	0.486390	0.316846	0.659901	0.882176	0.838420	0.708662
-1.055937	-1.148311	-0.530736	-0.809621	0.611312	0.218938	1.208880	1.465045	0.052892
0.271698	-0.591951	-1.410626	-0.136713	1.690229	1.002396	0.724899	0.802881	1.043054
0.193341	-0.675395	-0.262555	-0.849627	-0.183927	0.314542	0.789602	1.113408	0.134522
-0.469969	-0.873427	-0.170270	-0.947126	-0.007337	0.366122	0.630258	0.960517	0.615867
-1.285884	-0.202562	-1.493516	0.466942	1.026388	0.859205	1.034192	1.213153	0.213767
-0.644393	-0.299062	-1.754673	0.231005	1.061871	1.375337	1.064952	1.168509	0.288155
-2.310461	-0.552951	-0.638657	0.147102	-0.255812	0.431467	0.981440	1.235696	1.097488
-2.783305	-0.444303	-0.529797	-0.162123	0.319863	0.468160	0.851753	1.382566	0.770523
-0.978910	-0.250302	-0.032834	-0.566345	0.030553	0.148048	1.270905	0.973141	0.110663
0.064368	-0.280511	-0.560433	-0.700110	-0.329079	0.348397	1.352345	0.914601	-0.690359
-0.423134	-0.706223	-0.115113	-0.719322	-0.504638	0.282088	1.213789	1.175762	-0.383760
-0.023915	-1.963932	-0.536747	-0.241053	0.922454	0.773817	1.160427	0.818054	0.705610
-0.454660	-1.356775	0.109736	-0.592450	1.264143	0.554652	1.399816	0.922429	1.098499
-0.303947	-0.092884	-0.598266	-0.007296	-0.252325	0.506533	0.856025	1.144200	0.816012
-0.151342	-0.428668	-0.988827	-0.386587	1.207099	0.648929	0.845136	0.829531	1.841041
-0.154030	-0.892167	-1.328964	0.033210	0.772863	0.688939	1.245893	0.746357	1.772386
-1.077679	0.192626	-1.270038	-0.643825	0.597753	0.467618	0.673915	1.555144	1.080475
-2.614161	-1.357750	-0.772358	0.195685	1.075297	1.224570	1.290944	0.957216	0.029152
-1.145870	-0.749599	-0.887287	-0.297046	-0.455407	0.074045	0.803608	0.688689	-0.067902
-1.115164	-0.401531	-1.117566	0.077193	-0.318103	0.597375	1.093945	0.329928	0.182502
-0.839008	-1.073378	-0.294420	-0.624062	0.444651	-0.180966	0.909360	0.715374	1.159839
-0.721027	-0.748269	-1.766262	-0.450266	1.744899	1.117775	0.995831	1.040860	1.727412
-0.229897	-1.002065	-1.907750	-0.242567	1.428449	1.375341	1.272600	1.553595	1.611386
0.500321	-0.595500	-0.446866	-0.602529	0.886422	0.416450	0.914774	0.895498	1.041171
0.335483	-0.157984	0.238744	-0.518427	0.542845	0.534662	0.969410	0.769140	1.290895
-0.117666	-0.696875	0.119358	-0.032867	0.181283	0.482281	0.599898	0.519142	-0.095438
0.071011	0.319384	-0.398510	-0.698179	-0.404580	0.444986	1.103654	1.233732	1.334672
-0.426943	0.155422	-0.569047	-1.100527	-0.387215	0.080853	1.076508	1.088607	0.697810
-0.893737	0.012992	-1.392735	-0.304083	0.061464	-0.249033	0.754315	1.121276	1.078774
-0.856336	-0.015770	-1.684104	0.025050	0.131661	0.345686	0.157539	1.176573	1.189243
-2.662317	-0.972492	-0.241402	-0.569204	1.350521	0.773187	0.951110	1.030767	0.465319
-1.218537	-0.944633	0.290187	0.462861	0.796970	0.609249	1.242630	0.852155	0.294994
-0.256837	-0.787307	-0.492766	0.215401	-0.109577	0.335263	1.037167	0.614586	-0.627205
-1.754790	-0.801411	-0.360155	-0.878529	-0.356548	0.380277	1.319524	1.532861	0.510513
-1.320124	-0.031720	-2.100585	0.088352	0.994907	0.989205	1.264934	1.534646	0.635042
-2.561874	-1.111921	-0.490335	0.209143	1.164711	0.932318	1.501543	1.307950	1.050585
0.229429	-0.419187	-0.202074	-0.019199	0.013595	-0.101113	1.505058	0.565171	0.867021
0.189423	-0.451438	0.085412	-0.328908	-0.255732	0.268862	1.071858	1.226533	0.778463
-1.046371	-0.880726	-0.063705	-0.340835	0.473753	0.377055	0.789828	0.191422	0.853594
-0.476738	-0.651667	-1.197485	-0.286849	0.093962	0.387986	1.192834	0.873364	0.286105
-0.833278	-0.327590	-1.493690	-1.110206	0.164189	0.333632	0.998554	0.821672	0.145691
-1.599774	-2.068527	-0.385378	0.307380	1.065537	1.629425	1.121231	0.964870	1.813411
-1.725730	-2.568710	-0.590702	0.522803	1.493780	1.157928	1.016103	0.560078	1.451034
-0.060420	0.049233	-0.880155	-0.727445	0.334070	0.312205	1.235147	1.472216	0.900490
-1.833514	-0.154544	-1.460578	-0.238411	1.391708	0.883512	0.585870	0.965653	1.748007
-1.045433	-0.457278	-0.605230	-1.628748	0.316049	0.414512	0.693685	0.728712	0.263090
-1.843200	-0.590546	-1.293996	-0.490779	0.318086	0.603253	1.340931	0.838546	0.656078
-0.564054	-0.609983	-0.004019	-0.548723	-0.012908	0.460954	1.225039	0.210605	0.009728
-1.938838	-0.598021	-0.865431	-1.171110	0.486772	0.580236	1.099575	1.456055	1.025953
-0.296646	-1.597534	-1.843664	-0.446299	0.611867	0.812963	1.407431	1.077221	1.659036
-1.830607	-2.297032	-0.881079	0.341428	0.526650	0.957520	1.101332	1.069934	1.080765
-1.737596	-1.665130	-0.555179	0.160621	0.295830	0.643772	1.280169	0.499795	0.553353
-1.109507	-0.687440	-1.174948	0.148553	-0.409514	-0.274813	1.348197	0.717491	0.727834
-0.416885	-1.672282	-0.746349	-0.830563	0.910099	1.046244	0.996828	1.256024	0.184898
-0.032230	-1.034238	-0.205196	-0.278584	0.976832	0.614316	1.094701	1.645711	0.388262
-1.161812	-0.918786	-2.339823	-0.151301	0.393585	0.656383	1.070549	1.117851	0.703127
-1.454521	-0.880453	0.173812	-0.232974	-0.575112	0.048975	1.070882	1.188711	-0.374514
-2.788695	-0.667293	-1.256287	-1.072593	1.180740	0.750849	0.585634	1.003640	1.098904
-2.428711	-0.255544	-0.206764	-0.802019	-0.356674	-0.085656	1.120159	0.928843	0.649172
-1.927980	-0.319719	-0.726393	-0.867345	1.136513	0.614748	1.472682	0.752431	1.459201
-1.952456	-1.972238	-0.194405	-0.499375	1.275698	0.735896	1.032904	1.096133	1.410250
0.412416	-1.309311	-1.041865	-0.616344	0.022217	0.514552	0.974476	0.587674	0.151578
-1.131930	-1.487722	-0.136371	0.114178	-0.082746	0.115617	0.898856	1.407233	1.312167
-1.172793	-0.713331	-1.266212	-0.500539	-0.417893	0.023404	-0.125818	-0.023585	0.235501
-1.911758	-0.118759	-1.707801	-0.860068	0.238036	0.209138	0.131824	0.858648	0.703666
