0.299797	0.826707	0.256784	-0.997199	1.061349	0.146722	-0.024943	0.395454	0.487616
0.217854	0.818032	0.343283	-0.997162	0.991388	0.149782	0.035988	0.455241	0.410903
0.659035	1.023608	-0.565555	-0.038855	-0.417764	-0.475648	-0.856303	0.155444	0.760206
0.709960	1.111638	-0.580768	-0.191451	-0.329041	-0.356259	-0.950774	0.244184	0.805217
0.089030	1.212547	-0.580734	-0.735828	0.008800	-0.163695	0.111228	0.853811	0.769030
0.060091	1.360514	-0.655241	-0.733867	0.000906	-0.381555	0.175982	0.805449	0.783753
0.519480	1.062930	-0.517635	-0.322614	-0.569950	0.246073	-0.717075	0.035176	0.527475
0.473440	1.064182	-0.305510	-0.180021	-0.452938	0.220679	-0.739373	0.002291	0.501095
0.153133	1.002033	-0.819195	-1.147064	-0.234115	-0.979709	0.100504	0.925888	0.879999
0.258226	1.099689	-0.727636	-1.069670	-0.172503	-0.824056	-0.052037	0.879685	0.905175
0.039345	0.626866	-0.160543	-0.807595	0.288988	-0.015827	0.647681	1.051743	0.858033
0.028299	0.589289	-0.322707	-0.704860	0.409768	0.031277	0.549485	0.919480	0.765029
-0.189038	0.934535	-1.044602	-0.741311	-0.596239	-0.210973	0.117801	1.101448	0.623919
-0.209609	0.993645	-0.969204	-0.575530	-0.483648	-0.029911	0.067333	1.080181	0.493350
0.215605	0.964961	-0.290121	-1.050710	0.407166	0.117468	0.149319	1.062246	1.258284
0.279880	0.851808	-0.345199	-0.995866	0.317880	-0.017048	0.368051	1.138154	1.231223
-0.110157	0.830020	-0.120762	-0.925848	0.394590	-0.126108	0.092711	1.116429	1.380264
0.081526	0.747587	-0.198044	-0.917198	0.174363	-0.114985	0.100841	1.172384	1.325130
0.560773	0.913290	-0.238832	-0.467452	0.348254	-0.314468	0.109952	0.725134	0.713402
0.602133	1.161573	-0.282814	-0.439653	0.171014	-0.390275	0.122715	0.715708	0.757270
0.362597	1.013532	-0.684105	-1.118846	0.334436	-0.285699	0.059711	1.038037	0.781791
0.295423	0.937668	-0.778979	-0.903832	0.453029	-0.259111	0.076428	1.012659	0.625417
0.009468	0.908540	-1.382489	-1.077053	0.074223	-0.340719	0.230787	0.964662	0.878256
0.026874	0.927699	-1.482184	-1.307595	0.153228	-0.159005	0.170577	0.959684	0.833448
0.501358	0.828854	-0.458888	-0.612503	-0.516143	-0.373558	-0.363024	0.234499	0.848057
0.609472	0.658432	-0.392755	-0.538276	-0.487284	-0.440740	-0.214995	0.365323	0.718658
0.423171	0.421407	0.029021	-0.366374	0.249032	0.319924	0.455517	1.127943	0.884030
0.605050	0.419785	-0.136755	-0.534276	0.278674	0.312573	0.385050	1.116738	0.729154
0.516920	0.767345	-0.041303	-1.029653	0.046642	-0.088691	0.283443	1.069537	0.627082
0.312628	0.852182	-0.194440	-0.979150	0.064163	-0.186082	0.343914	0.916483	0.712057
-0.306005	0.726128	-0.918118	-1.596039	0.751917	0.380313	0.313792	0.993277	0.529750
-0.045669	0.920182	-0.900872	-1.580934	0.775991	0.481799	0.265854	0.986057	0.586279
-0.038974	0.885954	-0.792872	-0.911788	0.284264	0.280431	0.259054	1.183955	0.756163
0.049123	0.838306	-0.701416	-0.855277	0.219645	0.295544	0.283713	0.871904	0.761657
0.068533	0.889857	-0.349423	-0.345146	0.723204	0.363950	0.599603	1.135081	0.972461
-0.074791	0.851453	-0.349011	-0.445985	0.919950	0.294656	0.620294	0.918806	0.933373
-0.185938	1.185507	-0.359873	-0.674599	-0.246344	-0.278314	0.008058	0.807041	1.138006
-0.360451	1.059878	-0.488273	-0.648358	-0.171749	-0.094268	0.158816	0.801967	1.114263
0.000427	1.134669	-0.802772	-0.641961	0.358283	0.236708	0.112393	0.837556	1.441243
0.034660	1.052006	-0.627584	-0.556223	0.354216	0.248222	-0.087495	1.045428	1.363186
-0.400919	0.901833	-0.598068	-0.605749	-0.077155	-0.283524	-0.077123	0.724671	0.690140
-0.431664	1.041867	-0.777805	-0.749590	-0.080815	-0.368370	-0.231627	0.660021	0.866827
-0.114152	0.811780	-1.151939	-0.750292	-0.124010	0.184700	0.366712	1.110628	0.559711
0.078113	0.847768	-1.303675	-0.520787	-0.179414	0.246715	0.379395	1.117851	0.703127
0.566314	1.092895	-1.093885	-1.066411	0.065690	0.303139	-0.037779	0.898011	1.092497
0.572544	1.060708	-1.048070	-0.809610	-0.050064	0.255867	-0.236293	1.027402	1.148646
0.116695	0.508095	-0.098366	-0.583518	0.698877	0.133877	0.489945	0.755170	0.184672
-0.100942	0.389129	-0.042888	-0.512781	0.816312	0.255674	0.485552	0.661300	0.380046
-0.031503	0.996351	-0.915334	-0.332821	-0.303986	-0.188796	0.058019	1.291512	0.839559
0.039976	0.900346	-0.924254	-0.280661	-0.061924	-0.144283	0.205020	1.090240	0.758412
-0.422301	0.947891	-1.319587	-0.466266	0.133769	0.362346	0.214918	0.825324	0.821062
-0.406366	0.877707	-1.316651	-0.470712	0.331245	0.471394	0.248873	0.780060	1.117298
-0.024202	0.787122	-0.222793	-0.252103	-0.159711	0.264719	0.242129	1.446174	1.078263
0.049612	1.053216	-0.245899	-0.304457	-0.145372	0.333497	0.235449	1.195585	1.052330
0.073621	1.204036	-0.832392	-0.573923	-0.242829	-0.659842	0.061484	0.855167	0.605714
0.172381	1.195272	-0.830662	-0.455659	-0.020621	-0.557356	0.056738	0.914343	0.852708
0.699320	0.948910	-0.317142	-0.357720	0.167718	-0.375042	0.249404	0.825314	0.962791
0.386259	0.721002	-0.535472	-1.362849	0.047771	0.060616	-0.031354	1.063512	1.242331
0.440936	0.843396	-0.550839	-1.093541	-0.017064	0.141464	0.021068	1.216810	1.092010
-0.138819	0.921848	-0.925476	-1.404963	0.462060	-0.221860	0.168196	1.101283	0.899360
-0.262616	0.992119	-0.720702	-1.263304	0.322217	-0.103325	0.165422	1.022296	0.729333
-0.627049	0.781508	-0.589087	-0.494052	0.102515	0.097564	0.143239	0.981237	0.959575
-0.752510	0.911078	-0.577927	-0.231384	0.240098	-0.021062	0.117819	1.030068	0.841768
-0.177461	1.040024	-0.116521	0.168421	0.096102	0.017669	0.287460	1.019538	1.080610
-0.430882	0.875493	-0.028500	0.202090	0.033353	-0.111594	0.118995	0.963719	1.088143
-0.017663	0.880218	-0.751055	-1.284169	0.178919	-0.388181	0.240627	1.065414	1.148646
0.017332	0.899181	-0.996555	-1.182198	0.229217	-0.479054	0.226731	1.304541	1.021586
-0.006097	0.565189	-0.383380	-0.306201	0.402306	0.147869	0.548079	0.973030	0.921092
-0.098158	0.702136	-0.483654	-0.247806	0.240502	0.204152	0.362199	1.151668	1.063694
0.446746	0.895911	-0.043424	-0.984075	-0.046332	-0.115135	0.124762	0.972366	0.934226
-0.475728	1.103095	-0.197115	-1.182246	0.149968	-0.308663	0.156296	0.857232	1.165388
-0.478202	1.018237	-0.209259	-0.996070	0.371371	-0.331783	0.258358	1.100273	1.183701
0.190629	0.899000	-0.935713	-0.941590	0.387816	-0.063275	0.146652	0.863067	1.033069
0.371134	0.799002	-0.732345	-0.953871	0.415918	0.192307	0.182025	0.805035	1.116584
-0.116969	0.527432	-0.203550	-1.070048	0.415656	-0.264763	0.558745	0.991463	0.974275
-0.018349	0.774828	-0.215979	-1.186036	0.300508	-0.187701	0.370221	0.857005	0.898868
0.411843	0.714261	-0.286269	-0.213558	0.969979	0.586173	0.364575	1.025470	0.523502
0.654457	0.801249	-0.139583	-0.308575	0.875261	0.691094	0.417044	0.816250	0.520230
0.029481	0.792136	-1.578792	-0.952700	-0.265728	-0.469586	-0.421665	0.755280	0.984478
-0.008493	0.696566	-1.657149	-0.795690	-0.355721	-0.336429	-0.167448	0.931866	1.024461
0.017539	0.676036	-0.681311	-1.696590	0.227922	-0.361392	0.407067	1.337771	0.599281
-0.023160	0.677769	-0.658706	-1.966253	0.246259	-0.255305	0.410185	1.057201	0.583588
-0.367173	1.157395	-0.488873	-0.820917	-0.250963	-0.484164	0.038805	0.945639	0.707889
-0.470302	1.114531	-0.346046	-0.654553	-0.090671	-0.382940	0.291406	0.981032	0.778738
-0.195393	1.210878	-0.747357	-0.674872	-0.010867	0.099689	0.219698	0.853777	1.092506
0.033487	1.006349	-0.782534	-0.619392	-0.140311	0.067242	0.279360	1.064459	1.152124
0.029556	0.981913	-0.577583	-0.010673	-0.042130	0.171070	0.013541	0.954724	0.769325
0.079068	1.139142	-0.518517	-0.293366	-0.076766	0.304454	-0.004356	0.766070	0.818089
-0.114718	0.926369	-0.515581	-0.965468	-0.379818	-0.319194	-0.723072	0.163820	1.079254
-0.214928	1.121777	-0.376545	-1.057312	-0.443661	-0.235279	-0.536420	0.071379	0.885059
-0.488234	0.996709	-0.975949	-0.730399	0.279593	-0.310574	0.079667	1.109446	0.591759
-0.336542	0.953723	-1.067945	-0.923764	0.194112	-0.490776	0.056356	0.991989	0.803215
-0.203118	1.387823	-1.297885	-0.397237	-0.367850	-0.282485	0.076697	1.045005	1.526324
-0.130768	1.206363	-1.400882	-0.277772	-0.183034	-0.120691	0.011035	1.005135	1.324891
0.056520	0.745344	-0.032986	-0.763537	-0.251649	0.108839	0.534087	0.886203	0.602123
-0.005978	0.734129	-0.174273	-0.851591	0.052398	0.082659	0.531834	0.750608	0.770293
0.418960	1.066170	-0.748259	-0.322983	0.458717	0.183425	0.240162	0.827931	1.421388
0.309668	1.110547	-0.759078	-0.110420	0.373233	0.183712	-0.074957	0.838263	1.346383
-0.053591	0.933403	-0.982074	-0.278389	0.228627	-0.040518	-0.005944	0.692662	0.479479
-0.174749	1.001295	-1.017048	-0.637293	0.210951	-0.050573	-0.002969	0.713477	0.625881
-0.087497	0.495019	-1.151900	-0.660510	0.600614	0.498880	0.229116	0.919425	1.030720
-0.180925	0.467528	-1.035075	-0.670191	0.533907	0.393792	0.518632	0.908065	1.257439
-0.237578	0.537218	-0.348938	-0.738864	0.252513	0.215239	0.816895	1.054728	1.104081
-0.134711	0.727100	-0.196620	-0.476795	0.252730	0.160220	0.695165	1.089299	0.970834
0.239483	0.997810	-1.473318	-0.905996	-0.020309	0.451481	-0.095137	0.584107	0.847943
0.108477	1.043056	-1.234393	-0.869680	0.055236	0.174305	0.008444	0.639836	0.885416
-0.598171	0.625069	-0.413710	-0.745191	0.328817	-0.082438	0.261674	0.781767	1.094273
-0.413104	0.807503	-0.299714	-0.749670	0.043496	-0.145991	0.271487	0.878669	1.083938
-0.139953	1.072837	-0.280041	-0.143512	-0.362191	-0.112457	0.127426	0.688224	0.467510
-0.173259	1.166445	-0.492800	-0.209290	-0.429815	-0.118888	0.085158	0.980162	0.635895
-0.691442	0.564966	-0.109723	-0.841875	0.262257	0.122686	0.375722	0.927643	0.640531
-0.341910	0.671085	-0.097978	-0.819694	0.192114	0.196007	0.361004	0.792844	0.504725
0.059453	0.928986	-0.772554	-0.519726	0.321317	0.189511	0.187518	1.320803	1.394537
0.049020	1.056126	-0.899103	-0.239006	0.091696	0.280537	0.133155	1.236337	1.373204
0.163829	0.980738	-0.758608	-0.182631	0.326477	-0.283930	0.270632	1.156654	1.794952
0.175389	0.909820	-0.876889	0.060398	0.276429	-0.083654	0.278361	1.256328	1.567000
0.401527	0.854414	-0.580655	-0.951290	0.245033	-0.163640	0.295197	1.116411	0.832380
-0.153858	0.620897	-0.053002	-1.355778	0.300801	-0.084585	0.485492	1.012403	1.100087
0.211661	0.954477	-0.137067	-0.366290	-0.051831	-0.320547	-0.533199	-0.009564	0.938771
0.401601	0.913999	-0.287887	-0.281789	0.155107	-0.371093	-0.687052	0.207503	0.906646
0.334221	1.028614	-0.410085	-1.244914	0.250790	-0.606560	-0.198326	0.759473	0.785894
0.216838	1.177278	-0.235440	-1.176600	0.088252	-0.558313	0.068567	0.858082	0.850097
0.434995	0.625542	-0.067849	-0.106823	0.149017	0.155387	0.342922	0.546747	0.647079
0.268602	0.804095	-0.207288	-0.217696	0.117875	0.355155	0.533460	0.589304	0.769535
0.202359	0.820628	-0.459210	-0.924677	0.154644	-0.603734	0.066669	0.848495	1.030992
-0.049543	0.986226	-0.543350	-0.831212	0.034442	-0.565006	0.058998	0.667689	0.854896
-0.601589	0.980000	-0.921075	-0.719367	0.634723	-0.006433	-0.038625	1.024472	0.987399
-0.860455	0.897478	-0.955283	-0.862793	0.511323	0.094825	0.084893	1.112353	1.200237
0.507065	0.922364	-0.879959	-0.680383	-0.065235	-0.207115	0.229749	1.085802	1.264922
0.432282	0.969694	-0.561336	-0.752761	-0.220295	-0.270383	0.036668	1.118111	1.169681
0.276721	0.790244	-0.666655	-0.505053	-0.012151	-0.006242	0.495171	0.787344	0.716751
0.075599	0.747736	-0.541786	-0.437188	0.096605	-0.123865	0.565116	1.083644	0.620665
0.543370	1.087346	-1.052620	-0.393069	-0.117538	-0.275598	-0.365207	1.084593	1.000425
0.657770	0.831801	-1.240801	-0.359045	-0.198874	-0.152122	-0.271686	0.995325	1.196044
-0.119834	0.948231	-1.294781	-0.581747	-0.198546	-0.322373	-0.321570	0.834433	1.294126
-0.075419	0.842993	-1.340168	-0.644247	0.062703	-0.124570	-0.478449	0.873119	1.094644
-0.033934	0.861208	-0.664802	0.552895	-0.209377	0.075273	-0.055864	0.121706	0.600121
0.221923	0.866317	-0.513612	0.486398	-0.289427	0.021391	-0.265685	0.340859	0.598785
0.032559	0.995825	-1.279042	-1.019712	-0.523222	-0.093563	0.112294	0.715389	1.520937
0.243860	0.979066	-1.153191	-1.126167	-0.224828	-0.011686	0.144850	0.861076	1.598057
-0.139627	1.026077	-0.654534	-0.342407	-0.471572	0.272928	-0.231648	0.639959	0.566412
-0.385468	1.111285	-0.735478	-0.472117	-0.573872	0.246111	0.024722	0.806555	0.544740
-0.026873	0.705411	-0.303511	-2.270983	0.372674	-0.037110	0.170580	0.860057	0.830943
-0.071634	0.734059	-0.297122	-2.241338	0.084488	0.221563	0.373576	0.884445	0.802411
-0.210008	0.663022	-1.070624	-0.534722	0.448683	0.036217	0.334845	1.104546	0.591726
-0.154703	0.795379	-1.196182	-0.476781	0.291163	0.176968	0.082149	1.217892	0.782046
-0.306105	0.132730	-0.176671	-0.821876	0.350993	-0.567304	0.420010	1.223561	1.516064
-0.156340	0.288669	-0.170597	-0.628337	0.350794	-0.469899	0.585703	1.287566	1.246825
0.551875	0.255250	-0.669473	-0.839664	0.261372	0.013104	0.552722	0.720772	1.186345
0.289936	0.248460	-0.596129	-0.745734	0.217698	0.020696	0.359683	0.732070	0.909737
0.084743	0.683935	-0.447077	-0.484151	0.884423	0.242495	0.356388	0.876121	0.331245
0.125055	0.825072	-0.471873	-0.216500	0.938974	0.546175	0.327865	0.846772	0.421076
0.082490	0.753372	-0.513767	-0.749918	0.737662	0.501049	0.356978	0.956804	1.110069
0.003926	0.586272	-0.382741	-0.756423	0.889246	0.376076	0.554190	1.186909	0.975018
0.501064	1.075322	-0.799428	-0.549625	-0.084989	-0.233150	-0.136947	0.789212	0.503018
0.563737	0.979556	-0.831657	-0.707603	-0.113842	-0.302427	0.258244	0.739502	0.466406
0.180527	0.805190	-0.795805	-0.937334	-0.752537	-0.048148	0.097897	1.120803	0.897099
-0.170968	0.871630	-0.870466	-1.006093	-0.766065	0.015618	0.114929	1.125889	1.147766
0.107199	1.040402	-0.620885	-0.936533	-0.172170	-0.754459	-0.692024	-0.003418	1.127038
0.067117	1.086925	-0.786499	-0.728644	-0.045907	-0.836089	-0.647210	-0.328886	1.094827
-0.568218	0.563855	-0.621936	-0.363269	0.301594	0.066111	0.540813	1.054747	0.961675
-0.588564	0.739720	-0.648931	-0.705008	0.379648	-0.009089	0.578153	1.028616	0.749121
-0.279707	0.993262	-1.054270	-0.799801	0.230392	-0.205827	0.119227	1.047351	1.187788
-0.289148	0.617453	-1.012416	-0.806280	0.355939	-0.227622	0.247052	0.904193	1.295881
0.034328	0.910731	-0.325177	-0.661908	0.077377	-0.415754	0.167730	1.269457	1.200999
-0.056417	0.849959	-0.494825	-0.462979	0.019564	-0.362120	0.188988	1.077889	1.491719
0.929617	0.713805	-0.168784	-1.469722	-1.074536	-0.301119	-0.185887	0.592626	0.434750
0.917007	0.753574	-0.331381	-1.237986	-0.998780	-0.397850	0.127282	0.640140	0.543771
0.296810	0.906051	-0.350349	-0.430167	0.056827	-0.371792	0.418267	1.070207	0.792831
0.209904	0.984687	-0.646513	-0.511093	0.121499	-0.305812	0.164818	1.058709	0.961574
1.126122	1.011459	-0.783746	-0.215508	-0.843205	-0.799443	-1.127859	-0.284308	0.714020
1.206461	0.964935	-0.784218	-0.258621	-0.575469	-1.056527	-0.994221	-0.119743	0.573003
0.263003	1.074436	-0.712311	-0.638712	0.277474	0.018228	0.182523	0.990137	1.619753
0.431081	1.031076	-0.486897	-0.497996	0.165452	-0.139242	0.343950	1.065154	1.411150
-0.204442	0.733899	-0.236510	-1.403038	0.303601	0.123735	-0.026313	0.631955	0.587916
-0.096984	0.687642	-0.176408	-1.383149	0.263010	0.166160	0.252210	0.880289	0.819887
-0.447086	0.713700	-0.345990	-0.398100	0.136785	0.056576	0.086384	0.824940	1.136885
-0.114844	0.544608	-0.204110	-0.474002	0.252627	0.111976	0.119063	0.744941	0.976373
-0.282216	0.955567	-0.788760	0.139096	0.238839	-0.856703	-0.055195	0.429051	1.111946
-0.400106	0.620335	-0.807135	-0.089254	0.110571	-0.816236	-0.196570	0.387231	1.113092
-0.626570	0.785924	-0.774111	-0.494908	0.005121	-0.151889	-0.801844	0.185084	0.959575
-0.912128	0.994042	-0.880782	-0.418551	0.158023	-0.042176	-0.856223	0.075758	0.794426
1.045887	1.128347	-0.403757	-0.541591	-0.498126	-0.827816	-1.052739	-0.033382	0.573002
0.856909	0.964031	-0.493864	-0.251131	-0.554857	-0.649263	-1.009171	-0.199820	0.560347
0.479364	0.950985	-0.177333	-1.119084	-0.191705	-0.265466	0.161918	0.917353	1.601463
0.600153	1.012496	-0.301331	-0.808143	-0.184157	-0.101327	0.104901	1.153545	1.537739
0.149159	1.021432	-1.522308	-1.006346	-0.249188	-0.410377	-0.204124	0.848261	1.219854
0.270532	0.757207	-0.059389	-0.294987	0.208901	0.090770	0.287222	0.937703	0.445480
0.134401	0.905262	0.149690	-0.104952	0.283031	0.106499	0.234128	1.056965	0.162917
0.558327	1.051940	-1.227633	-0.688342	-0.298865	-0.086321	-0.163158	1.015596	1.112579
-0.144406	0.924290	-0.157115	-0.437230	-0.196598	0.061578	-0.364203	0.175616	1.234523
0.161003	0.951836	-0.428769	-0.292452	-0.145710	0.110799	-0.460831	0.319534	1.223367
-0.738528	1.243301	-1.251585	-1.807725	0.051271	0.008321	-0.054404	1.223656	0.636755
-0.708084	1.057429	-1.097006	-1.916736	0.228999	-0.151908	0.030917	0.933651	0.569666
0.393419	1.081976	-0.259106	-0.327682	0.752909	0.405281	0.126942	0.942163	0.748618
0.339835	1.036591	-0.256715	-0.660580	0.869252	0.554699	0.375130	1.036386	0.803372
0.584952	0.953482	-1.239161	-1.211787	-0.227797	-0.348756	-0.190874	0.677206	0.243281
0.525536	0.898135	-1.032235	-1.093471	-0.409113	-0.073598	-0.169821	0.786420	0.448533
0.126780	0.847685	-0.534404	-0.431198	-0.312087	-0.898171	-0.499558	-0.008608	0.745440
0.125850	0.948471	-0.620387	-0.719181	-0.205074	-0.829215	-0.662277	0.266648	0.837238
-0.258587	0.890849	-0.459022	-1.008545	0.596770	0.068467	0.317816	0.971652	0.786341
-0.123297	0.584392	-0.476167	-0.948739	0.683117	0.062047	0.091695	0.772276	0.900073
-0.159131	0.926096	-0.145780	-0.944214	-0.011752	0.022925	-0.055416	1.164278	1.175992
-0.245560	0.599205	-0.651246	-0.543843	0.124142	0.112482	0.297753	0.930485	1.067248
-0.083197	0.849243	-0.478464	-0.279368	0.105948	0.146628	0.308229	0.820571	1.232924
-0.165612	0.751033	-0.373027	-0.731461	0.020887	0.021741	0.451601	1.162305	1.707198
0.086709	0.938430	-0.337803	-0.739364	-0.242678	-0.034331	0.288977	1.335357	1.679251
0.639381	0.488385	-0.175033	-0.316231	0.402329	0.062195	0.546880	1.131505	1.024949
0.432439	0.867472	-0.348372	-0.558797	-0.154786	-0.407767	-0.908077	0.042837	1.005530
0.489842	0.898147	-0.109170	-0.624708	-0.436709	-0.455432	-0.879179	0.283851	0.847344
0.508840	0.957828	-0.477301	-2.179350	0.319841	0.224632	0.150889	0.918439	0.960501
0.475926	1.153906	-0.437063	-2.488432	0.376909	-0.063158	0.184035	0.940112	0.865923
0.258319	0.887499	0.158690	-0.625189	0.478415	-0.164190	0.236124	1.271724	1.045214
0.153114	0.854668	-0.031253	-0.595953	0.322903	-0.081849	0.200816	0.885445	0.981582
0.803073	1.000429	-0.818736	-0.906321	0.172456	-0.053792	0.071277	0.996031	1.083138
0.806271	1.007277	-0.579392	-0.742137	-0.199553	0.011504	0.113722	1.027201	1.010012
0.354681	1.079410	-0.612199	0.050332	-0.347787	-0.354030	-0.800286	0.230889	1.032590
0.549812	1.067576	-0.979158	-0.887881	0.328328	0.319755	-0.314123	1.178707	1.198270
-0.158949	0.702223	-0.667406	-0.631800	-0.106773	-0.254774	0.250939	0.920552	0.496802
-0.455590	0.758960	-0.522927	-0.587264	0.101306	-0.211455	0.405732	0.865407	0.720425
-0.313164	0.731592	-0.648260	0.010835	0.284526	0.222354	0.178719	1.147435	0.839458
-0.369045	0.543238	-0.519376	-0.025584	-0.019644	0.087231	0.258031	0.975627	1.023415
0.556590	1.001265	-0.816586	-1.142188	-0.102442	0.062950	0.003300	0.680399	0.788915
0.543503	1.059220	-1.088205	-1.447636	-0.108801	-0.143042	0.065929	0.787274	0.691935
0.194739	0.952302	-0.452848	-1.115292	0.225136	0.204459	0.190176	1.298554	0.827860
0.403182	1.066016	-0.654951	-1.252853	0.349764	-0.062376	0.323791	1.370350	0.939209
0.513405	0.991354	-0.005424	-1.483170	-0.657491	-0.600280	0.002152	0.556066	0.726180
0.357569	0.930650	-0.173012	-1.470890	-0.532859	-0.646308	-0.223772	0.231994	0.634425
-0.020411	0.986249	-0.561645	-0.866504	0.064093	-0.397106	0.117588	1.232139	0.766379
0.153606	0.985035	-0.723207	-0.632529	0.192132	-0.200528	-0.052750	1.118921	0.590017
0.267186	0.632427	-0.030317	-1.670110	-0.337898	-0.020762	0.273355	1.116398	1.162594
0.271707	0.687102	-0.187258	-1.433915	0.002768	0.073533	0.128788	1.128500	1.058019
0.031244	0.459972	-0.215379	-0.721322	-0.139541	-0.201573	0.872454	1.326874	0.872428
-0.227887	0.433220	-0.298283	-0.659626	-0.259533	0.025822	0.685776	1.102711	0.768755
0.390667	0.795437	-0.748023	-0.661412	-0.016158	-0.401126	-0.047529	0.846600	1.073418
-0.049407	0.878836	-1.380462	-0.778438	-0.665371	0.073184	-0.118232	1.014145	0.903043
-0.205231	0.814449	-0.999262	-0.642665	-0.612522	0.022224	-0.310923	0.973406	0.976943
-0.618810	0.943465	-0.387345	-0.257100	0.432329	0.083474	0.146726	0.799028	0.735529
-0.260865	1.193723	-0.017051	-0.976315	0.052712	-0.425446	0.026724	0.959205	1.107604
0.677205	0.826946	-0.138993	-1.272197	0.619961	0.038592	0.105403	1.042481	0.777871
0.391171	0.916149	0.004702	-1.189994	0.330986	0.008326	-0.092820	1.056466	0.837296
0.145901	1.009288	-0.759915	-0.304572	-0.687066	-0.347719	-0.161519	0.858699	0.633231
0.260033	0.936955	-0.886434	-0.420802	-0.408483	-0.212379	-0.369630	0.800721	0.868197
-0.545682	1.167270	-1.511106	-0.686083	-0.107249	-0.279026	0.062917	0.547378	0.502365
-0.682691	1.074626	-1.634916	-0.304083	0.007004	-0.395896	0.118935	0.592443	0.664744
0.267009	1.108710	-0.048309	0.047671	-0.307885	0.062115	-0.257654	0.664303	0.895742
0.441487	1.067351	0.185867	0.267651	-0.442605	-0.231670	-0.283634	0.584219	0.890042
-0.146076	0.863183	-0.853621	-0.578661	0.349818	0.465030	0.192008	0.799160	0.451455
-0.393154	0.599631	-1.001508	-0.599351	0.119787	0.405156	0.345082	0.848319	0.334013
0.002310	0.922085	-1.389726	-0.383926	-0.308177	-0.275376	0.080320	1.120065	0.955787
-0.110818	0.799051	-1.378166	-0.384920	0.071453	-0.397078	0.140824	1.203715	1.184002
-0.053819	0.600986	-0.912300	-0.345117	0.185309	-0.267509	0.028796	1.017759	0.889613
-0.000697	0.565132	-0.503246	-0.322074	0.262173	-0.247070	-0.061408	0.888761	0.673269
-0.138588	0.889560	-1.045687	-1.017707	-0.127142	0.054484	0.147168	0.812824	1.458629
0.533885	0.791082	-0.326707	-0.737477	-0.416646	-0.176187	0.326798	0.766337	0.877932
0.551031	0.923343	-0.419613	-0.783231	0.018937	-0.223565	0.251547	0.918848	0.923859
0.319164	1.007399	-0.678515	-0.747796	0.242937	-0.114419	0.151791	0.730506	0.694282
1.034054	1.037461	-0.991472	-0.653382	-0.238352	-0.245611	-0.536848	-0.110100	0.982962
0.935965	1.102257	-0.798193	-0.731970	-0.501066	-0.279658	-0.666994	0.209725	1.055300
-0.472349	1.024195	-0.062928	-0.884217	0.668452	0.298860	0.124449	0.874377	0.792821
-0.194111	1.197588	-0.088281	-1.100337	0.435947	0.278735	0.184743	0.807126	0.978680
-0.198163	1.038168	-0.591157	-0.672429	-0.408522	-1.194272	-0.448739	-0.425316	0.721402
-0.210981	1.208770	-0.518379	-0.882531	-0.377103	-0.961431	-0.743792	-0.388723	0.894389
0.274240	0.780867	-0.015388	-0.282692	0.543779	0.151286	0.375835	0.688836	0.972227
0.245777	0.537593	0.054976	-0.445862	0.498167	-0.086584	0.506792	0.952599	1.104962
0.627535	0.975392	-0.226229	-0.917168	-0.116462	0.040663	-1.014704	0.138218	0.791122
0.645504	0.847275	-0.381660	-0.833398	-0.278386	-0.114548	-1.044808	0.235921	1.175078
0.096290	0.952634	-0.314886	0.032660	-0.010687	-0.082503	-0.681435	0.007332	1.135321
-0.235890	1.072688	-0.491605	-0.127475	-0.224840	-0.002047	-0.726822	0.034103	0.995722
-0.174848	1.277059	-0.700055	-0.269337	-0.294710	0.275872	-0.014273	0.630561	0.816966
0.390269	1.135134	-0.373723	-0.464890	-0.942611	0.051969	-0.478227	-0.008272	1.188051
0.392288	0.954619	-0.573909	-0.530303	-0.867530	-0.309917	-0.532803	-0.017000	1.387855
0.354711	0.554413	-0.503438	-0.166249	0.299443	-0.005578	0.434027	1.516518	0.917757
0.473819	0.595373	-0.318568	-0.287780	0.176542	0.329484	0.302475	1.436895	0.715986
-0.117496	1.081249	-1.324501	-0.228991	0.061704	-0.288050	-0.634298	-0.318886	0.529670
-0.184493	1.075586	-1.007272	-0.269187	0.307240	-0.120403	-0.874088	-0.378632	0.501232
-1.224315	0.955035	-0.581593	-0.410769	0.093309	-0.187245	0.288505	1.131497	0.984270
-1.159314	0.858555	-0.352249	-0.541288	-0.105072	-0.079820	-0.054201	1.097513	0.910542
0.458255	0.989575	-0.194673	-2.040848	-0.032112	-0.572659	-0.018670	0.823851	1.208009
0.274703	1.236811	-0.239311	-1.939811	0.013313	-0.486029	-0.204278	0.524644	1.074943
-0.321508	0.931143	-1.200438	-1.253974	0.309481	-0.171311	0.138438	0.857665	0.728204
0.180879	0.625881	-0.621377	-1.194742	0.122769	-0.546219	0.264294	1.017563	1.150977
0.492686	0.806032	-0.565358	-0.489684	0.443830	-0.321604	0.167730	0.950248	1.027587
0.683051	0.805374	-0.396979	-0.285250	0.237008	-0.114393	-0.032479	0.868309	1.171097
-0.306298	1.067339	-0.378387	-0.713329	-0.197356	-0.417076	-0.923044	0.126149	0.919280
-0.160643	0.839977	-0.575128	-0.617183	-0.037444	-0.410942	-0.816994	-0.189285	0.969534
-0.903033	0.645134	-0.955618	-1.071856	0.147243	0.099937	0.546663	1.045055	1.306739
-0.826252	0.534188	-0.775208	-1.024244	0.043299	0.062001	0.284112	1.396453	1.357610
0.114575	1.211737	-0.487233	-0.721129	0.796879	0.201029	0.296008	1.076109	1.100007
0.281992	0.947600	-0.728633	-0.744006	0.760110	0.035965	0.083743	1.229437	1.016946
0.158147	1.085210	-0.669873	-1.194526	-0.490446	-0.839815	0.191569	0.639483	1.078490
-0.154402	0.944880	-0.471621	-0.676675	-0.652726	-0.084782	0.091210	0.908013	0.779469
0.104721	0.927619	-0.571177	-0.612904	-0.418107	0.054449	0.195058	1.175647	0.935854
-0.289622	0.221293	-0.405544	-0.807995	0.621199	0.530195	0.729888	0.804902	0.803470
-0.263940	0.620433	-0.532057	-0.613542	0.525540	0.471195	0.634526	0.959904	0.878534
0.078521	0.629864	-0.826226	-2.174224	0.179292	-0.452272	0.594760	1.098735	0.681334
-0.297520	1.032765	-0.729937	-1.328772	-0.151803	-0.421177	-0.273347	0.622936	0.958996
-0.044898	1.106182	-0.730218	-1.323957	-0.205119	-0.332287	-0.028659	0.805613	1.267992
-0.338159	0.854471	-1.098619	-0.163991	0.048014	-0.062821	-0.063364	0.528309	1.315886
-0.516011	0.828003	-1.204347	-0.379849	-0.158119	-0.008509	0.015474	0.866465	1.199155
-0.390965	1.006030	-0.320314	-0.833839	0.085913	-0.548712	0.146239	0.738311	1.078149
-0.396644	0.794592	-0.510416	-0.657669	0.050686	-0.306914	-0.566175	-0.116971	0.542226
-0.667909	0.726693	-0.777907	-0.736566	-0.149359	-0.430898	-0.643781	0.111912	0.514416
-0.030196	0.412593	-0.489208	-1.158096	-0.036032	0.043352	0.421869	0.999338	0.590486
0.084302	0.329702	-0.522299	-0.759274	-0.040739	0.131158	0.368634	1.164226	0.359844
-0.033306	1.027619	-0.123617	-0.865635	-0.311223	-0.129616	-0.531275	-0.056592	0.860287
-0.717142	0.893325	-1.217089	-0.810075	-0.301496	-0.279235	0.248780	0.736000	0.681969
-0.754507	0.957933	-1.476658	-0.822630	-0.725005	-0.251865	0.129774	0.786380	0.727772
0.098774	0.611018	-0.166311	-1.301869	-0.538078	-0.070757	-0.737084	0.134798	0.744436
0.145060	0.573117	-0.515993	-1.089251	-0.487253	0.036119	-0.716896	0.249694	1.015404
-0.036103	1.082461	-0.266377	-0.277793	0.432173	-0.254542	-0.003520	0.671883	0.786228
0.182495	0.749034	-0.363597	-0.286644	0.358476	-0.211010	0.294234	0.590895	0.822865
-0.085232	0.905110	-0.362418	-0.650241	0.090614	-0.478560	0.364637	0.885373	0.519397
0.265141	0.741220	-0.607724	-0.749493	0.131313	0.030481	0.076897	1.054295	1.062031
0.432959	0.738356	-0.966720	-0.971138	1.001913	0.300126	0.348460	0.948139	0.958946
0.205106	0.801917	-0.954064	-0.820141	0.933812	0.229096	0.192337	0.616854	0.724187
-0.093567	1.052363	-0.991140	-0.151452	-0.231679	-0.780492	-0.408823	0.193029	0.884805
-0.063480	0.827956	-1.078546	-0.306256	-0.139564	-1.044875	-0.489615	0.114503	0.560535
-0.044563	0.956457	-0.804674	-0.850456	-0.211133	0.158903	0.075087	1.278774	1.254757
-0.108858	1.104117	-0.918241	-1.094707	-0.414135	0.219102	-0.205317	1.104432	1.418793
-0.019618	0.868325	-0.173326	-0.562791	-0.658878	-0.843956	0.052401	1.065291	0.818740
0.151111	0.814098	-0.311622	-0.855705	-0.720128	-0.520654	0.076158	1.034659	1.001765
0.147109	0.704359	-0.616732	-0.484480	0.045046	-0.855497	0.187952	1.368377	0.903643
0.295994	0.916424	-0.636622	-0.310738	0.272328	-0.900977	0.153579	1.309761	1.257009
0.182295	0.924130	-0.517024	-0.809214	0.276001	0.178417	0.598452	1.168806	1.096567
-0.264223	1.126125	-0.786778	-0.774349	-0.594272	-0.033707	-0.118253	0.830522	1.177114
-0.317416	1.184983	-0.681955	-0.900477	-0.953079	-0.208114	-0.010883	0.972989	0.934154
0.600741	0.564150	-1.230881	-0.188425	0.072105	-0.263641	0.322399	1.155264	0.774919
0.396769	0.704967	-0.956215	-0.419513	0.034296	-0.444080	0.190981	1.234438	0.584898
0.312616	0.853774	-0.302395	-0.069625	0.454478	-0.749395	0.383867	1.041684	0.769825
0.379096	0.613465	-0.253591	-0.223150	0.268000	-0.499438	0.098712	0.912027	0.817359
0.636249	0.992456	-0.095695	0.028517	-1.172890	-0.152941	-0.388207	0.689966	1.142052
0.753874	1.040263	-0.136829	0.198663	-0.735292	-0.133357	-0.335454	0.900232	1.155189
0.450896	1.136477	-0.375260	-1.221990	-0.490661	-0.169737	0.099305	1.023100	1.425078
0.084272	0.938869	-0.753570	-1.326848	-0.310744	-0.284684	-0.084256	0.916138	0.817657
-0.043015	0.788088	-0.878276	-1.092042	-0.299296	0.078614	-0.011849	1.109035	0.767750
-0.561580	0.725278	-0.714028	-1.228685	-0.237305	-0.185326	0.328899	0.981017	0.812507
-0.448877	0.872777	-0.896719	-1.152908	-0.525484	-0.216793	-0.004398	0.864817	0.881011
-0.137231	0.864922	-0.210901	-0.696412	-0.277646	-0.525173	-0.570081	-0.159530	0.674350
0.137374	0.795864	0.026922	-0.710990	0.050674	-0.366155	-0.573160	-0.116976	0.542222
-0.128285	0.735386	-0.542027	-1.435924	0.604578	0.050108	0.227881	0.837513	0.738155
0.306279	0.947597	-0.307240	-0.930753	0.860682	0.063285	0.263498	0.752907	1.028150
0.425646	0.823482	-0.564365	-0.668131	0.708685	0.363744	0.188130	0.686108	1.080822
0.600733	0.622818	-0.151199	-0.326849	-0.011892	-0.111789	0.329732	1.602571	0.839871
0.639107	1.050716	-0.223504	-0.421994	0.058038	-0.014953	0.203052	1.509900	0.605314
-0.686365	1.041402	-0.666550	-0.736518	0.341248	-0.228727	0.091865	0.953067	1.204380
0.082719	0.837172	-1.241873	-0.680325	-0.664492	-0.473131	-0.362855	0.347680	0.658231
0.065603	0.857084	-0.836923	-0.888987	-0.838178	-0.545993	-0.293515	0.204130	0.495442
0.440470	0.996940	-0.538167	-1.024088	-0.530304	0.250695	0.119670	0.909631	0.708935
0.567771	0.843557	-0.249937	-0.873196	-0.600962	0.421624	0.131139	1.108318	0.430381
-0.597994	1.013749	-0.688007	-0.234094	0.188476	-0.515157	0.629214	1.388664	1.152906
-0.474505	0.889145	-0.959812	-0.174819	0.184402	-0.248990	0.371409	1.612214	1.112927
-0.249458	0.939779	-0.524433	-0.500608	-0.001539	-0.133027	-0.427187	0.123623	1.121075
-0.289146	0.889806	-0.861675	-0.806280	-0.363765	-0.298858	-0.403691	0.016902	1.034972
-0.035853	0.906961	-0.847979	-0.858310	-0.515886	-0.502385	-0.205844	0.341523	0.885380
0.101584	0.798120	-0.324713	-0.643456	0.357910	-0.338773	0.241683	0.698079	1.483016
0.305437	0.992060	-0.351842	-0.544025	0.249350	-0.336059	-0.028894	0.636842	1.135527
0.615111	1.090256	-0.925390	-0.633351	-0.394417	-0.415067	-0.131624	0.818100	0.762354
0.385237	0.942933	-0.244302	-0.417620	-0.622595	-0.455354	-0.470997	0.229585	1.370268
0.349110	1.112202	-0.687976	-0.356764	-0.450603	-0.503626	-0.317210	0.185395	1.483859
0.231843	1.057819	-0.717119	-0.771952	-0.042104	-0.552011	-0.992000	-0.041743	1.316560
0.433181	0.971828	-0.442408	-0.283821	-0.160455	0.347035	-0.151319	0.850443	1.209444
0.782912	0.990395	-0.090069	-0.105566	-0.229099	0.222759	-0.131787	0.885860	1.164085
0.718439	1.219985	-0.466899	-0.560630	0.196283	-0.048799	0.192697	0.774827	1.033492
0.399413	1.104400	-1.182632	-0.738855	-0.082964	-0.419364	-0.053095	0.855708	1.420386
0.318715	1.004410	-1.292064	-0.520777	0.122414	-0.206107	-0.375740	1.040274	1.467511
-0.413040	0.875780	-0.970652	-0.518058	0.375680	0.009605	0.275080	1.237585	1.137248
-0.406233	0.739490	-0.160429	-0.844652	0.261606	-0.213935	0.387531	1.138365	0.467797
0.059986	1.045025	-0.133760	-1.326892	0.252966	-0.067480	0.207247	1.345377	0.903727
0.211153	1.019305	-0.006242	-1.487810	0.392344	0.033257	0.439759	1.030857	1.142451
0.113302	0.918329	-0.549926	-1.687344	0.136252	0.052891	0.335930	1.288491	1.148136
0.361895	0.636750	-0.549301	-1.895351	0.364182	-0.005750	0.269119	1.042269	1.110289
0.055407	0.714201	-1.194463	-0.730267	0.533333	0.163575	0.229199	0.826489	1.364258
0.094247	0.912332	-0.563892	-0.727927	-0.813091	-1.071005	-0.695093	0.015761	0.843886
-0.071147	0.982914	-0.267644	-0.841299	-0.476188	-0.985331	-0.470472	0.027977	0.889937
-0.462366	0.975425	-0.950810	-0.777985	-0.584434	-0.542254	0.116936	1.196992	1.407376
-0.497056	1.181843	-1.350479	-0.884998	-0.596848	-0.427098	-0.017160	1.359315	1.222807
0.569211	0.653724	-0.246764	-0.730764	0.136981	-0.013058	0.331731	1.347727	0.658169
-0.079610	1.075942	-0.722962	-0.493729	-0.265082	-0.571030	-0.496454	0.100565	1.209623
-0.163945	1.044526	-0.661097	-0.249883	0.126280	-0.695255	-0.288184	0.046858	1.359869
-0.168184	0.620385	-0.159044	-0.397273	-0.319611	0.365670	0.429987	1.114889	1.200415
0.381112	0.768213	0.093047	-0.951954	0.397899	-0.245898	0.467187	1.134167	0.904337
-0.040284	0.979550	-0.834870	-0.321513	-0.203718	-0.125074	0.086584	0.874103	1.334510
0.482228	1.144948	-0.886788	-0.279169	-0.158071	-0.175360	-0.314215	0.504631	0.639604
0.378221	1.055050	-0.967334	-0.136406	-0.281385	-0.613261	-0.309916	0.675519	0.806793
0.564339	1.080766	-1.398809	-0.188425	-0.750570	-0.895083	-0.622942	0.170977	0.638072
0.336029	0.984882	-1.507696	-0.427842	-0.725484	-0.720687	-0.931784	0.254297	0.856513
0.307380	0.672275	-0.165366	0.125167	0.096057	-0.495832	-1.250423	0.197211	0.259707
0.537314	0.943934	-0.086147	0.066756	-0.244377	-0.470200	-1.437738	0.257769	0.401985
0.261426	1.007430	-1.278661	0.038332	0.014856	-0.179542	-0.155451	1.096321	0.886189
0.350871	0.955248	-1.202436	-0.283675	-0.115246	0.149332	-0.329046	0.906297	0.931003
-0.170802	1.130622	-0.092850	-0.581669	0.107466	0.045859	-0.071056	0.517907	1.199560
0.071953	1.263744	-0.273097	-0.317356	-0.150102	0.283587	-0.143025	0.596835	1.236683
0.080169	1.162439	-0.716105	-0.143709	-0.100549	-0.049142	-0.372198	-0.161004	0.939923
-0.017185	1.204754	-0.867853	-0.176453	-0.244889	-0.248610	-0.724155	0.147407	0.940785
0.762357	0.795476	-0.469120	-0.072521	-0.239876	0.088791	-0.595377	0.637863	0.775312
1.216093	0.798462	-0.422493	0.007329	-0.164755	-0.046669	-0.350036	0.513844	0.742090
0.091698	0.646549	-0.338538	-0.502512	-0.471068	-0.962380	-0.294899	0.205140	0.461865
-0.001683	0.820765	-0.475080	-0.174423	-0.154248	-0.896809	-0.125479	0.283171	0.564411
-0.193817	0.972796	-0.752415	-0.147819	-0.522150	-0.518839	-0.103206	0.432460	0.686687
-0.254025	0.835228	-0.587718	-0.057790	-0.381838	-0.625343	-0.019223	0.568931	1.134870
0.092764	0.802667	-0.953036	-1.463947	0.320634	0.087802	0.122631	0.865482	0.707217
0.383223	0.840454	-0.774210	-1.726457	0.421849	0.211501	0.395878	0.715767	0.620131
0.307176	0.689166	-0.348020	0.075682	0.163208	0.234314	0.177561	0.362944	0.945709
-0.436349	1.016960	-1.115544	-0.836848	-0.387551	-0.975675	-0.776277	-0.018965	0.960595
-0.489468	0.996808	-0.991118	-0.730399	-0.486887	-0.963665	-0.515965	0.095963	0.516368
0.054015	0.833983	-0.398096	-1.100975	-0.349011	-0.744430	-0.496726	0.113215	1.560406
0.139414	0.789629	-0.654735	-1.385464	0.013600	-0.820217	-0.403139	0.065927	1.437722
0.020958	0.640671	-0.982934	-0.535726	-0.305999	0.322271	0.263062	0.783287	0.490060
0.271215	0.516568	-0.503447	-0.764933	1.225427	0.474635	0.776601	1.258231	1.196512
0.120846	0.622939	-0.807476	-0.890567	1.086971	0.628996	0.634118	1.031113	0.945554
-0.250674	0.676472	-1.389519	-0.227376	0.044474	0.276520	0.191953	1.079560	0.904552
0.194143	0.946426	-0.587712	-0.453607	-0.198701	0.209428	-0.376708	0.170320	0.736550
0.239209	1.014091	-0.658262	-0.165479	-0.553558	0.069463	-0.426999	0.446826	0.773296
-0.013708	1.060998	-1.034831	0.112213	-0.548867	-0.071942	-0.320748	0.252786	0.687726
0.046642	0.864952	-0.925906	0.392293	-0.810037	-0.022152	-0.122097	0.515820	0.591681
0.173674	0.500360	0.109506	-0.195860	0.159234	-0.016203	0.281144	0.734316	0.890409
0.131331	0.983046	-0.730137	-0.039920	-0.714015	-0.268559	-0.529875	0.027229	1.464125
0.084866	1.141489	-0.778245	-0.312718	-0.561526	0.070828	-0.273384	-0.020439	1.571537
0.446131	0.791215	-0.607119	-0.213397	-0.504603	-0.123651	-0.785986	0.130006	1.056394
0.027578	0.708580	-0.361973	-0.803981	-0.344778	-0.068451	-0.372047	0.181615	1.002826
0.119349	0.761376	-0.201335	-1.789855	0.642131	0.382677	0.104954	0.734851	1.061776
0.056801	0.802075	-0.646260	-2.088355	0.559172	0.265728	0.196426	0.779553	1.068942
0.436599	0.561752	-0.524073	-0.543589	0.355320	-0.159576	0.814779	1.029132	0.648591
0.442163	0.529547	-0.330741	-0.443874	0.174966	-0.472859	0.759304	1.022448	1.026719
0.292903	1.079408	-0.679888	1.062353	-0.335245	0.353372	-0.799239	0.230889	1.032590
0.225185	1.012389	-0.695005	0.971797	-0.551788	0.428059	-0.422332	0.446827	0.773296
-0.281773	0.768674	-0.744847	-1.401515	0.203995	-0.385978	0.548837	0.804856	1.007851
-0.339672	0.985372	-0.664851	-1.400170	-0.001285	-0.055992	0.211282	0.779172	0.943482
0.486307	0.466272	-0.233240	-0.255122	0.194685	-0.207821	0.262320	1.118857	1.362352
0.071468	0.531043	-0.462363	-0.273145	0.152888	-0.018171	0.489144	1.154555	1.449538
0.142416	0.455920	-0.922851	-0.980141	0.064213	0.449261	0.185264	1.246003	1.437875
-0.116532	0.286752	-0.560437	-1.102022	-0.006870	0.488909	0.346370	1.016123	1.447130
0.362351	0.687649	0.094141	-0.561745	0.093502	0.098419	0.608004	0.873664	1.168808
0.274990	0.553815	-0.134304	-0.481868	0.330353	0.245011	0.353621	0.970678	1.471463
0.607241	1.117464	-0.358631	-0.612745	-0.479958	0.221788	0.067943	1.135169	1.733163
0.331803	0.946759	-0.208425	-0.638976	-0.491497	-0.160493	-0.089604	1.052880	1.585068
-0.225506	0.746058	-0.171030	-2.252813	0.494239	0.432496	0.372036	0.966299	0.651464
-0.537485	0.894491	-0.833663	-0.968613	-0.168634	-0.040186	0.267162	0.642865	1.360075
-0.461528	0.996910	-0.719428	-0.844284	-0.168707	-0.486761	-0.007057	0.637503	1.467610
-0.531638	1.048412	-0.335331	-0.613490	-0.437163	-0.848951	-0.538885	-0.259636	0.838888
-0.121456	1.207237	-1.295091	-0.541313	0.244630	-0.110323	0.051017	1.016680	0.821601
-0.253351	1.115515	-1.195284	-0.618146	0.147204	0.179384	0.019853	0.865658	1.236754
0.886138	0.897913	-0.630537	-0.635283	-0.357789	-0.277921	-0.233394	0.384594	1.061673
0.038352	1.000736	-0.379564	-0.417163	0.367468	-0.644503	0.131010	1.064697	1.006394
0.624633	1.035804	-0.642549	-0.934007	-0.270234	-0.256664	-0.748208	0.559089	1.267549
0.839860	1.153355	-0.397947	-0.688342	-0.320592	-0.413643	-0.842675	0.547547	0.926380
0.183548	1.074475	-1.105023	-1.213115	-0.059607	0.008319	0.298982	0.713563	0.922036
0.349094	0.995192	-1.586687	-0.974983	-0.132580	-0.078740	0.145623	0.750205	1.356359
0.526789	0.907922	-1.444803	-0.642869	0.162028	-0.199245	-0.037904	0.760098	1.184161
-0.246921	1.056254	-0.645214	-1.175801	-0.604599	-0.061737	-0.013003	0.763756	-0.024860
-0.080886	0.712990	-0.667583	-1.362520	-0.482052	-0.148987	0.227371	0.953064	0.169812
0.082576	0.708425	-1.548210	-0.680321	0.198763	-0.230474	0.245969	1.333981	0.658370
-0.048421	0.658851	-1.379331	-0.624753	0.031925	-0.017620	0.339264	1.234138	1.097071
-0.430446	0.665064	-0.255390	0.143349	0.207843	0.143886	0.328595	0.696356	1.053451
-0.095713	0.857102	0.000843	-0.878456	0.434070	0.275921	0.403741	1.152603	0.497613
0.028900	1.249044	-0.272901	-0.734779	0.307175	0.075133	0.357587	1.135921	0.386557
0.097245	0.540130	-0.381528	-0.912291	-0.620223	0.123927	0.189674	0.919820	0.124219
0.389030	0.610758	-0.569785	-0.654525	-0.493107	-0.084199	0.328323	1.150361	0.239235
-0.514934	1.061743	-0.362932	-0.037198	-0.307085	-0.388766	-0.006815	0.628514	0.487914
0.273216	0.818715	-0.097155	-0.610285	-0.168136	-0.802724	-0.940885	0.199460	0.668572
0.081337	0.964753	-1.354779	-1.128375	0.044758	0.120342	-0.106773	1.161822	0.715623
0.234462	1.043437	-0.694190	-0.971717	-0.026299	-0.170151	0.562518	1.006058	0.440683
0.312164	1.016116	-0.979465	-1.027464	0.168938	-0.011248	0.255974	1.261064	0.601740
0.513110	0.882741	-0.714814	-0.300760	0.495898	-0.121184	0.085031	1.363813	1.741469
-0.045669	0.923403	-0.888288	-1.588059	0.135082	-0.370902	0.265333	0.985536	0.586277
0.545153	1.022124	-1.491214	-0.613805	-0.567588	-0.296045	0.086411	1.108963	1.360522
0.334041	0.940154	-1.507592	-0.427368	-0.419661	-0.290376	-0.031149	0.782251	1.022592
-0.320129	0.927978	-0.554362	-0.395330	-0.406154	-0.653214	-0.611055	0.411111	0.867831
-0.298666	1.053159	-0.355983	-0.270646	-0.059437	-0.695730	-0.854183	0.124487	0.773151
0.204426	0.523584	-0.592979	-0.310996	0.174746	0.213242	1.143767	0.904939	0.485850
0.401295	0.547633	-0.751157	-0.316394	0.183197	0.367548	0.713906	0.904271	0.751871
0.224280	0.420560	-0.463450	-0.903778	0.895116	0.430082	1.069458	1.176016	0.886561
-0.000575	0.503886	-0.095221	-1.116872	1.136202	0.417827	0.873577	1.109276	0.816486
0.695726	0.552152	-0.482315	-0.603058	-0.067756	-0.149964	-0.024410	0.569134	0.997404
0.205572	0.527506	-0.307451	-0.588385	-0.123334	0.020644	-0.220686	0.590220	1.039286
-0.491292	0.760076	-0.475396	-1.126041	-0.574417	-0.233672	-0.643881	-0.214598	0.996308
-0.468077	1.002769	-0.515502	-1.081411	-0.292285	-0.083215	-0.380430	0.077638	1.153570
0.278560	1.099422	-1.226583	-0.440824	0.435484	-0.421028	0.001389	0.755632	0.714677
0.661490	1.002517	-1.388353	-0.373102	0.313191	-0.449140	-0.109510	1.098301	0.826936
0.169143	0.581558	-0.612558	-0.958774	-0.293049	-0.021754	0.239157	1.523138	0.871861
0.194459	0.363976	-0.440005	-0.884234	0.193969	-0.094710	0.336433	1.436520	0.825862
-0.229106	0.912467	-0.907959	-0.685447	-0.748466	-0.474438	-0.642509	0.267454	0.798965
-0.290352	0.981497	-0.452054	-0.911916	0.994726	0.475143	0.300108	1.003903	0.828518
-0.414079	0.683949	-0.786438	-0.967661	0.990568	0.315334	0.365507	1.309883	0.896224
-0.569606	1.093035	-0.449245	-0.148944	-0.104855	0.234208	0.095344	1.021174	1.621118
-0.484884	0.865055	-0.260681	-0.367817	-0.090462	0.493846	0.297879	1.308740	1.505473
0.389773	0.871672	-0.440872	0.104346	-0.399028	-0.166396	-1.203177	0.284937	0.754928
0.414998	0.925535	-0.756083	0.036872	-0.455191	0.041437	-1.373344	-0.107747	0.651840
-0.079239	0.815162	-0.133003	-0.455118	-0.178597	-0.304973	0.107020	0.485830	1.040363
-0.065356	0.723836	-0.594200	-0.367675	0.040184	-0.427237	0.078025	0.606097	1.242237
-0.076990	0.942645	-0.392695	-0.585828	-0.125659	-0.015794	-0.468749	-0.259574	0.595494
-0.423010	0.985502	-0.212644	-0.509457	0.031025	0.133970	-0.590195	-0.490304	0.320570
0.112387	0.785311	-0.492715	-0.379480	-0.107857	-0.069611	-0.081607	1.325912	0.701127
-0.530682	1.093426	-0.921747	-2.360299	0.065905	-0.086362	0.289138	0.971664	1.460197
-0.164889	0.974032	-0.723793	-2.374726	0.187752	-0.313711	0.205949	1.266731	1.404547
-0.081756	0.671986	-0.094845	-0.590534	0.095272	-0.255928	0.506817	1.101382	1.096170
0.214547	1.364792	0.413583	-0.270520	-0.296651	-0.201450	-0.016762	0.628240	0.814052
0.249547	1.353610	0.226316	-0.434234	-0.466673	-0.494443	-0.092484	0.681248	1.221311
0.484127	0.981613	-0.373170	-1.264268	-0.084459	-0.106847	-0.194351	0.570192	0.525849
0.760594	1.060341	-0.330073	-1.043043	-0.151574	-0.239226	-0.305152	0.144598	0.459397
0.061000	1.152283	-0.482481	-1.092267	-0.008402	0.117106	0.185664	0.953360	0.872206
0.552535	0.905651	-0.769838	-0.078993	0.167599	0.084272	-0.084743	0.661300	1.809887
0.660971	0.873835	-1.133294	-0.065354	0.161011	-0.077326	-0.333184	0.656723	1.458070
-0.011801	1.030261	-0.781669	-0.648195	-0.218555	-0.573480	-0.408775	0.663949	0.797648
-0.265629	0.930808	-1.017259	-0.434648	0.088903	-0.453633	-0.565091	0.478866	0.678656
-0.223936	0.628250	-1.163053	-1.660086	0.679089	0.037568	0.271478	1.127014	1.036159
-0.054473	0.630673	-0.887942	-1.482450	0.427591	-0.103789	0.069754	0.895260	1.248505
0.330367	1.377226	-1.347214	-1.151529	-0.621063	-0.816488	-0.864595	0.152404	1.227762
0.039532	1.013112	-1.308180	-1.082717	-0.843617	-0.736997	-0.866561	0.278371	1.480562
-0.229515	0.880790	-0.365546	-1.216939	0.268015	-0.481519	0.089439	1.337551	1.003908
-0.202631	0.999556	-0.656363	-1.457600	0.148712	-0.111339	0.015037	1.384879	1.213552
-0.228352	0.730281	-0.613796	-0.943154	-0.178896	0.073434	0.106814	0.590912	0.493993
0.322207	0.633104	-0.570677	-0.774893	-0.162810	0.039396	0.013447	0.592491	0.594810
0.104582	0.751758	-0.254493	-0.524679	0.401481	0.070618	0.030460	0.907683	0.652920
-0.094250	0.313542	-0.402359	-1.078385	0.306012	0.270924	0.695277	0.813406	0.370631
0.006900	0.260708	-0.182362	-0.986244	0.819713	0.151307	0.821667	0.861817	0.359191
-0.085519	1.013946	0.107793	-0.815433	-0.134939	-0.155913	0.193749	1.204300	1.649361
-0.191530	0.910308	-0.711229	-0.247483	-0.095179	-0.620968	0.100503	0.923725	0.874341
-0.008607	0.681408	-1.099327	-0.153583	0.183973	-0.719281	0.275839	0.920860	0.936470
0.459337	0.967395	-0.963458	-0.595994	-0.358747	-1.429057	-0.356541	-0.225231	0.381433
0.158130	1.101628	-0.693065	-0.904056	-0.488223	-1.364463	-0.438610	-0.110118	0.608237
0.422002	0.776781	-0.088364	-1.143569	0.258232	0.228646	0.199482	0.616259	0.724886
0.264494	0.740294	0.164627	-0.961702	0.371719	0.002352	0.324548	0.688212	1.126404
-0.076181	0.925510	-1.065349	-0.201403	-0.570015	-0.332667	-0.788892	-0.157362	1.182868
0.163734	1.100942	-1.072357	0.144675	-0.524274	-0.298512	-0.822421	-0.350626	0.835762
-0.351788	0.463930	-0.044764	-1.135696	0.050470	-0.551733	0.310658	1.340175	0.952363
-0.641350	0.602068	-0.142136	-1.025029	0.151843	-0.391668	0.470355	1.018592	1.237714
0.595517	1.206538	-0.564221	0.611986	0.181201	-0.380852	-0.883126	-0.150198	0.739290
0.803419	0.983972	-0.749058	0.433608	-0.085002	-0.071927	-0.709007	-0.269743	0.777590
0.891707	1.141999	-0.491872	-1.165378	0.072903	0.107469	-0.420149	0.526476	0.827567
0.735891	0.971196	-0.034563	-0.945091	0.116810	0.071862	-0.571505	0.659773	0.691563
-0.055266	0.749333	-0.703933	-0.777168	-0.120221	0.011543	-0.795453	0.209164	0.497164
0.031457	0.404933	-0.580762	-0.702144	-0.360159	0.042942	-0.483361	0.161858	0.229035
0.315982	0.825230	-1.017645	-0.816537	0.026963	-0.089334	0.109943	0.892864	1.655985
1.130055	1.164507	-1.116459	-0.682646	-0.582595	0.033938	-0.370828	0.799908	1.194069
1.233417	1.072663	-0.719222	-0.645876	-0.289030	-0.173119	-0.237555	0.747953	1.426599
0.584962	0.749472	-0.514364	-1.066197	-1.095015	0.008056	-0.093931	0.697478	0.615867
0.409871	1.228847	-0.333982	-0.842846	-0.937659	0.049902	-0.012074	0.698642	0.700648
-0.138518	0.737455	-1.321654	-1.396548	0.060985	0.143151	-0.108524	0.719819	0.541662
-0.252467	0.758226	-1.156725	-1.881877	0.060381	0.010530	0.007057	0.970437	0.658064
0.803591	0.972150	-0.273105	-0.277396	0.065455	-0.429265	-0.367099	0.185093	0.824411
0.558265	0.914661	-1.217519	-1.177031	0.356406	0.029408	-0.082454	1.256080	1.085353
-0.463301	1.107907	-0.554485	-0.773661	0.322818	-0.406650	0.207989	0.668285	0.737990
-1.208672	0.399321	-0.687856	-0.982879	0.340130	-0.022389	0.512393	0.998962	1.330004
0.396233	0.874052	0.510093	-0.343951	0.201762	-0.008209	0.186458	0.873449	0.445355
-0.088126	0.807215	-0.853280	-0.715436	-0.327825	-0.774006	-1.015075	-0.122587	0.997294
-0.447057	0.771431	-0.632849	-1.825278	-0.183144	-0.254420	0.242665	0.985097	1.291979
-0.575515	0.716812	-1.000512	-1.890427	0.111903	-0.346920	0.330514	1.140858	0.974687
1.077560	0.913740	-0.135497	-0.465200	-0.756088	-0.643921	-0.874778	0.690089	0.921003
0.997776	1.135085	-0.048761	-0.352411	-0.995727	-0.401254	-0.701470	1.037573	1.132733
0.229480	0.510775	-1.365838	-0.292002	-0.051968	-0.209981	0.223643	1.538419	0.618702
0.181586	1.189018	-0.663545	-1.297542	0.440537	0.362899	0.254306	0.928066	0.799368
0.257580	1.013291	-0.354082	-1.909071	-0.182490	0.152164	-0.365718	0.283651	0.978921
0.090446	1.069453	-0.035675	-1.903549	-0.556622	0.043532	-0.480104	0.572481	1.068741
-0.661530	0.599580	-0.136458	-0.559591	0.724439	0.283826	0.633351	0.952316	1.043871
-0.533565	0.628436	-0.187080	-0.589768	0.427905	0.074558	0.500143	0.850621	1.500772
-0.277627	0.801589	-0.675756	-1.207683	0.619159	0.465449	0.027906	0.852097	1.116190
-0.185851	1.153150	-0.587586	-0.995095	0.584552	0.269009	0.092945	0.731978	1.498534
-0.098045	0.591198	-0.093732	-0.735133	0.204173	-0.519675	-0.373234	-0.099463	0.928109
0.862850	0.923452	-0.693022	0.146638	-0.142146	0.157347	0.014825	0.648579	1.230390
0.772096	0.975205	-0.662551	0.286730	-0.238672	-0.104632	-0.228396	0.299343	0.913825
0.807022	0.948719	-1.467118	-1.061644	-0.281278	-0.594685	0.031949	0.981011	0.981835
0.981278	1.079110	-1.488826	-0.757518	-0.680840	-0.552287	0.046848	0.986558	0.682765
0.053758	0.727242	-0.467996	-1.049590	0.223445	-0.494959	0.083089	0.946571	1.769082
-0.089275	0.703088	-0.698134	-1.190825	0.332232	-0.052869	0.275810	0.748733	1.650799
-0.021982	1.161351	-0.109521	-0.794532	-0.727577	0.267795	0.276919	0.750076	0.075540
-0.057780	1.172483	-0.314876	-0.315897	-0.535373	0.223480	0.121275	0.568572	-0.077902
-0.031019	0.783710	0.020382	-0.772081	1.324062	0.182842	-0.205660	0.437627	0.637268
-0.069746	1.121463	-1.135451	-1.242493	0.008647	-0.525373	0.031268	0.725173	0.351098
0.074797	0.921700	-0.841582	-1.024254	0.323683	-0.612775	0.127702	0.879738	0.591661
0.579853	0.897531	-1.370030	-0.748621	0.045238	0.175156	0.026106	1.270105	0.838701
0.378337	1.069786	-0.986450	-0.611764	0.325694	0.423242	0.063066	1.168902	0.910823
-0.266431	0.731543	-0.769624	-0.577619	0.007564	-0.686391	-0.070652	0.190091	1.170737
-1.089776	0.625662	-0.480854	-0.092724	-0.155853	0.272037	-0.023533	0.953273	0.803098
-0.796635	0.978118	-0.584248	-0.145602	-0.291668	0.298283	0.357718	0.933332	0.880337
0.056980	1.198476	-1.065153	-1.688975	1.207078	0.430116	-0.042101	0.926061	1.841105
0.336210	1.148538	-1.238567	-1.965133	1.088235	0.218998	0.003034	0.908982	1.457047
-0.340228	0.891766	0.250648	-0.352886	0.462446	-0.308479	0.354881	1.492012	0.871741
-0.516078	0.630601	-0.205029	-0.133433	0.600028	-0.412586	0.351702	1.389823	0.912820
0.315359	1.192152	-0.957883	-0.434874	0.399213	0.471502	-0.750594	0.282195	0.786589
0.030832	0.940266	-0.747321	-0.274220	0.516028	0.258667	-0.447176	0.287850	0.608904
-0.890535	0.397618	-0.920297	-0.478185	-0.036296	0.421377	0.202105	1.035106	1.409569
-0.440774	0.650245	-1.172920	-0.686671	0.044954	0.318935	0.229498	0.955401	1.396407
-0.200980	1.049823	-0.539748	-1.110255	-0.106812	-0.466114	-1.038732	-0.236013	1.162822
0.460839	0.621291	-0.500222	-0.394400	0.397373	0.064253	0.608846	1.442139	1.389901
0.158507	0.888951	0.466543	-0.521695	-0.239773	-0.747573	-0.330487	-0.040774	1.176290
0.293005	1.141130	0.334994	-0.708324	-0.427612	-0.939436	-0.275905	0.073338	0.754867
-0.289049	0.841888	-0.846244	-0.122648	0.434151	-0.282013	0.365411	1.111773	1.202500
0.373153	0.684251	-0.039604	-0.841406	0.822591	0.283330	0.459561	1.193177	0.397422
0.176856	0.997628	0.058728	-0.556540	0.640587	0.387982	0.156218	1.001234	0.386094
-0.277022	0.957731	-0.605693	-0.829472	-0.301413	-0.257528	0.202449	1.100635	0.256387
-0.056858	0.725773	-0.880118	-0.653125	-0.101399	0.294838	0.086040	0.740466	0.971118
-0.059128	1.090836	-0.784628	-0.867415	0.619304	0.368479	0.052445	0.824437	0.547979
-0.461301	1.123172	-0.700300	-0.739385	0.712478	0.059786	0.258284	0.965235	0.324861
0.048810	1.037572	-0.239439	-0.260150	-0.426279	-0.387898	-0.622122	-0.055806	0.738376
-0.244425	0.922350	-0.239704	0.148135	-0.170268	-0.536721	-0.443613	-0.021282	0.607220
-0.622100	0.678944	-1.026611	-0.215351	0.324197	-0.124147	0.276455	1.248113	1.711744
-0.620977	0.935431	-1.015575	-0.467047	0.674065	-0.052620	0.129039	1.529082	1.493866
-1.292855	0.516539	-0.273586	-0.368912	0.142637	-0.182400	0.122996	0.796104	0.889458
-0.636480	1.056146	-0.292011	-0.874561	0.382073	0.067079	0.371396	1.126754	0.973683
-0.134292	1.116263	-0.316320	-0.885548	0.528829	-0.258368	0.358024	1.125804	0.821682
-0.236912	1.167919	-1.517057	-0.358594	-0.171007	0.393232	0.030138	0.824069	0.875835
0.098974	1.096085	-0.754767	-0.846748	1.112870	0.535877	0.218920	1.097836	1.152353
-0.077596	0.974781	-0.738571	-1.357622	-0.778809	-0.510488	-0.019729	1.025125	0.937759
0.010571	0.976395	-0.591338	-1.100529	-1.070882	-0.823451	0.204651	0.874051	0.697807
-0.268684	0.957237	-1.637229	-0.682378	-0.225166	0.017025	-0.095519	0.583708	1.352500
-0.206247	0.935137	-1.670120	-0.913981	-0.470661	-0.050229	0.024891	1.104147	1.382456
0.270136	1.237052	-0.592573	-0.095225	-0.505466	-0.717874	-1.219311	-0.242264	0.837531
0.438860	1.274016	-0.774781	0.117461	0.013000	-0.766815	-1.181601	-0.138977	0.973975
0.317589	0.955897	-0.243726	-0.808843	0.260959	-0.984612	-0.448310	-0.071906	0.886345
0.510018	1.130850	-0.353963	-0.634607	0.025239	-0.797121	-0.460972	-0.434244	0.605445
-0.015502	0.925068	-0.244299	-0.018020	-0.196778	-0.180883	-0.362303	0.563565	0.962744
-0.226781	0.964971	0.090572	-1.101198	-0.370031	-0.147118	-0.010061	0.810477	0.977139
-0.012580	0.981454	0.089766	-0.901158	-0.199918	-0.412441	-0.362915	0.500363	1.059706
-0.320897	0.992943	-1.286125	-0.848643	-0.246137	-0.427401	-0.196720	1.098145	0.816243
-0.273025	0.970091	-1.312305	-0.585439	-0.050450	-0.055203	-0.019594	1.465790	0.792311
0.429152	0.635086	-0.579837	-0.482985	0.901678	0.335939	0.345161	1.066540	1.411150
0.257782	0.825717	-0.268135	-0.100709	0.991049	0.210879	0.383442	0.794134	1.311933
0.508577	1.269124	-0.456068	-0.738385	-0.231016	-0.195671	0.063887	0.486929	0.619959
0.110613	0.678358	-0.473594	-1.564684	-0.254901	-0.122237	0.356612	0.858393	0.830152
-0.454807	0.620573	-0.659898	-0.591029	-0.056398	0.084921	0.364512	0.953154	0.299993
0.283234	0.870610	-0.688042	-0.086073	0.031937	-0.212060	-0.076178	1.124404	1.282566
0.045771	0.925838	-0.290621	0.131724	-0.066697	-0.189303	0.103157	0.789787	1.340615
0.326741	0.639845	-0.485426	-0.624062	0.332570	-0.803941	0.145600	0.713694	1.158674
0.006682	0.736774	-0.009617	0.680868	-0.319041	-0.046633	-0.478054	-0.288377	0.134890
0.022236	0.728195	-0.296291	0.424704	-0.505267	-0.066602	-0.453622	-0.469140	-0.320811
-0.603371	0.931961	0.043163	-0.741169	-0.127862	-0.616382	-0.453380	0.314666	1.129097
-0.463174	1.059131	-0.169303	-0.623929	0.141177	-0.739362	0.033519	0.311025	1.203647
-0.109948	0.674348	-0.752718	-1.366467	0.398598	0.324773	-0.025625	0.481428	0.444048
-0.441369	0.555234	-0.733373	-1.264155	0.191199	0.076691	0.210527	0.840994	0.471510
0.478151	0.600248	-0.447011	-0.226802	0.397492	0.132533	0.389879	0.802502	0.554288
0.340793	0.895661	-0.609159	-0.807743	-0.285226	0.206380	-0.100118	0.790049	1.617355
0.400680	0.902248	-0.401322	0.153128	-0.872647	-0.675155	-0.585214	0.545690	1.208223
0.794521	1.083972	-0.086057	0.120597	-0.619046	-0.647451	-0.522483	0.593463	1.473252
0.968568	0.883851	-0.445190	-0.745456	-0.628021	-0.839419	-1.967947	-0.212020	0.918782
1.153005	1.041900	-0.811011	-0.297240	-0.633312	-0.865081	-1.832178	-0.205402	0.784463
0.893294	1.106780	-0.740883	-1.089698	0.383657	-0.745567	0.160819	1.250080	0.729134
0.792176	0.946174	-0.312207	-0.692965	0.386592	-0.705424	0.224269	1.127879	0.546308
0.555441	0.906998	0.370621	0.146534	-0.377695	-0.991458	-0.849007	-0.048304	0.340970
0.383094	0.879710	0.266928	0.120887	-0.157335	-0.613042	-0.598534	-0.166845	0.690190
0.201316	0.766103	-1.205923	-1.203535	0.142437	0.263104	0.065835	0.694062	1.273063
-0.252467	0.718145	-1.371142	-1.872742	0.822226	0.475430	0.011243	0.974183	0.658102
-0.621709	0.872983	-0.438583	-0.024294	0.392986	0.429481	-1.118350	-0.163776	0.697703
-0.143040	0.987042	-0.306939	-0.109790	0.348336	0.165733	-0.913455	0.025380	0.839658
0.769975	0.484804	-0.723162	0.320527	0.023148	-0.203634	-0.202304	-0.325934	-0.286679
0.533101	0.584419	-0.397683	-0.051441	0.182727	-0.255011	-0.042539	-0.061880	-0.233449
0.491890	0.860992	-0.742158	-1.048057	-0.487850	-0.029715	-0.018988	0.634136	0.014750
-0.259959	0.716192	0.065205	-0.504414	-0.542038	-0.429766	0.312212	1.132503	0.313133
-0.664867	0.725213	-0.253653	-0.489311	-0.220797	-0.338256	0.201644	0.918108	0.356556
0.375842	0.824700	-1.224148	-0.685837	1.555003	0.329322	0.122020	0.937752	1.394853
-0.019993	0.669851	-1.558612	-0.859531	1.389535	0.327433	0.304138	1.123773	1.535615
0.178628	0.632784	-1.100501	-0.193630	-0.130316	-0.651560	-0.564041	-0.047018	1.034740
0.500673	0.644676	-0.648456	-0.209285	-0.239696	-0.966569	-0.446801	-0.054426	0.969177
-0.432899	1.344900	-0.842920	-1.857701	-0.150124	-0.230687	0.005368	0.572556	0.478256
-0.903202	1.070085	-0.919099	-1.631815	-0.003617	-0.430301	0.113963	0.678309	0.478993
0.170410	0.979300	-0.663077	1.357185	-0.699810	0.300609	-1.006521	0.119030	0.353356
-0.043806	0.971972	-0.803265	1.183081	-0.652716	-0.061611	-0.606066	0.336921	0.384420
0.208509	0.484773	0.290788	-0.177390	0.922246	0.197803	0.484535	0.729955	1.105689
0.296513	0.636179	0.064108	-0.528513	0.649718	0.534564	0.627962	0.873884	1.168808
0.473428	0.709426	-1.495207	-0.680124	0.212158	0.476338	-0.541588	1.110641	1.251225
0.330862	1.105789	-1.396034	-1.074791	0.082697	0.418602	-0.503930	1.173053	0.986745
0.293353	0.653293	-0.238905	-0.939936	-0.575350	-0.160968	0.394331	0.640485	0.423409
0.194904	0.884608	-0.747275	-0.023595	-0.370241	-0.357442	0.233865	1.063336	0.499342
1.336801	0.777122	-0.326064	-0.304311	-0.211545	-0.623923	-0.231857	0.383881	0.872463
0.990755	0.602791	-0.230831	-0.697845	-0.042022	-0.398840	-0.259789	0.222694	0.729334
0.438501	0.969083	-0.425529	-1.130040	-0.088800	-0.725663	0.186577	1.169267	0.943024
0.198446	0.816900	-0.136826	-0.483526	-0.463711	-1.626049	-0.895079	-0.047604	0.978272
0.258161	0.900119	-0.303460	-0.971752	-0.498975	-1.444670	-1.131223	-0.319703	1.035635
0.246190	0.853361	-0.255687	0.570691	-0.426551	-0.172913	-0.577813	0.286946	0.637744
0.282249	1.129376	-1.049509	0.524778	-0.667056	-0.024214	-0.755900	0.199573	0.153465
-0.031380	1.372607	-0.851225	0.497901	-0.445222	-0.061343	-0.370473	0.011022	0.266518
0.281287	0.983040	-0.626293	0.455682	-0.502281	-0.228167	-0.155141	0.652671	1.222787
0.145212	1.144972	-0.445315	0.439926	-0.360671	-0.333804	0.243329	0.916348	0.892976
0.288321	0.626252	-0.470306	-0.347730	0.112730	-0.423115	0.243147	0.710720	0.056515
0.614948	0.671963	-0.207134	-0.553058	-0.076986	-0.437050	0.127195	0.643138	0.471266
0.171661	0.866901	-0.304963	-1.592815	-0.242618	-0.455128	-0.065201	0.689963	0.462528
-0.109948	0.674399	-0.752678	-1.375308	-0.219862	-0.261998	-0.025625	0.481427	0.444047
0.643231	1.206541	0.056054	0.611956	0.179713	-0.407957	-0.899683	-0.161066	0.732774
0.221516	1.144636	-0.092395	0.409022	0.004114	-0.499806	-0.673548	-0.063052	0.409820
-0.471426	0.962924	-0.653697	-0.182748	-0.789377	-0.360592	-1.185977	0.360937	0.688232
-0.629903	0.993487	-1.002015	-0.070458	-0.590228	-0.498343	-1.428408	0.031727	0.433507
-0.828268	0.922199	-1.031829	-0.914952	0.296858	0.371558	0.046041	1.313295	1.059827
-0.664741	1.012373	-1.452002	-0.962804	0.198310	0.322639	0.396816	1.177040	1.348557
0.268281	0.947578	-1.401151	-0.558982	-0.576227	0.193005	0.129098	1.132984	1.003819
0.743655	0.882697	0.084437	-0.189012	0.370770	0.278958	0.276959	0.879904	1.679704
0.358464	1.014918	-0.190018	-0.367234	0.586856	0.295757	0.140337	0.558378	1.786219
0.208053	0.816925	-1.448770	0.081034	0.434577	0.609005	-0.847161	0.607595	0.730396
0.167894	1.092992	-1.008080	0.160836	0.222658	0.314192	-0.875931	0.808505	0.794712
0.018527	0.892241	-0.362946	0.630902	-0.368679	-0.105752	-0.758882	-0.693051	1.213645
-0.201255	0.632974	-0.769736	0.550044	-0.262916	-0.407228	-0.754967	-0.817323	0.986400
0.150128	0.819926	-0.620944	-0.014151	0.443749	-0.577473	0.424028	1.325150	1.087182
1.312272	0.901036	-0.628000	-0.682955	-1.014171	-0.731459	-1.943310	-0.282286	0.551110
0.623333	1.094066	0.075341	-1.761087	0.070669	-0.523464	0.228626	0.765029	0.893195
0.861656	0.782855	-0.154294	-0.792382	0.733704	0.180316	0.253593	1.056756	0.736700
1.159207	1.063562	-0.070847	-0.734394	0.940025	0.252091	0.159947	1.049950	1.213360
-0.023125	0.633265	-0.277034	-0.579311	-0.033596	-0.773935	-0.587546	0.454758	0.585785
-0.511254	0.558367	-0.452041	-0.274935	0.039971	-0.135016	-0.135546	0.556769	0.982884
0.618707	0.864822	0.941348	0.105411	-0.072507	-0.811576	-0.524957	-0.169679	1.081853
0.719167	0.899534	0.532904	-0.039620	-0.050348	-0.772814	-0.174528	0.203017	1.099192
-0.369124	0.955207	-0.565790	-0.028693	-0.077980	-0.340121	0.111956	0.155622	0.870889
0.535810	0.969448	-0.721997	0.387153	-0.232284	-0.015808	-0.030109	1.042938	0.921864
-0.583269	1.196054	-0.619281	-0.552416	-0.365010	-0.150666	-0.691508	0.088864	1.202495
-0.817578	0.922866	-0.295910	-0.944565	-0.263875	-0.097848	-0.898967	0.084624	1.058876
0.600515	0.871710	-0.572165	-0.633405	1.237788	0.355743	0.102964	0.784984	0.840086
-0.116695	0.787593	-1.256637	-0.903638	0.735849	0.358033	0.383776	1.315977	1.021586
-0.416413	0.789706	-1.040594	-0.263394	-0.783463	-0.359621	0.140024	0.845792	0.869822
0.073535	1.053617	-0.936310	-0.596319	-0.705784	-0.339938	0.304717	0.775443	0.914852
0.075511	0.735030	-1.384796	-0.266363	0.131301	-0.073988	0.109386	0.729877	1.435485
0.619441	0.742168	-0.899312	-0.872810	-0.466049	-1.149684	-0.579583	0.017681	0.714130
0.907299	0.788227	-0.372809	-1.210545	-0.377376	-0.765975	-0.223240	0.367281	0.912356
1.058792	0.952925	-0.455405	-0.944941	-0.053622	-0.875884	-0.217296	0.481436	1.377064
-0.488283	0.850447	-0.892626	-1.942161	1.016784	0.613352	0.218993	0.880142	0.891232
-0.604360	0.896357	-1.295510	-1.377069	-0.160303	-0.050003	0.095474	0.926125	0.435378
-0.549990	1.314559	-1.397344	-0.459915	0.198028	-0.156120	-0.033056	0.092323	0.645674
-0.227549	0.527477	-0.389896	-0.022062	0.167946	0.461537	0.352722	1.059230	1.424856
0.901725	1.049327	-0.180572	-0.653658	-0.036712	0.068367	-0.090373	1.013161	1.187744
-0.290341	1.016487	-0.443235	-1.958178	0.250368	-0.386582	0.300108	1.003903	0.828518
-0.350155	0.952122	-0.389549	-1.030750	-0.822489	-0.024097	0.159645	0.733741	0.432287
0.247149	1.093507	-0.510474	-0.627505	-0.322489	-1.595823	-0.734332	-0.427335	1.248710
0.248238	0.203586	-0.241338	-0.383895	0.304027	0.266067	0.971792	0.738089	0.843019
-0.234653	1.244663	-1.156810	-1.029192	0.391586	0.275565	0.183144	1.132980	0.857936
-0.529248	1.015947	-0.168307	-0.708327	-0.209419	-1.141161	-0.864786	-0.132588	0.615572
-0.619631	0.808547	-1.006454	-0.961308	0.469376	0.206076	0.159905	0.793001	1.540436
-0.967685	0.792270	-0.497343	-1.099171	0.386494	0.216353	0.257078	0.986399	1.728406
0.193765	1.071495	-0.098596	-1.842193	0.407876	-0.149688	0.272470	1.216052	0.586516
0.408942	0.991822	-1.018519	0.073223	0.164982	0.021377	-0.082899	1.462806	0.739784
0.377043	1.104859	-0.016964	-1.839345	-0.284690	-0.440928	-0.302113	0.074131	0.738767
0.291435	0.643212	-0.260097	0.038164	-0.510638	-0.145987	-0.147245	0.915775	0.981519
0.717320	0.951278	-0.021635	-0.176461	-0.493251	-0.200307	-0.407144	0.235665	0.914478
0.495455	1.102262	0.070166	-0.166249	-0.502786	-0.101982	-0.110932	0.556620	0.453650
-0.147824	0.704097	-0.820557	-1.110976	-0.597431	0.158852	0.085728	0.258304	1.057714
-0.213800	0.679100	-0.989372	-0.736340	-0.658733	-0.043477	0.160974	0.690442	1.346109
-0.876202	0.517049	-0.192810	-0.094118	0.467750	-0.002708	0.543351	0.949164	0.996972
-0.598971	0.601413	-0.389660	0.032090	0.064127	-0.286538	0.699185	1.244425	1.051678
-0.000628	0.717612	-0.201320	-1.366024	0.101412	-0.024031	0.791992	1.390013	1.138700
0.311295	0.192006	-0.536354	-0.753098	0.323123	0.484265	0.118501	1.143812	1.193994
-0.998772	0.936187	-0.164205	0.128700	-0.729088	-0.326052	-1.198300	-0.131821	0.673622
-0.757031	1.365156	-0.430492	0.153579	-0.377446	-0.215046	-1.047826	-0.108788	0.512324
-0.411347	0.567115	-0.691859	-0.505086	0.491512	0.127923	0.823620	0.912514	1.345018
0.365269	0.680992	-1.086292	-1.339530	0.448501	0.045524	0.378614	1.270263	0.764557
0.202744	1.247186	-0.487338	-0.639954	-0.417094	-0.991361	-0.082042	0.116149	1.015624
-0.153290	0.982095	-0.241166	-0.325230	-0.728383	-0.971895	-0.208882	0.060610	1.202655
0.214546	0.915290	0.645562	0.043764	-0.219621	-0.854677	-0.496515	0.148783	1.420255
-0.798216	0.499296	-0.598726	-0.837909	-0.400909	-0.106019	0.074232	0.651561	1.554606
0.365092	1.072516	-0.745687	-0.987971	0.032935	-0.347690	-0.396974	0.738916	1.016989
0.075303	0.635265	-0.032253	-0.908351	-0.121551	-0.628352	0.171859	1.137403	0.726438
-0.174146	0.915842	-0.497049	-1.093617	-0.214439	-0.423478	0.418294	1.226064	0.746067
0.211085	0.383019	-0.775932	0.198450	0.111600	-0.116140	-0.112117	0.951849	0.931910
-0.551996	0.806748	-0.073489	-0.305445	0.175043	-0.003914	0.356487	1.303555	1.224747
0.686381	1.086016	-1.499722	0.360678	-0.183693	0.429578	-0.584798	0.799898	1.167899
0.910366	1.020763	-1.312676	-0.077899	-0.528756	0.277230	-0.619452	0.929191	1.435860
0.545795	1.230257	0.268294	-1.051881	0.180397	-0.511419	-0.228842	0.878193	0.766340
0.848563	1.073143	0.466736	-1.220644	0.225064	-0.529308	0.181269	0.923600	0.369607
-0.715264	1.130247	-1.442000	-0.454266	-0.070867	0.015132	0.040636	1.209959	1.435334
0.095973	0.466949	-0.567724	-0.209414	-0.281736	-0.004359	0.398136	1.055747	0.972491
-0.113087	0.842255	-0.664360	-0.348774	-0.143087	-0.026559	0.766325	1.440384	1.032878
0.978386	0.733493	-0.652596	0.260589	-0.621919	-0.627769	-0.955616	-0.141661	0.739681
1.000855	0.977761	-0.781159	-0.151831	-0.165887	-0.499794	-0.907623	-0.365752	0.759691
-0.297981	1.156518	-1.219428	-1.533271	-0.346627	-0.248313	-0.028612	0.507599	0.892746
0.316274	0.735973	0.066536	-0.472888	0.000230	-0.706195	0.162180	0.763183	1.150557
-0.309497	0.958582	-0.212072	-0.611977	-0.295644	-0.324226	-0.478136	0.889025	0.979793
0.866957	1.020132	-0.762093	-0.898988	-0.270655	-0.405963	-0.029309	1.112710	1.539485
0.586488	0.931382	-0.565507	-0.543308	-0.892634	-0.166352	0.122311	0.798088	0.284590
0.062933	1.100102	-0.254295	0.225398	-0.756685	-0.142571	-0.548255	-0.084032	0.923950
0.313611	0.979031	-0.362744	0.443432	-0.537412	0.112734	-1.051570	-0.068510	1.087125
0.382642	0.692209	-1.046061	-0.047753	-0.323482	-0.192791	-0.302778	0.863467	1.502508
-0.174969	0.555980	-0.657910	-1.659933	-0.241897	-0.614334	-0.018929	1.174682	0.613660
-0.223936	0.628250	-1.163048	-1.660087	-0.266151	-0.677112	0.271478	1.127014	1.036159
0.008612	0.725897	-0.464472	-1.265860	-0.716311	-0.527216	-0.275611	0.596099	0.849262
0.457653	0.714044	-0.915727	-0.394577	-0.446933	-0.587084	-0.030831	0.588669	1.149122
0.064220	0.930012	-1.090190	-0.071113	-0.577100	-0.508622	-0.136268	0.192210	1.226100
-0.608908	0.664864	-1.264932	-0.716089	1.074832	0.339933	0.319895	0.846870	0.573225
-1.001415	0.811128	-0.789251	-0.744916	1.254784	0.638927	0.380158	0.923733	0.607227
0.071159	0.631428	-0.663433	-1.722498	-0.034016	-0.043081	-0.143184	1.206888	1.456421
0.073852	1.017348	-0.937926	-1.462291	0.080986	0.125653	0.254150	1.031424	0.213766
-0.285960	1.064410	-0.450903	-1.349688	0.447719	0.118986	0.121985	0.951411	0.208938
-0.169709	0.508381	-0.681044	-0.735745	-0.171559	-1.046593	-0.459651	0.115676	0.332708
0.657297	1.023900	-0.609871	-0.066504	0.230444	-0.391367	0.351511	0.953395	1.425205
-0.378863	1.239735	-0.757366	-0.199273	-0.212473	0.047674	-0.468918	0.209784	0.639788
0.217507	0.770515	0.216213	-0.979758	-1.082744	-0.489307	-0.162402	0.952922	0.895678
0.585197	0.981247	-0.092048	-1.218223	-0.740311	-0.730011	-0.118759	1.138748	0.905670
0.448165	0.288325	-0.857908	-0.970974	0.295013	-0.176565	0.582495	1.123511	1.491310
-0.078039	0.931159	0.281916	-0.216749	-0.131253	-0.009686	0.241930	1.045443	1.293013
0.567744	0.531959	-0.169230	-0.995504	-0.046051	-0.395111	0.548185	0.932046	1.237022
0.623154	1.024954	-0.382496	0.110416	-0.794465	0.341080	0.026042	0.843269	0.178845
0.380792	0.958331	-0.708576	0.015364	-0.989126	-0.092318	-0.127382	1.120098	0.384229
0.574589	0.850848	-0.084588	-0.187828	0.184877	-0.294674	-1.409502	-0.289432	0.568019
0.869085	0.956359	-0.428558	-0.554779	0.005394	0.000606	-1.425368	-0.416819	0.814274
-0.051552	0.908220	-0.762861	-0.387045	0.409964	-0.418348	-0.630892	0.054912	1.396971
0.225162	0.886745	-0.816708	0.721417	-0.414118	-0.064858	-0.504716	-0.299132	-0.002037
-0.304126	0.771707	-0.171091	-0.684109	0.267761	0.162842	-0.349317	0.112427	0.380506
0.887608	1.086527	-0.704633	-0.734349	0.086650	0.151466	-0.416418	0.340018	0.329545
0.793182	0.752944	-0.572779	-0.852811	0.134671	-0.224723	-0.719847	0.729179	0.433668
-0.440774	0.762067	-0.910886	-0.686710	-0.184832	0.296614	-0.144016	0.088018	0.681137
-0.436537	0.666849	-1.099455	-0.780264	-0.080353	0.263957	-0.779252	-0.014953	0.946754
-0.100296	0.719246	-1.380239	-0.967739	-1.131589	-0.266397	-0.070168	0.881716	0.945923
-0.689733	1.099006	-0.904826	-1.786839	0.179393	0.306071	0.193829	0.993242	1.075146
0.345278	1.101093	-0.332977	-1.690509	-0.555390	-1.034218	-0.327359	0.176888	0.953590
0.178007	1.371356	-0.763304	0.200187	-0.323999	0.412348	-0.607387	0.844129	1.092887
0.155514	1.138718	-0.667165	0.186902	-0.059153	0.248373	-1.078261	0.426500	1.097303
-0.054504	1.326757	-1.492481	-0.136584	-0.639875	-0.916003	-0.739774	-0.076283	0.797901
0.118882	0.620446	-0.369995	-0.842707	-0.259480	-1.071202	-0.620190	-0.273972	1.161036
1.105135	1.095874	-0.176143	-0.852262	-1.020000	-0.309160	-0.042714	0.909961	0.499645
-0.226031	0.803456	-1.080857	-0.178316	0.206492	-0.413288	-0.063599	1.434878	1.707028
0.967812	0.854132	-0.541150	0.012288	-0.442435	-0.160991	-1.151777	-0.162764	1.171154
0.525682	1.077158	-0.172877	0.302883	-0.151281	-0.718682	-0.928180	-0.341626	0.975828
0.347248	0.960628	-0.778701	-0.345532	0.079828	-0.632845	-0.492561	-0.059959	0.528204
0.204752	1.180321	-0.248562	-2.087769	-0.116491	-0.211438	0.021767	0.492100	0.658581
-0.065312	0.964835	-0.807711	-0.779118	-0.435268	-1.072610	0.003216	1.176269	0.802071
-0.325424	0.802293	-0.078380	-1.114421	-0.203959	-0.480782	-0.412230	-0.423659	0.978966
-0.167354	0.388772	-0.794809	-1.026560	-0.376466	0.443779	-0.405948	-0.133076	0.909035
-0.023693	1.082055	-0.624314	0.652596	0.034971	-0.319423	-0.489437	-0.070868	0.631617
-0.553736	0.691310	-0.511811	-0.363753	-0.754906	0.251379	0.023793	0.261980	-0.546827
-0.315698	0.954139	-0.691651	0.007443	-0.590874	0.082099	0.097697	-0.076190	-0.871244
0.122716	1.108469	-0.526067	-0.528203	0.287607	0.447734	0.278407	0.703286	1.036613
0.424770	0.027642	-0.722671	-0.904761	1.537560	0.427969	0.850772	0.970055	1.674507
0.029656	0.304299	-0.671667	-1.332546	1.588039	0.604353	0.852681	0.711792	1.424937
-1.026893	0.674490	-0.466688	-2.185283	0.263420	0.255390	0.328503	1.291410	1.025953
-1.448782	0.954100	-0.587204	-1.992913	0.347317	-0.068740	0.074338	0.976553	1.004668
-0.664719	1.338500	-0.562052	-0.434064	-0.344663	-0.401678	0.109801	1.017962	1.221311
-0.557742	1.272251	-0.051201	-0.507463	-0.076913	-0.176006	0.282881	0.924465	1.599553
0.486090	0.793662	-0.825847	-0.099693	-0.338200	0.086334	-0.547220	1.158888	0.798849
-0.165453	0.456147	-0.759389	-0.729232	0.707538	0.668634	0.206653	1.266933	1.404547
-0.347172	1.096519	-0.586984	0.173118	0.151665	-0.384148	0.183430	0.839071	0.814068
-0.623831	0.753789	-1.696341	-0.766025	-0.527640	0.063991	-0.000989	1.192486	0.549574
1.279610	0.989325	-0.889442	-0.372509	-0.353891	-0.793631	-0.805005	0.272395	0.871233
0.833732	1.138079	-1.314607	-0.401590	-0.393770	-0.624255	-1.065695	0.036186	1.055621
-0.385479	0.114736	-0.176212	-0.819287	0.665828	0.196399	0.421510	1.223996	1.516064
-0.064075	0.282122	-0.202556	-0.930356	1.253897	0.382967	0.683970	1.173189	1.521224
0.628767	0.688218	-1.330640	-0.443717	-0.955864	-1.073080	-1.214111	0.109282	1.152930
0.774940	0.879246	-1.302467	-0.204095	-1.232255	-0.737386	-0.806361	0.460229	1.202153
-0.363141	1.033219	-0.316418	-1.447080	-0.189918	0.049187	-0.016975	0.542056	0.663179
-0.127836	1.257909	-1.042942	-1.013701	0.012920	-0.894278	-0.223843	0.837354	0.904561
-0.078393	0.754911	-1.293015	-0.861551	-0.638872	-0.093920	-0.996606	-0.008435	0.857281
-0.038447	1.129562	-1.397733	-0.767374	-0.319346	-0.391183	-0.883095	0.390106	0.582203
-0.636449	1.151845	-0.696626	-0.799658	-1.196171	0.165151	0.024930	0.712558	0.034466
-0.344582	0.965768	-0.474176	-0.451835	-0.881927	0.289194	-0.215731	0.357790	0.143370
-0.012044	1.288123	-0.514783	-0.945462	0.170292	-0.905081	-0.542931	0.322654	1.522072
-0.343632	1.318934	-0.617862	-0.576776	0.192107	-1.071305	-0.672716	0.160464	0.656850
-0.159476	0.991783	-0.885049	-0.800902	0.063244	-1.086829	-1.200320	0.077976	0.850745
0.642737	0.352118	-0.953290	-0.834535	0.974339	0.532264	0.865610	0.956775	0.833679
0.386956	0.312762	-0.487496	-0.726686	0.903882	1.008563	0.909612	0.677546	0.817402
1.088573	0.971412	-1.435970	-0.651334	-0.035669	-0.056619	-0.413161	0.795358	1.106177
0.117018	0.759302	-0.335278	0.046447	-0.378005	0.327870	-0.165087	1.071657	1.508571
0.127123	0.978978	-0.812020	-0.099259	-0.590718	0.238579	-0.011148	1.219813	1.046776
0.011860	1.018783	-1.101765	-0.303574	-0.108644	0.060664	-0.582589	0.486154	1.330670
0.512831	1.040268	-0.901063	-0.214667	0.036441	0.244868	-0.622706	0.058177	1.062686
-0.605348	0.581245	-0.052839	-0.396003	0.320846	0.375768	0.030759	0.707388	0.463659
0.518166	1.202162	-1.301789	0.137455	-0.439900	0.297933	-1.132185	0.695579	0.658239
0.814442	0.841095	-1.058700	0.289556	-0.065307	0.010488	-0.980922	0.520472	0.853432
-0.035739	0.386940	-0.426353	-1.239232	-0.473429	0.432124	0.366190	1.124324	0.060293
-0.051449	0.394770	-0.394484	-1.216597	-0.373042	-0.103833	0.642228	1.520542	0.349912
0.700055	1.138303	-0.966776	-1.095462	-0.392350	0.367121	-0.215356	0.521774	0.838170
-0.164937	1.060204	-0.422872	-0.738883	0.833270	0.447527	0.208999	1.134514	1.677437
0.742735	0.506191	-0.483546	-0.300850	0.349007	0.270896	-1.072511	0.187261	0.762271
0.249804	0.381671	-0.717108	-0.547681	0.358260	0.242552	-0.946540	0.068800	0.296458
1.126122	1.011459	-0.783168	-0.215508	-0.911201	-0.800381	-1.137144	-0.485801	0.096573
0.104783	1.165570	0.341475	-0.772480	-0.380302	0.154055	-0.164147	0.551644	0.827339
0.585052	0.429554	-0.286680	-0.119038	0.377808	-0.431038	0.891343	1.430709	1.234124
-0.246383	0.680954	-0.852456	1.025092	-0.819797	0.093549	-0.379383	0.029519	0.782972
0.073251	0.962313	-0.857176	1.475637	-0.548961	0.363676	-0.118963	0.129559	0.945105
-0.600531	1.077501	-0.657280	-1.351757	-0.467962	-0.651208	-1.011339	0.283252	1.076291
-0.805461	1.326979	-0.603113	-0.720738	-0.730216	-0.790755	-1.073853	0.126685	1.193078
0.480135	0.717784	-0.247702	-0.782535	0.449761	0.296451	-0.274905	0.626103	0.915446
0.054126	0.810622	-0.745691	0.851750	-0.350205	0.495522	-0.654499	-0.003976	0.335134
-0.322579	0.545800	-1.002519	-0.518136	-0.803956	-0.427951	-1.509133	0.397028	0.670706
0.025761	0.749971	-1.330995	0.044912	-0.130625	-0.014789	-0.458688	-0.169948	1.129010
0.193579	0.293890	-0.109237	-0.273054	1.162324	0.685067	0.663340	1.080542	0.936818
0.055434	0.561167	-0.032809	-0.689176	0.008360	-0.575156	0.585529	0.973130	0.110661
0.392011	0.654950	-0.316434	-0.483079	-0.015800	-1.045721	0.525580	1.187821	0.471807
-0.649601	0.461429	-1.365919	-1.277576	0.553848	0.408965	0.369593	1.379816	1.144433
-0.115218	1.314915	-0.371071	-0.304513	0.183945	-0.275779	-0.172383	0.895347	1.843206
0.358465	1.014919	-0.189390	-0.367539	-0.079575	-0.395295	0.140337	0.558378	1.786219
-0.021308	0.754826	-1.646885	-0.366729	-0.169972	-0.544977	-0.139583	0.412765	0.811132
-0.463193	0.877959	-1.930879	-0.221961	0.134646	-0.591877	-0.025774	0.692676	1.201548
0.456321	0.698366	-0.014050	-2.104822	-0.105060	-0.137011	0.218586	0.976208	0.700830
0.107054	0.865859	0.653560	0.039585	-0.002912	-0.541914	-1.003323	-0.295825	0.716195
0.460660	0.620530	-0.501266	-0.171218	1.285226	0.529072	0.609537	1.442145	1.389901
-0.024164	0.981041	-1.089070	-0.260676	-0.201436	-0.625976	0.008390	0.733320	-0.113014
0.105369	1.286981	-1.117062	0.159997	-0.438073	-0.613037	0.140820	1.266167	-0.014578
-1.076171	0.154365	-0.576864	0.095790	0.280209	0.043512	0.665726	1.380937	0.831794
-0.382279	1.317450	-0.786096	-0.547367	-0.216446	-0.232587	-1.070111	-0.477921	0.339433
-0.241079	1.170980	-0.417673	-0.322353	0.222228	-0.202952	-1.278619	-0.551243	0.778748
0.479961	1.201475	-0.633846	-1.951992	-0.290442	-0.358307	-0.565542	0.512936	0.924321
0.413213	1.052166	-1.032659	0.093526	0.269493	-0.262700	0.265652	0.935350	0.264093
0.676379	0.700679	-0.397645	0.182046	0.099589	-0.294669	0.275204	0.953860	0.094026
0.598463	0.946969	-0.553422	1.314585	-0.937337	0.281974	-0.921321	0.384451	0.871816
-0.117769	1.110195	-0.060417	0.490380	-0.486454	0.395611	-0.853764	-0.226049	-0.011370
0.589234	1.141954	0.521305	-1.679765	0.282858	0.072595	-0.194954	0.565007	0.731038
0.719719	1.028819	0.363140	-1.288697	-0.195161	-0.067565	-0.549006	0.463816	0.445938
0.491680	0.560853	-0.497444	-1.151441	0.649973	-0.359715	0.386446	1.061185	1.144523
-0.860084	0.554459	-0.647070	-1.608541	0.121453	-0.318442	0.598485	0.941635	0.692664
0.903700	0.829841	-1.661027	0.402339	-0.941640	0.307364	-0.536329	0.862162	1.388404
0.415002	0.948532	-1.460089	-1.785870	0.295398	0.133491	-0.247259	0.618705	0.838565
0.526251	0.811398	-1.358292	-1.242026	0.202555	-0.261547	-0.024731	0.262856	0.796471
0.282713	0.446056	-1.069998	-0.825452	-0.297668	-0.117512	-0.394336	-0.038025	0.759811
0.466041	0.899101	-1.630686	0.190837	0.016646	0.514185	0.072271	0.914808	1.526679
0.582700	0.549210	-1.647140	0.203108	0.154902	0.280243	-0.205572	0.292755	1.620891
-0.228305	0.930980	-1.153294	0.229285	0.403987	0.186847	0.131914	1.467704	1.634942
0.478022	1.095762	-0.109971	-0.660610	-0.432699	-0.459739	-1.218168	0.730679	0.976931
0.466041	0.903211	-1.551780	-1.529892	-0.156474	0.073772	0.072270	0.914808	1.526679
0.202528	0.880679	-1.311545	-1.605955	0.283365	-0.477524	0.174403	0.710119	1.576396
-0.073035	0.886263	-0.621210	-1.543123	0.781644	0.165661	0.240342	1.122281	1.653088
-0.928408	0.478583	-0.277540	-0.244129	0.839529	0.532422	0.746814	1.108603	1.352335
-0.662181	0.749687	-0.601385	-0.399568	-0.952608	-0.209886	0.082970	0.858999	0.282004
-0.773852	0.260427	-1.370268	-0.381745	1.339382	0.589518	0.708111	0.853996	0.489622
-1.001531	0.206674	-0.673023	-0.680159	1.263608	0.648395	0.908392	0.934223	0.607236
-0.211640	-0.061208	-0.482235	-0.128470	-0.281502	-0.097673	0.123358	0.041922	0.823321
-0.074019	0.401381	-0.621227	-0.154378	-0.256453	-0.102206	-0.127756	-0.573071	0.727252
0.375685	0.875381	-0.572190	-0.435957	-0.085895	-0.516814	-0.511313	0.637410	1.312290
0.528802	0.968056	0.905035	0.476972	-0.837884	-0.273823	-0.249795	0.132688	0.411712
0.156259	1.100102	0.724629	0.225394	-0.756747	-0.504065	-0.548545	-0.084032	0.923950
1.397046	0.693859	-0.675106	-0.821434	-0.707559	-0.969440	-1.507572	-0.396310	1.145638
0.252885	0.929342	-0.257672	-0.476947	-0.346441	-1.249705	0.039252	0.715022	0.551760
0.376054	1.372405	-0.243069	-0.162613	-0.091769	-0.867101	-0.105459	0.422927	0.845485
0.056973	0.346611	-1.144058	-1.136850	1.373240	0.557480	0.785687	1.272055	1.841262
-1.488325	1.280147	-1.312703	-0.992430	-0.183316	-0.838736	-0.106228	1.165529	1.002518
-1.491778	0.670724	-1.730579	-0.732532	-0.169771	-0.741256	-0.042079	1.362029	0.770316
-0.141823	0.368573	0.039469	-0.948702	0.718140	0.101632	0.301065	0.826262	0.909852
0.704597	1.169139	-0.126438	0.101167	-0.580515	0.110767	-1.231191	0.279390	0.930881
-0.939338	0.997208	-1.012609	-0.438930	-0.385724	-0.399467	-0.160445	1.248506	0.770159
-1.148191	1.060592	-1.253242	0.015166	-0.199658	-0.839286	0.143900	1.004942	0.575131
1.034811	0.944957	-1.092374	-1.141225	0.147140	-0.330232	0.169610	1.527282	1.606835
1.071820	1.307579	-0.968892	-0.661057	0.326464	-0.433439	0.015242	1.341327	1.106535
0.490523	1.201896	-0.860485	-1.668635	0.079176	0.367512	-0.205596	1.366379	1.138839
0.468649	1.309967	-0.466965	-1.386832	0.323794	0.026722	0.199098	1.097544	1.411001
0.811926	1.097352	0.672909	-0.227632	-0.343957	-1.286495	-0.226439	-0.126504	1.030981
-0.637488	0.699680	-1.834096	-0.872839	-0.020430	-0.189459	-0.062845	0.827112	0.981331
0.493264	0.612644	-0.279503	-0.778544	-0.080988	-0.342340	-0.271758	-0.363456	0.538330
0.012821	0.667685	-0.348343	-0.550779	0.060661	0.540177	0.266520	0.762208	1.566527
0.472778	0.735416	-1.385604	-1.352820	-0.639529	-0.290812	-0.192419	0.788769	0.770696
0.330367	1.372033	-1.378433	-0.962474	-0.504878	-0.296330	0.076625	0.988872	1.571265
-0.875636	1.043426	-0.128050	-0.094168	-0.457637	-1.573075	-0.377927	0.028737	0.517578
-0.324926	0.877320	0.078949	-0.246896	-0.725726	-1.122076	-0.264762	0.275747	0.569376
-0.122211	1.145185	-1.243830	-0.800568	-0.191485	-1.180552	-0.839597	-0.291491	1.236167
-0.057618	0.931912	-1.002443	0.140956	-0.252286	-0.328213	-1.085234	-0.063042	0.231973
-0.164881	1.164957	-0.738058	-1.399620	-0.716949	0.034833	-0.684691	-0.141971	0.909016
0.439964	0.722725	-1.417213	-0.886090	-0.094004	-0.755570	-0.403726	0.251383	1.072020
0.595510	0.980878	-1.993519	-0.969004	0.045014	-0.651615	-0.329269	0.713275	1.343513
-0.872613	0.808410	-1.085445	-0.920543	1.079260	0.462211	0.386919	1.428955	1.107140
0.477344	0.501663	-1.050628	-1.277370	0.233586	-0.154995	0.919991	0.866693	1.026593
0.130838	0.932559	-1.115806	0.119402	0.625106	0.696867	-1.440499	0.080216	0.604201
-0.323289	0.817842	-0.955815	0.048819	0.818027	0.627991	-1.123420	0.186338	1.200239
1.086349	0.920314	-0.327590	-0.447605	-0.705246	0.292794	-0.340535	0.273828	1.172278
0.870661	0.558911	-0.480660	-0.020955	-0.706771	0.024117	-0.559915	-0.136645	0.867404
-0.001155	0.919011	-0.440956	-0.443009	-0.484480	-0.022134	-0.324885	0.622612	1.807757
-0.001705	0.884644	-0.631709	-0.605366	-0.589382	0.473008	-0.697256	-0.314927	0.623264
0.291931	0.537896	-0.191829	-0.369475	1.099183	0.366690	0.004840	1.372557	0.892477
0.345289	1.077618	0.528918	-0.083413	-0.286711	-0.516708	-0.315919	0.334911	0.376531
-0.122738	0.923081	0.671585	0.283288	-0.128703	-0.029873	-0.297973	0.035511	0.517350
-0.725908	0.815240	-0.065097	-0.862051	-0.049707	-0.326388	-0.326867	0.219450	0.520280
0.123634	0.701913	-0.433199	-0.056466	0.052007	0.024481	-1.360228	-0.123381	1.011331
0.638426	0.992473	-0.734950	-0.724693	0.101472	0.409639	0.161650	0.764008	0.571578
0.284090	0.975481	-0.162581	-0.149816	0.620593	-0.836873	-0.193131	0.170296	0.565473
-0.015481	1.008152	-0.385902	-0.260471	0.845639	-0.564527	-0.711839	-0.292668	0.704846
-0.674591	0.917240	-0.277868	-0.318615	0.281872	-0.241738	-1.002792	-0.640735	0.131892
-0.360692	1.157960	-0.278803	-0.242240	-0.278372	-0.022277	-0.683676	-1.004875	0.286538
0.359545	0.969166	-1.050624	0.442596	-0.327147	-0.624907	-0.394837	0.419256	1.039045
-0.265114	0.456296	-0.914423	-1.740705	1.028253	0.404881	0.690319	0.794785	1.107258
-0.061378	1.074685	-1.184051	-0.164749	-0.858296	-0.453552	-1.744423	0.284212	0.264427
0.665980	0.882033	0.263393	-1.726448	-0.083274	-0.561726	-0.066770	0.523073	0.350977
0.149904	1.233248	-0.295048	-1.156202	-1.015510	-0.154079	-0.198067	1.079011	0.471182
0.548050	0.869347	-0.732256	-0.401118	-0.816889	0.259291	-0.056066	0.794156	1.503476
1.033886	0.625330	-0.142990	-0.870062	0.757114	0.272806	0.719419	0.919348	1.503691
0.371374	1.242022	-0.069650	0.094446	-0.111159	-0.386138	-0.608946	0.381643	1.323628
-0.147396	1.356013	-0.661448	0.158424	-0.053287	-0.418726	-0.354898	0.176848	1.526051
0.610578	0.744009	-0.668181	-1.131401	0.536210	0.407989	0.452671	1.103079	1.217608
0.029820	1.006656	0.672564	-0.888826	0.051379	-0.774720	-0.273939	-0.012457	1.562010
0.903743	0.956528	-0.553737	-1.569297	-0.533308	0.057906	-0.035662	0.792159	0.992083
0.876616	0.582287	-0.244273	-1.257466	-0.199081	0.117550	-0.026224	1.186725	1.439689
-0.825457	0.497112	-0.376766	-0.694792	-0.040000	-0.765095	0.531664	0.788989	0.261117
1.154380	0.849877	-0.186922	-1.253589	0.129794	0.034229	-0.819899	0.196567	0.679937
0.817572	1.025642	-1.162045	-0.905017	-0.778525	-0.542120	-0.665601	0.562998	1.407065
0.029110	0.523150	-1.491373	-0.083071	0.395027	0.161400	0.608596	1.149516	1.001659
-0.042178	0.644363	-1.388678	-0.526287	0.468836	0.287353	0.602030	1.387061	0.288925
-0.897351	0.728690	-0.604356	0.020646	0.521127	-0.202097	-0.077420	0.405487	1.562856
-1.033124	0.914782	-0.930984	0.274632	-0.218706	-0.086982	-0.099543	0.489995	1.421139
-1.327958	0.864146	-0.111144	0.076055	-0.002912	-0.191789	-1.000726	-0.295825	0.716195
1.517827	0.782711	-0.311891	-0.092953	-0.117037	-0.582066	-1.153803	0.023597	0.766793
0.008667	1.218848	-0.233015	-0.262906	0.324147	-0.346377	-0.199635	-0.203424	1.106167
0.233305	0.761549	0.195186	-0.931051	0.544420	-0.346633	0.282806	1.203028	0.060285
-0.325369	0.660288	-0.742667	-2.070250	-0.164226	-0.588483	-0.180137	0.575671	1.021575
0.014990	0.763137	-0.464447	-1.881365	0.170846	-0.162031	0.624362	1.528743	1.810053
0.000594	0.685211	-1.077985	-1.335430	0.281730	-0.103442	0.753876	1.391655	1.487372
0.116994	0.855103	-0.633367	-0.708425	-1.306664	-0.767782	-0.833238	0.115005	1.392841
0.012777	0.677805	-0.411736	-1.111378	-0.861486	-0.476924	-0.632179	0.030280	1.895886
0.214666	1.249815	-0.485371	-0.258281	-0.585424	-0.179055	-1.203115	0.843188	0.438926
-0.092689	1.039676	-0.251654	-0.122340	-0.421158	0.008993	-1.300948	0.469143	1.082327
0.243283	0.918318	-0.095404	1.098114	-0.783238	-0.058576	-0.556430	-0.277952	-0.375026
-0.255974	1.066475	-0.132321	-0.467122	-1.333556	0.150079	0.030552	0.733499	0.577263
-0.526730	0.903913	-0.027855	0.610231	-0.302118	-0.454847	-0.512406	-0.192763	0.341446
-0.245689	0.404706	-0.010264	0.696722	-0.798972	-0.649592	-0.940718	-0.224553	0.158594
0.779069	1.294807	-0.417068	-0.322649	-0.564140	-0.922390	-0.996111	0.206559	1.103773
0.076302	0.994956	-0.231816	-0.026455	-0.457845	-0.589110	-0.719003	-0.263597	1.456234
0.667750	0.684184	-1.047487	-0.222725	-0.080932	-0.015625	0.557674	1.173760	1.810727
-0.237062	1.064408	-0.776785	0.012942	-0.109291	-0.207605	0.064576	0.266504	-0.467030
1.029864	0.463183	-0.480223	-0.337242	-0.207997	-0.059673	-0.588495	-0.226287	-0.097803
0.182409	0.940702	-0.648535	-1.142536	-0.399034	-0.526436	-0.966878	0.595998	0.707281
0.887437	0.924948	-0.442238	0.444293	0.265541	-0.283719	0.086938	1.056404	0.774448
-0.181446	0.235799	-0.790261	-1.192634	0.621881	0.114741	-0.140641	0.709932	1.559167
0.920214	0.737998	0.065686	-0.973487	-1.149679	-0.115926	-0.653373	0.602364	0.943818
0.615147	0.876493	-0.676725	-1.088990	0.697271	-0.026371	0.211008	0.951857	0.209445
-0.350088	1.019257	-1.224434	0.498579	0.125159	0.097173	-0.613846	-0.052267	0.387016
0.214666	1.234024	-1.402339	0.768756	0.358321	0.433912	-1.195597	0.843188	0.438926
0.432964	0.799646	0.763628	0.388954	0.062840	-0.534150	-0.599309	-0.009796	0.005503
-0.157577	0.986963	-0.086127	-1.035297	-0.573837	-1.410777	-0.540568	0.219909	1.088794
1.071724	0.950518	-0.993024	-0.656256	1.134170	0.251491	0.015342	1.341420	1.106536
0.611897	1.125199	-0.700298	-0.909647	1.324183	0.324490	0.070967	0.953928	1.672324
-0.866680	0.799665	-1.367622	-0.537663	0.215011	-0.748895	-0.257735	0.492147	1.026229
0.557956	0.920807	-0.764973	-0.024851	-0.030372	0.616640	-0.395167	0.270349	-0.211964
0.059329	0.887982	-0.190222	-0.146550	-0.263106	0.488347	-0.081006	0.232473	-0.594962
0.277720	0.554500	-0.529745	-0.718346	0.346481	0.061423	-0.274283	-0.135605	-0.022005
0.173675	-0.031925	-0.223245	-0.269582	-0.048192	0.317303	-0.321877	-0.252603	0.140234
0.148897	1.001464	-0.508908	-0.522512	-0.135319	-0.287001	0.296769	1.182205	-0.140375
0.106329	1.058444	0.073730	0.953891	-0.526202	-0.093224	-0.371512	-0.554735	0.481601
1.070918	0.763367	-0.954009	-0.287667	-0.652070	-0.488224	-0.419115	1.036486	1.601125
-0.696383	0.465010	-0.219942	-1.144001	0.368901	-0.172967	0.026900	0.706673	1.314812
0.097841	0.942588	-0.860505	-2.161767	1.521909	0.362746	0.044740	0.457426	1.158028
-0.031097	0.673004	-0.356150	-0.772062	1.538695	0.214906	0.337413	0.796411	0.638090
-0.613629	0.806007	0.021229	-0.589779	1.259852	0.346319	0.324110	0.793094	1.321163
0.330523	0.596988	-0.023151	-1.472881	0.242215	0.301137	0.381953	1.163819	0.288012
0.054452	0.979240	0.265410	0.615317	-1.079809	-0.578541	-0.026402	0.036744	-0.002303
-0.275474	0.979240	-0.674236	0.615317	-1.079246	-0.577723	-0.026270	0.037024	-0.002291
0.355807	0.911841	-1.370921	0.049035	-0.459301	-0.905286	-1.532234	0.151467	0.941738
0.120526	1.039750	-0.453218	0.303294	-0.031708	0.117560	-1.041635	-0.717182	0.490426
0.164540	1.114518	0.020694	-0.885293	1.120512	0.698273	0.398173	0.926137	1.073309
0.503503	0.380832	-0.129862	-1.021056	1.101790	0.225041	0.428547	1.686581	1.359044
-1.194479	0.787719	-0.088051	-0.702189	-0.561711	-0.053700	0.342631	0.334978	-0.223572
-0.615236	0.905831	-0.518072	-0.945279	-0.348860	-0.281842	0.211651	0.028443	-0.720817
-1.380848	1.074712	-0.548687	-1.935607	-0.421421	-0.250768	0.102758	0.953053	1.341565
-0.912696	1.006522	-0.555197	-0.888826	0.051572	-0.496873	-0.251119	-0.012446	1.562010
0.531716	0.943537	-1.143721	-2.219575	-0.345726	-0.112722	-0.346123	0.742755	1.556510
0.550061	0.724416	-0.646139	-1.176123	-0.371338	-0.255154	-0.352878	0.651119	1.810676
0.834556	0.764049	-0.093691	0.212830	0.125912	-0.405357	0.036080	0.573702	1.694405
-0.306631	0.253128	-0.381234	0.183049	-0.222965	-0.644391	0.461457	0.966066	0.535069
0.597588	0.855757	-2.313537	0.687443	-0.762750	0.531220	-0.808506	0.767008	0.385460
0.685453	0.883765	-1.272456	0.744960	-0.787518	0.345283	-0.808970	0.666021	0.328489
-0.334288	0.659808	-1.328856	-1.425416	0.175784	0.090263	-0.459122	0.734357	1.193126
1.274756	0.474040	-0.716694	-0.568919	-0.349990	0.099613	-0.051760	1.399069	1.210650
0.948459	1.185835	-0.817219	-0.669189	-0.425300	-0.257701	-0.052809	1.682068	0.660665
-0.089067	1.084005	-1.090388	-1.119261	-0.653572	-1.158763	-0.170391	0.030775	1.301546
0.566264	1.115677	-1.641874	-0.486308	0.286215	0.094806	-0.014662	1.108277	1.620970
1.162107	0.904982	-1.165180	-0.858439	-0.218777	-0.817523	-0.799853	1.216758	0.855989
-1.070270	1.077604	-0.555011	-0.083264	-0.227114	-0.289879	-0.231915	0.464789	0.376765
0.947271	0.802308	-0.565833	-0.860062	0.558775	-0.287233	-0.066011	0.537189	1.272239
-0.632299	1.074751	-1.000073	0.286148	-0.411602	-0.735436	-0.832859	-0.114626	-0.378926
-1.014082	1.015402	-1.005542	0.045951	-0.882396	-0.040483	-0.756151	0.238815	-0.012770
0.701782	0.970354	0.403931	-0.495572	0.304703	-0.701826	-0.420587	-0.216268	0.558933
1.070918	0.760391	-0.963051	0.897846	-0.651165	0.344811	-0.417895	1.036486	1.601125
1.603328	0.950989	-0.798520	-0.435747	-0.767120	-0.346308	-0.891184	0.445949	0.478714
1.289011	1.150436	-0.775840	-1.009947	-0.491712	-0.901818	-0.777829	0.358256	-0.077086
-0.580863	0.434946	-0.436010	-0.133566	-0.777480	0.225063	-0.433700	0.023640	0.460477
-0.714603	0.870083	-0.200947	-0.241130	0.621726	-0.254312	-0.255220	0.078495	0.803048
0.973922	0.919926	-1.481697	-0.324896	1.136459	0.544907	-0.630650	0.919398	0.941804
0.777224	0.878089	-1.268121	-0.850173	0.917980	0.555670	-1.033245	0.334309	1.483278
0.684247	1.152547	-0.799315	-0.117074	-0.748489	-0.003041	-1.675246	0.327228	1.043827
0.036690	1.223999	-0.776401	-1.886024	-0.527383	0.157227	0.300424	1.076683	0.841222
0.411432	0.748821	-0.788944	-2.430225	-0.278616	-0.238334	0.069150	1.585699	1.014808
-0.798931	0.366931	-0.350259	-1.018540	-0.606802	-0.364444	0.605428	1.532655	0.510513
-0.940298	0.877666	-0.900713	0.490502	-0.335861	0.209261	-1.105003	-0.585466	0.699797
0.935965	0.517387	-1.108866	-0.359021	-0.021399	0.423960	-0.695238	0.405843	1.137836
0.880971	0.713868	-0.647947	-0.271359	-1.126588	-0.586346	-0.033329	1.180139	0.691703
0.460176	0.538450	-0.818583	0.006053	-0.421752	-0.237479	0.638605	1.010879	-0.176602
-0.808490	0.931690	-0.040744	-0.548394	-0.754705	0.103197	0.073286	0.688921	1.135212
0.820023	1.373069	-1.222349	-1.853539	-0.008445	-0.421715	-0.238782	1.230991	0.934062
-0.634609	-0.020859	0.048219	-0.406569	-0.171658	0.398750	0.150148	-0.169603	0.998724
0.820023	1.368382	-1.244021	-1.833047	0.843426	0.405078	-0.238782	1.230991	0.934062
0.041493	0.592394	-0.070616	-0.316879	0.164699	-1.405324	-0.220024	-0.363117	0.498582
0.161922	0.626496	-0.461738	-0.384269	-0.649997	-0.963966	0.074948	0.936447	1.526083
-0.471588	1.171730	-1.843098	-0.934047	-0.456683	-0.560057	-0.377070	0.199724	1.344999
-0.474079	0.917942	-1.000315	-0.728352	-0.701160	-0.026223	-0.411059	-0.241730	1.648856
-0.546099	0.841276	0.122374	-0.261436	-0.699418	0.006151	0.072820	1.352732	-0.173520
0.207039	1.002058	-0.574459	-1.794478	-0.540564	-1.789543	-0.868265	-0.261113	1.011705
-0.194903	0.537865	-0.330196	-1.071280	0.960361	0.621368	0.109448	1.114536	-0.030699
-0.287133	0.869065	-0.280083	-1.831211	-0.236264	-0.143811	-0.206298	0.616920	1.635316
0.253508	0.596139	-1.706653	-1.028780	-0.794580	0.018636	-0.158411	0.883802	1.601789
-0.030284	1.171176	-1.290504	-1.652529	-0.386697	-0.999148	0.053479	0.974934	1.213276
0.680726	0.823176	-0.337994	-1.270880	-0.827491	-1.185853	-0.684929	0.717065	0.905456
-0.061378	1.074685	-1.565899	-0.164747	0.019214	-0.354667	-0.822363	0.756689	1.102786
-0.311626	0.632575	-1.170888	-0.821270	0.328037	0.153964	1.079203	0.624275	1.140930
0.207995	0.576266	-0.620798	-2.344395	-0.059041	-0.300226	0.258156	0.742880	0.202628
-1.160869	1.000379	-0.217968	-0.158151	-0.403016	-0.684392	-0.802996	0.289794	1.520304
0.581953	0.459898	-1.050395	-1.169997	0.639400	0.490847	-0.298810	0.910966	1.751981
1.184241	1.009989	-1.200612	-0.874113	-0.301518	0.284200	-0.596734	0.152783	0.326327
-0.020679	-0.289035	-0.604458	-0.133041	0.075411	0.610502	-0.355979	0.249935	1.015794
0.639146	1.286108	-0.020740	-0.419857	0.478599	-0.900180	-0.569271	-0.073120	1.579993
-0.382742	0.729502	-0.095295	-0.260587	0.020083	-0.750510	0.415274	0.000950	-0.125914
-0.187808	1.071216	-0.730146	0.863715	-0.361317	-0.708459	-0.284133	-0.007906	1.141629
-0.164401	0.288587	-1.570096	-1.233761	1.229339	0.420997	0.959786	1.055936	0.385625
-0.258093	-0.411294	0.255355	-0.083936	-0.579935	0.203168	0.247727	0.168621	0.222845
-1.104144	0.766388	-1.091861	-1.074321	-0.580066	-0.033668	-1.038304	0.158303	0.450589
-0.710842	0.611943	-1.190397	-0.243054	-0.085437	0.325488	-0.349763	-0.824820	0.839051
0.390321	1.078683	-2.273079	-0.717945	-0.686650	-1.523195	-0.712045	0.032586	1.239610
0.117190	0.836117	-1.312359	-2.640557	0.487726	0.347399	0.020709	1.340155	1.032402
-0.196836	0.999107	-0.988634	-1.807177	-1.365730	-0.330836	0.102466	1.341055	0.409781
1.410913	1.005539	-0.956268	0.199414	-0.924916	-0.345516	-1.342849	0.623872	1.526711
0.390324	1.054495	-1.714036	-0.717945	-0.367926	-0.943920	0.230942	1.186826	1.795559
0.032312	0.924039	0.500559	-0.553324	-0.251037	-0.511249	-1.662108	0.025111	0.729364
-0.183237	0.303288	-1.745931	-1.375699	-0.409756	0.182905	1.093074	1.324129	0.265947
