0.001432	0.516938	-0.884907	1.127044	1.018844	0.753004	0.256413	1.133880	0.694720
-0.112261	0.614731	-0.772270	1.143700	1.199120	0.807559	0.263949	1.069061	0.635536
0.173910	0.786139	-1.178380	1.101658	0.873641	0.650002	0.148482	0.864513	1.033348
0.115250	0.804774	-1.162851	1.149600	0.802848	0.879103	0.170367	0.755458	0.954985
0.079782	0.889359	-0.657525	0.538582	1.148847	0.434504	0.264382	1.212304	0.469105
0.176932	0.731849	-0.531127	0.547855	1.139648	0.600199	0.249856	1.135086	0.483925
0.189290	0.843045	-0.879757	0.848408	1.451491	0.818125	0.347302	0.807955	1.014156
0.224055	0.907947	-0.709411	0.901017	1.390317	0.733662	0.195324	0.840583	1.136455
0.115553	0.815414	-1.181662	1.363669	0.956573	0.937985	0.201056	0.885846	0.981592
-0.023919	0.814528	-1.246888	1.210549	1.061901	0.876960	0.148685	0.914586	0.832295
-0.315250	0.552650	-1.686929	1.230231	1.198396	0.903135	0.164543	1.117656	1.029201
-0.507732	0.689023	-1.638381	1.253727	1.075322	0.817385	0.152058	1.095431	1.112088
-0.197659	0.604028	-1.488161	0.900803	1.206680	0.776042	0.484478	1.316325	1.021586
-0.011293	0.578116	-1.616776	0.867971	1.275030	0.802841	0.575788	1.365085	0.873757
0.297178	0.711287	-1.319307	1.314206	1.176441	0.850363	0.164286	0.772241	0.737395
0.389894	0.766779	-1.192403	1.276107	1.007767	0.792261	0.213966	0.819468	0.576436
0.289891	0.851949	-0.402709	1.151285	0.200017	0.448253	0.130693	1.101421	0.759194
0.401525	0.802149	-0.580617	1.062812	0.246156	0.377284	0.295355	1.116461	0.832380
0.659314	0.930363	-0.789052	0.586335	1.140662	0.656391	0.105128	0.768988	0.807402
0.660223	0.817291	-0.989688	0.412503	1.082840	0.675570	0.110055	0.802780	0.902318
0.106932	0.915573	-0.952366	1.037645	1.098531	0.762946	0.296834	1.076406	1.100008
0.191579	0.845295	-0.849457	1.237637	1.201014	0.781876	0.426765	0.978413	1.087423
0.080352	0.927424	-1.074879	-0.410184	0.716870	0.370870	0.011380	0.984023	0.655953
-0.073073	0.881750	-0.987873	-0.407840	0.931850	0.312766	0.051853	0.862850	0.620747
0.566183	0.608208	-1.494866	0.781536	0.725504	0.820714	-0.036230	0.899156	1.092497
0.515184	0.641217	-1.320001	0.850318	0.886830	0.763335	0.147838	0.878806	1.056056
0.184412	0.671804	-0.427294	1.156315	0.845436	0.667884	0.565787	0.594362	0.769537
0.271353	0.561094	-0.421548	1.124810	0.868606	0.703188	0.386055	0.700896	0.972673
0.089029	1.021856	-1.714488	0.932569	0.919231	0.769313	0.111229	0.853812	0.769030
-0.121456	1.001019	-1.615480	1.013779	0.807131	0.817092	0.051017	1.016680	0.821601
0.085304	0.823678	-0.763020	-0.047783	0.486909	0.163925	0.274835	0.895365	0.972020
0.061505	0.763611	-0.562465	0.030867	0.654954	0.274962	0.353559	0.966553	0.886242
-0.202440	0.551718	-1.571108	-0.100329	1.152893	0.525125	0.355058	0.896971	1.095994
-0.183576	0.591155	-1.396948	-0.009615	1.287546	0.516228	0.245119	0.734049	0.955138
-0.291789	0.493802	-1.537027	1.329715	1.287545	0.960511	0.096691	0.630142	1.578373
-0.292716	0.366099	-1.537454	1.330462	1.303443	1.278659	0.101639	0.634245	1.580476
0.391483	0.664054	-1.358890	1.004525	1.027706	0.907968	0.176436	0.729640	0.984369
0.439203	0.574059	-1.127649	0.966881	1.127433	0.864002	0.232393	0.899518	1.092943
0.501064	0.519954	-1.850252	0.961460	0.801935	0.973542	-0.065506	0.789213	0.503018
0.504231	0.454526	-1.926544	0.883033	0.726549	0.947594	0.043373	1.083769	0.498532
-0.436026	0.965470	-0.945895	0.980026	0.856609	0.800210	0.146772	0.738764	1.078174
-0.370754	0.815339	-0.849198	0.983761	1.108856	0.713386	0.032656	0.785127	1.018103
-0.346596	0.971954	-0.414566	1.290773	1.274097	0.716274	0.284544	1.222648	0.984267
-0.481007	0.915885	-0.657232	1.142417	1.254817	0.784453	0.295911	1.081838	0.940393
0.609459	0.512968	-1.122667	0.967382	1.249748	0.850785	0.470428	1.110202	1.217681
0.536094	0.567727	-0.957814	1.157445	1.169803	0.824122	0.478150	0.968569	1.039966
-0.326701	0.503011	-0.323267	0.151663	1.143201	0.860507	0.336617	0.728341	1.167740
-0.382306	0.470255	-0.446415	0.221361	1.145513	0.675214	0.434901	0.903037	0.981414
-0.174913	0.616672	-1.481833	1.141644	0.872451	0.819509	0.036543	0.750861	0.657542
-0.213502	0.627212	-1.299029	0.985341	0.776045	0.787115	-0.105015	0.583419	0.520256
-0.431374	0.868751	-0.074984	0.207233	0.648702	0.449907	0.121123	0.966949	1.088143
-0.480921	0.959372	-0.327701	0.198702	0.616018	0.442931	0.284074	1.081670	0.940393
0.055456	0.580103	-1.221281	0.976566	1.299608	0.888862	0.378318	0.943848	1.221402
-0.014651	0.676488	-1.007634	1.116428	1.430839	0.729768	0.392978	0.862632	1.106329
0.019716	0.729241	-0.647771	0.124427	1.329425	0.525048	0.380097	1.490121	0.964865
0.058781	0.898729	-0.623798	0.112688	1.211141	0.634833	0.326702	1.209575	1.029047
0.344611	0.923680	-1.534268	1.028820	0.844964	0.871497	-0.221307	0.504736	0.639604
0.378111	1.023712	-1.611345	1.035754	0.669114	0.698563	-0.309862	0.675662	0.806859
0.136041	0.461676	-1.075101	1.239189	1.274309	0.834896	0.646379	0.833633	0.659235
-0.081793	0.606691	-1.078702	1.367408	1.305623	0.940121	0.466013	0.908869	0.773864
0.303732	0.707530	-0.907370	1.279289	1.223715	0.896384	-0.028858	0.636864	1.135527
0.298352	0.563323	-0.906749	1.112368	1.098634	0.868985	0.187703	0.487901	1.016072
0.119982	0.544744	-1.781479	1.123714	0.919598	0.825207	0.014846	0.991501	1.455082
0.092490	0.812993	-1.762164	1.085816	0.990700	0.674165	0.204576	0.921827	1.381868
-0.265751	0.696961	-1.820294	1.088509	0.837447	0.821118	-0.462362	0.478866	0.678656
-0.386077	0.819448	-1.761805	0.979087	0.662644	0.858935	-0.468917	0.209784	0.639788
0.241064	0.514434	-1.908677	1.806937	1.114397	0.828230	0.249521	1.187179	0.621031
0.279091	0.484909	-1.908209	1.529907	0.903267	0.831461	0.262836	1.086358	0.756354
0.272647	0.717747	-0.365488	1.257068	1.397402	0.688521	0.129519	0.942329	0.748621
0.356728	0.697023	-0.506075	1.101913	1.254422	0.595391	0.352013	0.874990	0.612492
0.389868	0.849984	-0.678805	0.337245	0.127399	0.080327	0.142816	1.184335	0.772512
0.333416	0.695382	-0.574507	0.542553	0.152716	0.188689	0.139206	0.946581	0.839398
0.252950	0.528953	-1.171093	1.401477	1.198689	0.751772	0.221153	0.985971	0.576873
0.038930	0.332855	-1.583746	0.961355	0.843772	1.237920	0.287379	0.873542	0.761663
-0.093399	0.269055	-1.681873	0.982502	1.059271	1.297733	0.115344	0.825273	0.548158
0.080821	0.362184	-0.797505	1.312452	0.096928	1.056362	-0.069213	0.511896	0.806868
-0.086233	0.633973	-0.877359	1.386230	0.230482	0.901465	-0.134326	0.461189	0.738565
-0.547368	0.705451	-1.301697	1.221325	1.521978	0.858461	0.240395	0.740435	0.626177
-0.463332	0.881372	-1.170359	1.140676	1.249649	0.741398	0.208608	0.668333	0.738004
-0.325773	1.005428	-0.915355	0.843133	-0.133159	0.533690	-0.034089	0.839573	1.176645
-0.079741	1.147655	-1.037109	0.931131	-0.065847	0.347757	0.064390	0.971255	1.140277
-0.028046	0.671868	-0.607897	1.692531	0.943709	0.848352	-0.652327	0.007541	1.135372
-0.143138	0.585781	-0.451369	1.524767	1.052833	0.771270	-0.692972	0.025389	0.839663
-0.300880	0.887290	-1.001824	1.046922	1.115210	0.719615	0.292886	1.004816	0.975075
-0.121029	0.584391	-0.672650	0.142916	1.079162	0.733572	0.371147	1.155039	1.049142
-0.133799	0.864254	-0.479973	0.214643	1.031723	0.643407	0.329870	0.931913	1.041472
-0.053610	0.892759	-1.455445	1.337885	0.941014	0.597600	-0.005944	0.692662	0.479479
-0.106846	1.109400	-1.768584	1.397259	0.952072	0.660332	-0.145026	0.695061	0.390440
-0.364829	0.836370	-1.546854	0.649044	0.687092	0.724091	-0.016972	0.542058	0.663180
-0.545695	1.097167	-1.663609	0.828963	0.713642	0.658801	0.063323	0.547545	0.502762
0.560681	0.557514	-0.561260	1.146834	1.055840	0.724695	0.116733	0.737369	0.714068
0.364315	0.567203	-0.328437	0.926156	0.969778	0.781808	0.254071	0.616401	0.725043
-0.178162	0.970556	-1.849608	-0.167008	0.803555	0.439228	0.028801	0.930996	0.749651
-0.178162	0.990271	-1.849414	-0.229716	0.390213	0.331646	0.028801	0.930996	0.749651
-0.036494	0.653376	-1.093874	1.211456	0.943436	0.824305	-0.003060	0.672294	0.786326
0.050702	0.579994	-0.641160	1.072454	1.011612	0.791846	0.394266	0.808042	0.729362
0.270752	0.631655	-2.134726	1.294722	1.022665	0.917262	0.121176	0.987080	1.435840
0.094633	0.816362	-2.263186	1.358913	1.250197	0.889620	0.249674	0.826601	1.524002
-0.065028	0.667010	-1.401530	1.425590	1.020253	1.014573	0.264632	1.171824	1.227602
-0.006042	0.657737	-1.480985	1.324046	1.289452	0.938224	-0.027464	1.215297	1.175501
0.118852	0.543518	-0.808482	0.972194	1.178113	0.804854	0.403569	1.020425	1.195058
0.122684	0.862204	-0.546193	1.078052	0.924729	0.822396	0.278418	0.703294	1.036619
-0.082973	0.655229	-0.560594	1.079396	0.756070	0.791904	0.108412	0.486669	1.040967
-0.036160	0.663018	-1.302333	-0.290311	0.782338	0.452021	0.098737	0.949807	0.582832
-0.223667	0.490234	-1.077546	1.119791	1.568364	0.752184	0.424950	1.417210	0.962746
-0.022155	0.358672	-1.032473	1.329048	1.421353	0.871586	0.363655	1.237344	1.100901
0.190069	0.764994	-0.521878	0.273313	1.505733	0.656528	0.374770	1.409776	1.179759
0.064304	0.781937	-0.185306	0.832582	1.170270	0.784017	0.106946	0.568908	0.927014
-0.242597	0.783975	-0.277125	0.681589	1.137138	0.712901	0.185195	0.807383	0.978699
0.661490	0.855295	-1.479922	0.834333	0.705093	0.560393	-0.109502	1.098324	0.826936
0.760474	0.891918	-1.344351	0.680603	0.840417	0.757877	-0.211368	0.820675	0.854497
0.002630	0.615992	-0.273025	1.578463	1.155960	0.756892	0.216541	1.093326	0.981934
-0.212032	0.758364	-0.072630	1.353912	1.130499	0.638928	0.116170	0.972442	1.037464
0.229060	0.879714	-0.554585	0.238905	0.548807	-0.019594	0.228507	0.985909	0.918467
-0.209438	0.670788	-0.384348	1.310843	1.005838	0.805172	0.198080	0.961274	0.537249
-0.460809	0.625011	-0.541831	1.425351	0.886586	0.788258	0.405734	0.865408	0.720425
0.063364	0.918538	-1.790014	0.543568	0.925506	0.635479	0.092407	0.955504	0.922752
0.261753	0.883094	-2.082510	0.490744	0.970935	0.637288	0.195939	1.121917	1.111297
-0.224106	0.590546	-1.220502	0.342053	0.685911	0.638968	0.272079	1.127014	1.036159
0.079689	0.408006	-1.389257	0.391577	0.781110	0.759313	0.282256	1.017564	1.150977
0.239514	0.782550	-0.969916	0.987516	1.125582	0.857271	0.183183	0.990529	1.619753
0.223846	0.777185	-0.881260	0.927526	1.019660	0.646039	0.509793	1.132874	1.512805
0.197806	1.057776	-0.322226	0.310250	0.528406	0.434053	0.225422	0.633898	0.483971
0.024601	0.761014	-0.284756	0.504870	0.380120	0.483955	0.159051	0.767762	0.545555
-0.414405	0.593152	-1.423399	0.840551	1.053990	0.874963	0.365514	1.309883	0.896224
-0.388452	0.742886	-0.076220	0.881088	-0.017665	0.371468	0.006710	0.626833	0.991178
-0.432118	0.830947	-0.115962	1.047560	0.241063	0.297002	0.043546	0.677070	0.681990
0.423416	0.376288	-0.855098	1.063100	1.106927	0.776198	0.033622	0.739633	0.913815
-0.069348	0.585833	-0.978999	0.691214	1.291360	0.992844	0.576292	0.981901	0.790492
-0.268035	0.554628	-0.824726	0.709098	1.264651	0.807421	0.545841	1.162531	1.077753
-0.354678	1.228394	-0.749177	0.740384	-0.094175	0.697250	-0.578474	0.416154	1.082010
-0.395124	0.964673	-0.639736	0.667315	-0.034718	0.521591	-0.395397	0.309387	0.848304
-0.318080	0.257839	-0.391128	0.406652	1.308294	0.925775	0.388438	0.648494	0.964542
-0.075430	0.747560	-2.273815	1.052060	0.816636	1.011856	-0.478193	0.873366	1.094746
0.159503	0.913807	-2.110436	0.870178	0.690286	0.864932	-0.443334	1.052345	0.969434
0.333781	0.800198	-0.901679	0.423710	0.430421	0.275670	0.057788	1.108393	0.630644
0.244500	0.987411	-1.060518	0.443913	0.123197	0.115292	0.245537	1.185206	0.621031
0.028756	0.480336	-1.671848	1.371775	1.078837	0.771255	0.290292	1.085275	1.679368
-0.045005	0.476134	-1.664571	1.168240	1.388098	0.886328	0.076870	0.937079	1.768557
-0.080363	0.623072	-2.119449	1.101255	1.243913	0.798094	0.054103	0.864577	0.621577
-0.321511	0.745401	-2.111719	0.824848	1.059880	0.776156	0.186676	0.968711	0.759445
-0.203145	0.695032	-2.261230	1.347870	0.446592	0.983061	0.076705	1.045010	1.526324
-0.019287	0.681196	-1.956378	1.092844	0.623962	1.075453	0.079077	1.081254	1.496481
0.044822	0.943253	-0.934509	0.208345	0.175200	-0.094764	0.197633	0.970972	0.771506
0.154353	0.846467	-0.938681	0.025927	0.171839	0.322945	0.230766	0.971819	0.697731
0.085304	0.823550	-0.825269	0.201388	1.082077	0.487481	0.274835	0.895366	0.972020
-0.354391	0.791880	-0.849953	1.115125	1.015329	0.772538	0.205327	1.445271	0.942594
-0.313708	0.632230	-0.837086	0.675609	0.988257	0.819663	0.221373	1.450888	0.825209
0.263078	0.621712	-1.857512	1.453342	0.946283	0.830778	0.298470	0.638293	0.793854
0.218151	0.880804	-1.719792	1.135032	0.866782	0.680106	0.341490	0.610907	0.665248
0.287980	0.787325	-0.626199	1.015338	0.520343	0.622999	-1.224742	-0.194595	0.525358
0.142024	0.769134	-0.731749	1.058819	0.274959	0.628300	-1.265809	-0.131605	0.154080
-0.540324	0.363481	-1.155131	0.653936	1.125214	0.773312	0.216666	0.845219	0.472718
-0.223061	0.412424	-1.207847	0.767358	1.182879	0.828820	0.363280	0.790026	0.770672
-0.103251	0.931720	-0.621407	1.445845	0.539868	0.732494	0.146397	0.724007	1.270067
-0.111093	0.556880	-0.582428	1.472929	0.470218	0.813606	-0.074668	0.877973	1.377981
0.169924	0.545729	-0.743046	1.154817	1.411662	0.867241	0.598607	0.947676	0.877082
-0.262047	0.824942	-0.258402	1.230561	1.404083	0.747279	0.283336	0.656505	1.522569
-0.012895	0.890925	-0.089603	1.361060	1.070639	0.744225	0.306156	0.672739	1.387275
-0.317686	-0.035398	-1.666280	1.641141	0.763149	1.070828	-0.023622	0.059009	1.062887
-0.274115	-0.337423	-1.330174	1.594487	0.831720	0.949051	-0.085734	-0.046831	1.034740
-0.246362	0.604867	-0.567594	0.791235	0.875241	0.507242	0.195980	1.064518	1.368750
-0.217247	0.935508	-0.779178	0.805463	0.900816	0.703333	0.199658	0.894717	1.514445
0.753735	1.002384	-0.145642	1.137578	-0.048796	0.496546	-0.332302	0.907198	1.155692
0.670472	0.900421	-0.047763	1.420264	-0.352624	0.353411	-0.189704	0.930890	1.085748
0.044810	0.708115	-2.092949	1.861400	1.098323	0.766595	0.197897	0.971163	0.771515
0.255684	0.831089	-0.846701	0.508492	1.115106	0.757280	0.388738	1.388917	0.308261
-0.123842	1.021016	-1.991912	-0.263095	0.808198	0.402222	0.189900	0.861895	1.380973
-0.110835	0.792783	-2.085359	-0.262668	0.623285	0.413743	0.140824	1.203716	1.184002
-0.165936	0.775640	-0.476826	-0.209676	0.622206	0.118629	0.420475	1.416309	0.962737
0.033610	0.891036	-0.498074	0.145987	0.483812	0.136555	0.403512	1.302513	0.759720
-0.203421	0.716276	-1.280558	1.512238	0.979672	0.889303	0.147897	0.874571	0.973800
-0.264529	1.010170	-1.294258	1.140450	0.787199	0.999084	0.094111	0.866419	0.835477
0.027859	0.895806	-1.334883	1.179210	0.826342	0.914360	-0.182600	0.923378	1.092828
-0.685422	0.810674	-0.595728	-0.077081	0.320679	0.493898	0.287491	1.447686	0.552064
-0.533350	0.879050	-0.867961	-0.214017	0.383767	0.223703	0.114883	1.300998	0.455080
0.352449	1.160174	-0.814646	1.226164	1.285026	0.698589	-0.040485	0.686346	1.088176
0.309325	1.014158	-0.873735	1.564886	1.123697	0.697741	-0.073450	0.843952	1.347663
0.688535	0.687241	-1.268360	1.874942	0.427863	0.449727	-0.907142	0.280173	0.985040
0.688531	0.427009	-1.313171	1.876271	0.652316	0.774467	-0.719701	0.280186	0.985051
0.131391	0.263281	-2.071542	1.344130	1.108864	1.281923	0.174956	1.074109	0.772244
0.037054	-0.033514	-2.075443	1.332099	1.198158	1.445660	0.528967	1.062279	0.839639
-0.130113	1.068839	-0.895295	1.256605	0.644109	0.870449	-0.072612	1.076951	1.087413
-0.127836	1.166942	-1.047156	1.096312	0.775627	0.600551	-0.223843	0.837354	0.904561
-0.519902	0.505176	-1.356661	0.888512	0.576954	0.884563	-0.138282	0.321158	1.160200
-0.349268	0.559505	-1.617560	1.132101	0.805058	1.046595	-0.240471	0.299180	1.033158
0.596038	0.441148	-0.657665	1.138926	0.925956	0.985472	0.051452	0.532092	1.041909
-0.476364	1.070371	-1.409092	0.731086	0.921658	0.637472	0.157013	0.857556	1.165414
-0.259217	0.891295	-1.211203	1.027323	0.726529	0.594323	0.020088	0.865806	1.236758
0.418179	0.266238	-0.971842	1.041030	0.941616	0.844248	0.683104	1.319181	0.852706
0.446067	0.437146	-0.780489	0.841809	1.057840	0.726073	0.574850	1.294037	0.497406
0.334833	0.779991	-0.427771	0.841053	1.032987	0.862567	0.374087	0.935136	0.824707
0.032672	0.775688	-0.793635	0.765007	0.517152	0.722968	0.159081	0.860567	0.895387
0.027770	0.842090	-0.832304	0.516565	0.266106	0.703760	-0.163646	0.765033	0.720781
-0.315038	0.595419	-1.222721	0.327048	0.915598	0.632530	0.550370	0.804894	1.007851
0.094279	0.687357	-1.374322	0.370440	0.986225	0.722172	0.475370	0.720498	0.787690
0.054072	0.681974	-0.660794	0.995424	1.637286	1.012653	0.206351	0.976044	0.899030
-0.550850	0.500790	-0.628893	0.772484	1.182439	0.630913	0.604884	0.802555	0.606493
-0.463235	0.472449	-0.501944	0.939336	0.893518	0.812983	0.298539	0.851295	0.714978
0.358898	0.793025	-0.589947	0.926489	0.105721	0.615814	0.175805	0.730774	1.234269
0.728260	0.773525	-0.701383	1.053698	0.102514	0.811229	-0.005999	0.757947	1.029696
-0.271692	1.171312	-0.985300	1.157319	0.784306	0.578384	0.145617	1.441145	1.164625
-0.121046	1.080543	-0.798799	0.977637	1.138685	0.743707	0.274145	1.433040	1.280187
0.166715	0.645950	-0.984250	0.755214	1.116350	0.864412	0.441710	1.502599	0.882937
0.284815	0.769960	-1.149024	1.035250	1.236049	0.643029	0.285284	1.272252	0.803319
-0.001268	0.771174	-1.188381	0.901301	0.229365	0.444051	0.046722	0.898058	0.680934
-0.210026	0.627146	-1.240592	1.011891	0.462055	0.314270	0.335063	1.104559	0.591726
-0.155501	0.695944	-1.678412	1.327259	0.942639	0.645793	0.082198	1.217903	0.782046
-0.142563	0.533859	-1.081277	0.034578	0.661943	0.485042	0.414043	0.888527	0.846944
0.001557	0.669493	-0.884903	-0.135137	0.926250	0.439609	0.256172	1.133777	0.694720
0.047789	0.494789	-1.459166	0.235696	1.011496	0.619136	0.050577	1.136190	0.890879
0.585622	0.603669	-0.781907	1.205173	0.630985	0.785198	-0.769023	0.360264	0.828884
0.444843	0.638377	-1.018958	1.052304	0.348952	0.729745	-0.785595	0.130006	1.056394
-0.069619	0.642916	-0.950521	0.042921	0.709735	0.269388	0.304478	1.283462	1.184724
-0.175784	0.575511	-0.639427	0.317905	0.682375	0.249733	0.326229	1.052642	0.965289
0.701010	0.857439	-1.243908	0.314749	1.066805	0.827324	0.034764	0.549824	0.987793
-0.463183	0.940487	-0.521205	0.915061	1.077584	0.696269	0.033519	0.311025	1.203647
-0.616235	0.767882	-0.564193	0.796158	0.909572	0.693991	-0.301992	0.107058	0.997645
-0.056635	0.657453	-0.664871	1.080476	0.609920	0.748696	0.189595	1.078107	1.491724
-1.028139	0.630787	-1.041477	0.808884	0.870172	0.870260	0.214531	1.204698	1.649361
-0.651348	0.652490	-0.941966	0.928306	0.894083	0.777636	-0.102206	1.182803	1.515312
0.657297	0.876134	-0.885561	0.745446	0.868538	0.740599	0.358001	0.956396	1.425317
0.803073	0.786167	-1.034459	0.637876	0.693249	0.774497	0.071280	0.996031	1.083138
0.201377	1.178114	-0.650463	0.483402	-0.024309	0.719448	0.223229	0.774937	0.979255
0.169335	0.804450	-0.543824	0.273924	0.092361	0.598096	0.155307	1.033342	0.939702
-0.279201	0.831612	-1.562910	0.594578	0.259293	0.806661	-0.008531	0.934002	1.177413
-0.004020	0.839317	-1.567605	0.633021	0.612015	0.737021	0.080382	1.120114	0.955787
0.204745	0.757569	-1.006070	0.551950	1.268587	0.648148	-0.040433	1.041352	0.968760
0.081460	0.823963	-1.318022	0.632302	1.390476	0.813812	0.265764	0.937547	0.799895
0.365491	0.720765	-1.474921	1.640055	0.888837	0.763633	0.156079	1.096934	0.641860
0.112444	0.707992	-1.439633	1.914882	0.766958	0.749431	0.029316	0.748846	0.735101
0.170395	0.483817	-0.889243	1.168294	-0.321580	0.360917	-0.097122	1.034122	0.852242
-0.068861	0.566433	-1.265685	1.174678	-0.211144	0.438605	0.050428	0.853091	1.007016
-0.322964	0.804856	-0.688001	0.335012	1.297150	0.735062	0.073991	0.986648	1.079089
-0.660334	0.806452	-0.793394	0.872990	1.198002	0.648911	0.218192	0.845498	0.742746
-0.054374	0.524404	-0.902356	2.004434	0.473870	0.887725	-0.013290	0.283601	1.165354
-0.145648	0.676401	-1.015455	1.660222	0.512483	0.875329	-0.364133	0.175620	1.234524
0.376353	0.456636	-1.542403	1.428896	1.212043	1.357722	0.077142	0.874654	0.200643
0.443413	0.391690	-1.165972	1.339384	1.082873	1.352811	0.111856	0.738606	0.531760
-0.414990	0.552442	-0.823211	1.427829	0.862350	0.795936	0.070222	0.965031	1.526524
-0.202833	0.497976	-0.982087	1.114506	0.706839	1.076520	-0.085869	1.063119	1.502923
0.030321	0.913853	-0.413336	0.886243	0.410928	0.736807	-0.447274	0.039513	0.830918
0.120107	0.547503	-0.635543	0.745182	0.262690	0.759515	-0.223856	0.092069	0.984388
0.193974	0.753998	-1.234579	1.238912	0.680393	0.912077	-0.375483	0.170508	0.736718
0.032746	0.508842	-1.510121	1.451961	0.870725	0.894491	-0.492638	0.395133	0.803510
0.335213	0.434785	-1.184975	0.941340	0.810472	0.945844	0.491141	1.312301	0.442720
-0.739713	0.398254	-1.195478	1.310727	1.268157	0.877002	-0.312847	0.275879	1.175186
-1.027831	0.508273	-1.415342	1.285767	0.939828	0.898494	-0.195827	0.486496	1.110444
-0.307259	0.927190	-1.388224	1.046639	1.279749	0.688976	0.014917	1.034207	1.352988
-0.164937	0.946450	-1.190451	1.015835	1.167573	0.987571	0.208999	1.134514	1.677437
0.604592	0.609601	-0.381972	0.175630	1.160965	0.711017	0.685893	0.969417	0.609097
0.255812	0.596713	-0.655225	0.146175	1.177697	0.480516	0.553902	1.048678	0.811616
0.558692	0.643250	-1.471421	0.606520	1.615263	0.892414	0.429872	1.042796	1.310186
0.398226	0.729890	-1.406391	0.492308	1.257713	0.852651	0.195861	1.322352	1.252843
-0.083347	0.695836	-0.671175	0.804816	0.940446	0.742761	0.716235	1.118546	1.144117
-0.081572	0.729963	-0.766945	0.462813	1.112761	0.537818	0.667237	0.852843	0.933210
0.016733	0.907889	-0.697596	0.610224	0.083788	0.317551	0.169387	1.269738	1.200999
0.143542	0.850356	-0.648281	0.949981	-0.056700	0.147904	0.091161	0.998079	1.429623
0.194036	0.703085	-2.316805	0.810736	1.227450	0.694148	0.131480	0.967556	0.844312
-0.152306	0.999179	-0.922551	0.682811	1.358430	0.715585	0.123320	1.180070	0.779836
-0.155305	0.654705	-0.591460	1.047089	0.109834	0.236427	0.271663	0.677966	0.999590
-0.321722	0.932174	-0.627004	1.026647	-0.191349	0.412540	0.271538	0.761518	1.290879
0.549494	1.000437	-1.395458	0.753161	0.942051	0.710989	-0.313561	1.178720	1.198270
0.080310	0.572590	-1.194562	0.976420	1.049827	0.793243	0.102460	1.175013	1.325130
0.256565	1.150832	0.083406	0.931113	-0.066034	0.347222	0.055061	0.963863	1.140277
0.709377	0.978458	-0.057326	0.759469	-0.147215	0.402018	0.075020	0.794486	1.159709
-0.165789	0.987054	-1.014967	-0.016287	0.522189	0.083170	0.221146	0.805441	0.619125
-0.128322	1.043687	-0.757012	-0.262206	0.800553	0.475369	0.205391	0.888967	1.743110
-0.358385	0.938974	-0.974321	-0.229045	0.509439	0.450441	0.062861	1.184253	1.599354
0.770832	0.350847	-0.873955	1.063174	1.167268	1.518952	-0.001005	0.940389	0.715258
0.522463	0.138495	-1.011570	1.109289	1.151893	1.744636	0.332254	0.869468	0.894473
0.365208	0.611906	-1.107355	0.514919	0.993529	0.573893	0.378633	1.270264	0.764557
-0.069599	0.563826	-1.459186	1.102018	1.149946	0.839232	0.400611	0.882113	0.950002
0.259699	0.642237	-1.434783	1.292769	1.111496	1.200129	0.396954	0.664979	0.913366
0.394305	0.743476	-1.919813	1.018596	1.052632	0.866380	0.132490	1.240768	0.602079
0.350864	0.764126	-1.616601	0.908771	0.490786	0.644329	-0.328950	0.906297	0.931003
-0.317918	0.920922	-0.807841	0.271676	-0.371946	-0.194721	0.246400	0.902303	0.956588
-0.325772	1.192311	-0.915125	0.201129	-0.588742	0.065279	-0.034092	0.839573	1.176645
-0.067886	0.758766	-1.224104	1.294147	1.431705	0.782903	0.205310	0.830904	1.600935
-0.168989	0.895349	-0.656473	0.150425	1.211647	0.521223	0.056958	0.582630	0.681787
-0.165789	0.986823	-1.125656	0.027861	1.089315	0.536776	0.221197	0.805472	0.619125
-0.228026	0.473521	-0.552363	0.344013	0.806263	0.754187	-0.002174	0.688840	0.587918
-0.249023	0.852074	-0.533825	0.447797	0.838691	0.803046	0.174981	0.768075	0.969331
-0.789187	0.972226	-0.514046	1.166214	0.261740	0.737520	-0.046462	0.338512	0.811972
-0.947149	0.958490	-0.505574	0.932569	0.490931	1.029956	0.048293	0.679266	0.819540
0.048921	0.563806	-0.578484	1.282220	1.477666	0.772239	0.224057	1.351645	1.061435
-0.209400	0.875616	-0.761862	0.999425	1.685588	0.809865	0.273208	1.479007	1.111017
0.347950	0.669024	-1.918669	1.033844	0.545345	0.826818	0.149776	0.750205	1.356359
0.089248	0.669300	-0.459325	0.052486	0.363534	0.403565	0.171775	0.895260	0.219508
-0.097328	0.402948	-0.828936	-0.091126	0.308072	0.170937	0.059633	0.834050	0.124272
-1.190318	0.664855	-0.726758	1.224166	1.016502	0.776980	0.147231	0.993058	1.093769
-1.021927	0.802552	-0.558632	1.179214	1.421877	0.744579	0.303056	1.195505	0.899560
0.580142	0.997580	-1.479344	1.503252	0.623831	0.656784	-0.608307	-0.037253	1.095013
0.352226	0.575675	-1.664298	1.455921	0.821043	0.788933	-0.669596	-0.162754	1.171198
-0.142940	0.712591	-1.135473	1.634142	0.339058	0.562349	-0.247099	0.522909	0.831557
-0.206503	0.668351	-1.103957	1.333801	0.243375	0.614138	-0.259308	0.991065	0.977027
0.026490	0.838072	-0.049195	0.241084	1.430225	0.675372	0.238160	1.275012	1.045214
0.207938	0.826203	-0.269757	0.582358	1.309114	0.842979	0.440714	1.030857	1.142451
0.123371	0.866678	-0.628754	1.364939	0.640564	0.828817	0.273859	0.916484	0.893029
-0.530690	1.033934	-0.989122	-0.293985	0.867341	0.687968	0.289138	0.971664	1.460197
-0.314270	0.536588	-1.335374	0.149724	1.177793	0.576329	0.127922	1.134446	1.352293
-0.273863	0.874276	-1.009328	1.349101	0.459311	0.711075	-0.038346	1.049444	1.444706
-0.257313	0.638311	-1.154425	1.742480	0.676103	0.830120	0.031682	1.282283	1.470173
-0.116509	0.274135	-1.331089	1.267962	1.079062	0.916190	0.181690	1.252538	0.631411
0.112381	0.584067	-1.052569	1.328963	0.900204	0.804798	-0.080934	1.325977	0.701127
0.282354	0.778085	-0.706701	0.988870	0.351205	0.667971	0.162662	1.502417	0.952497
0.321439	0.823167	-0.884740	-0.161189	1.038765	0.498873	0.089979	0.540772	0.540261
0.170822	1.100879	-0.802435	-0.483570	1.158937	0.500936	0.004084	0.657285	0.207875
0.162048	0.443498	-2.141754	1.556714	1.244308	1.020379	0.235290	1.404161	0.847428
-0.077255	0.627969	-0.731423	1.330620	1.397619	1.011179	0.255834	0.643136	1.302023
0.197233	0.564752	-0.714699	1.431245	1.035649	0.802673	0.165134	0.860810	1.497044
-0.601589	0.868581	-0.925668	-0.326133	0.956333	0.335736	-0.038514	1.024502	0.987399
-0.481248	0.787721	-1.102733	-0.013689	0.568999	0.406397	0.087269	0.865398	0.876268
0.227583	0.543939	-1.245934	1.334176	0.719604	0.628940	0.469712	0.736580	0.534889
-0.339722	0.566121	-1.224109	1.408116	1.039252	0.814649	0.425887	1.266011	1.366872
0.350307	0.845764	-1.740501	0.389752	1.061283	0.640368	0.019671	0.624499	1.161499
0.410303	0.607601	-1.303952	0.641151	0.913060	0.920646	-0.062224	0.574164	0.526411
0.254073	0.496422	-1.620622	0.505859	0.864106	1.265385	-0.015546	0.643046	0.814069
0.546662	0.862434	-0.356136	1.146107	0.103213	0.420908	0.260724	1.201471	1.537739
0.086461	0.912610	-0.337853	1.181495	-0.231238	0.420222	0.289028	1.335419	1.679251
-0.672915	0.834379	-1.713287	1.012638	0.872362	0.824344	0.163951	1.146596	0.457301
-0.563880	0.633032	-1.282609	0.756397	0.999599	0.769313	0.071479	1.317183	0.542065
0.388355	0.743374	-0.439268	0.727549	0.226064	0.512755	-0.162419	0.795541	0.863598
0.029601	0.987385	-0.513421	0.754754	0.138055	0.271373	-0.104646	0.470352	0.855673
-0.036792	0.590868	-1.805866	0.595140	1.111866	0.844449	0.130405	1.353401	0.733853
0.305539	0.658673	-1.726287	0.225608	0.922595	0.674625	0.257627	1.262230	0.601740
-0.119676	0.713621	-1.864293	1.343957	0.107694	0.460676	0.020901	0.623975	0.582775
-0.044676	0.626065	-1.913526	1.214770	0.518636	0.826608	-0.160341	0.605906	0.640614
-0.236912	0.786166	-2.243529	1.228185	0.676622	1.169672	0.030209	0.824072	0.875835
-0.566981	0.644320	-2.297168	1.555668	0.677579	0.929280	-0.158252	0.866045	1.077250
-0.306433	1.043305	-1.334333	-0.308826	1.193993	0.264859	0.014674	1.034101	1.352987
-0.331107	0.762964	-1.047582	-0.403684	1.377778	0.478348	0.316512	0.839061	1.408662
-0.461561	0.589077	-1.125164	1.003224	0.992682	0.845306	0.061690	0.698192	1.525303
-0.085925	0.848647	-0.909052	0.150023	0.577444	0.705336	0.118229	1.060426	0.993239
-0.382191	0.972227	-1.110036	0.840769	-0.144993	0.341914	-0.362856	0.500366	1.059707
0.062069	0.657118	-1.389076	0.550029	1.508126	0.723683	0.555389	0.975524	1.336908
-0.245709	0.385008	-0.650215	1.211536	1.156118	0.822283	0.572954	1.186909	0.975018
-0.084430	0.883170	-1.703826	0.033290	1.043818	0.719231	0.016592	0.885957	1.139799
-0.037033	0.481542	-0.616240	1.000440	0.682699	0.813050	0.244911	1.447675	1.078375
0.293135	0.118373	-1.113356	1.578305	1.041317	0.747500	0.211689	1.254423	0.584901
-0.163512	0.358951	-1.489201	0.433112	1.235496	0.958498	0.034703	0.647920	0.593227
-0.126916	0.561486	-1.407280	-0.140686	1.244933	0.600747	0.971587	0.867797	0.568452
0.040003	0.547645	-1.225576	-0.083390	1.083025	0.579881	0.658185	1.074964	0.986068
-0.097915	-0.155724	-0.487293	1.815182	0.687228	0.722271	0.013157	-0.383341	0.693552
-0.120840	0.126522	-0.655344	1.878297	0.884541	0.783289	-0.277932	-0.370822	0.284956
0.500390	0.698768	-1.401244	1.028247	1.034163	0.804681	-0.409612	0.699661	1.047321
0.410058	0.686952	-1.293319	1.076553	0.716648	0.842298	-0.946235	-0.197095	0.756552
0.163690	1.082386	-1.133552	1.024840	0.474070	0.599910	-0.822377	-0.350610	0.835764
-0.708330	0.784092	-1.166170	0.945012	1.298990	0.678583	0.094194	1.444035	1.516079
0.314493	0.815381	-1.527973	1.327002	0.411833	0.781680	-0.730061	0.282204	0.786592
0.185633	0.775192	-1.412007	0.950565	-0.241260	0.370326	-0.006192	0.940798	-0.145872
0.048849	0.968037	-1.746859	0.622775	-0.113725	0.250806	-0.182281	0.852814	0.116521
0.261372	0.858494	-1.643069	2.029162	0.529362	0.760665	-0.155422	1.096350	0.886192
-0.236389	0.792737	0.012294	0.552779	1.306151	0.763017	0.042653	0.902517	1.356445
-0.054482	0.899130	-1.832491	1.897592	0.661930	0.917734	-0.250588	0.682695	1.398056
-0.079915	1.110478	-1.698600	1.832651	0.927451	1.090305	0.064391	0.971255	1.140277
0.319744	0.425281	-0.081327	0.814007	0.185837	0.780271	-0.558614	0.201121	0.404302
0.619019	0.416836	-0.343296	1.219832	0.244874	0.819309	-0.424812	0.330504	0.642441
0.094633	1.074504	-1.462634	0.797564	0.407269	0.334033	0.249674	0.826601	1.524002
-0.033031	1.314435	-1.698034	0.545102	0.146405	0.406206	-0.123250	0.893703	1.425485
0.029814	1.156223	-1.794836	-0.097167	0.232411	0.142823	0.135094	1.079092	0.999589
0.029387	0.428947	-2.147678	1.014610	1.049502	1.088359	0.059185	1.221580	1.001092
-0.296276	0.341306	-2.513994	1.044421	0.942206	1.317937	-0.015073	1.465903	0.792311
0.152106	0.864490	-0.146043	1.398869	1.051540	0.502055	0.455586	0.810132	0.710751
0.092095	0.871299	-0.803154	1.821979	0.861647	0.690728	-0.348895	-0.124026	1.091539
-0.080822	0.781028	-0.644919	0.411148	0.297302	0.239698	0.666212	0.852833	0.933210
0.048138	0.398708	-0.927586	0.075457	0.203182	0.323036	0.792236	0.828166	0.741657
0.508839	0.841045	-1.618192	-0.134997	1.030891	0.709847	0.153202	0.920459	0.960516
0.263303	0.941198	-1.515511	0.105169	0.641500	0.393052	0.207123	1.097291	0.945928
0.365634	-0.028531	-1.517209	0.981490	1.124325	1.306178	0.096847	1.031627	0.843816
-0.008634	0.469028	-0.792859	1.159877	0.752896	1.059590	0.542770	0.753188	0.770311
-0.284739	0.392575	-0.724324	1.128753	0.554120	0.831168	0.431177	1.063929	0.392990
-0.521273	0.612923	-0.193198	0.591237	-0.061336	0.240469	0.251096	0.750882	0.526524
-0.130426	0.523361	-0.921614	1.393306	0.420387	0.796089	-0.998782	0.469143	1.082327
0.032048	1.041642	-1.009169	1.708013	0.596942	0.732893	-1.074896	0.426500	1.097303
0.278263	0.739597	-1.060979	0.699192	1.677818	0.753664	0.238719	1.390441	0.999358
0.224411	0.865359	-1.040976	1.440183	-0.008204	0.646152	-0.363156	0.522128	0.970161
0.375505	0.555561	-1.852141	1.196441	1.678248	0.756546	0.122531	0.937785	1.394854
0.190067	0.781591	-2.008080	1.095328	1.662312	1.064771	0.578739	1.113984	1.349017
0.027401	0.390938	-0.624593	0.972829	-0.069496	0.518464	0.712433	0.926768	0.178007
-0.351001	0.620010	-0.527523	0.758426	-0.229227	0.293344	0.533658	1.216700	0.305537
0.054631	0.402463	-1.476756	1.329662	0.945971	0.880254	0.105527	0.497869	1.251708
0.429766	0.536642	-0.779863	1.180493	0.886940	0.748511	-1.041676	-0.055262	1.141918
0.031775	0.694327	-0.778097	0.285164	0.585261	0.015632	-0.039250	0.495829	1.226986
0.097190	1.060493	-0.682365	0.047895	0.606577	0.429789	-0.266110	0.470955	1.042184
-0.210146	0.519385	-2.166743	1.136617	0.813112	0.566031	0.339726	1.104820	0.591726
-0.223443	0.695278	-1.642538	0.658618	1.164479	0.702034	0.146473	0.851767	1.085489
-0.036559	1.024974	-0.853045	0.474444	0.086477	0.663541	-0.046726	0.962602	1.496954
-0.685426	0.703240	-1.516218	0.937313	1.409204	0.927778	0.354464	1.487802	0.552064
-0.523203	0.795125	-0.376022	1.075404	0.666867	0.655467	-0.218989	0.672507	0.859132
0.380548	0.870273	-1.114575	0.665490	-0.345518	0.612561	0.172114	0.910565	0.709094
0.575380	0.975473	-0.832304	1.095279	-0.263723	0.491056	-0.102340	1.034437	0.911548
0.410847	0.326034	-1.348347	1.577611	0.900602	1.086712	0.307132	0.402898	0.296175
0.069984	0.458377	-1.884441	0.663870	0.251852	1.043883	0.157394	0.789766	0.199782
0.184154	0.708860	-2.025380	0.741376	0.473271	0.905526	-0.302653	0.986323	0.429645
0.408941	0.893100	-1.065619	0.937120	0.889923	0.695462	-0.082830	1.462830	0.739784
-0.150206	0.977525	-0.390956	0.803000	-0.352175	0.295976	0.133847	0.910712	0.614591
-0.182131	0.788168	-0.329673	0.450582	-0.785313	0.441634	0.081475	0.791131	0.322005
0.687893	0.623202	-2.285035	0.590830	1.433692	0.969659	-0.288864	0.877950	0.885472
0.558111	0.603193	-2.208351	0.773356	1.117453	0.797016	0.007060	1.285234	1.085370
-0.563724	0.723680	-0.114511	0.605033	0.371192	0.577239	0.356791	1.303632	1.224749
0.312613	0.853641	-0.459872	1.065285	0.728145	0.203455	0.383867	1.041684	0.769825
-0.341261	0.280996	-0.464150	0.624770	0.995198	1.424583	0.490982	0.935935	0.566414
-0.063352	-0.039247	-0.515085	0.906839	0.806190	1.118210	0.274589	0.720769	0.603050
0.255601	1.241258	-0.337280	0.984217	-0.703417	0.605454	-0.083357	0.492416	0.958843
0.257654	1.262060	-0.063622	0.553857	-0.740128	0.128512	-0.083361	0.492413	0.958843
-0.346721	0.941241	-1.431842	0.392895	-0.121170	0.252093	-0.026389	0.901973	1.241273
-0.607653	0.811157	-1.063198	0.384919	-0.012062	-0.021155	0.214035	1.009652	0.899121
0.801785	0.827407	-0.334684	0.940535	0.224608	0.616943	-0.424012	0.177087	-0.525265
0.437700	0.802573	-0.607450	0.886402	-0.066368	0.724250	-0.009383	0.209381	-0.646969
-0.216796	0.916072	-0.805658	1.160831	0.833170	0.878941	-0.029534	0.428510	1.363625
0.012088	0.595844	-1.993134	1.861067	0.794534	1.045739	-0.256905	1.027381	0.954695
-0.076093	0.699060	-0.767955	1.754375	1.286229	0.815396	0.176813	0.795415	0.927597
-0.639813	0.858741	-0.448304	0.621097	0.827649	0.770417	0.284213	0.924511	1.599554
0.284514	0.454758	-0.560346	1.344546	0.724829	0.719900	-0.116753	0.415200	0.688758
0.122448	0.939623	-0.566911	1.594007	1.032494	0.663346	-0.203558	0.558416	0.459800
0.194019	0.513374	-0.518352	0.004585	1.219275	0.778605	0.435901	0.615457	1.214347
-0.877177	0.978974	-0.845208	0.721829	0.223218	0.559957	-0.740176	0.030575	0.873836
-0.623390	0.785736	-0.462270	0.820315	0.393835	0.630168	-1.118152	-0.163776	0.697703
0.135417	0.562110	-0.449774	0.462352	-0.084610	0.274524	0.247031	1.344655	0.642174
-0.017281	0.789054	-0.676695	1.522154	-0.117533	0.341491	-0.100751	1.076273	1.129006
0.257848	0.806645	-0.503996	1.546073	-0.573228	0.383228	-0.033379	0.761029	0.833860
-0.260249	0.716165	0.065024	1.090508	-0.537562	0.239338	0.312212	1.132504	0.313133
0.016114	1.002968	0.225609	0.940168	-0.662032	0.507870	-0.017756	0.852488	0.154617
-0.344468	0.727620	0.010002	0.451741	-0.204464	0.483464	0.149086	0.832341	1.032029
0.566129	0.886900	-0.972128	0.830399	0.246279	0.638336	-0.209383	0.308784	0.675066
0.638110	0.921940	-0.871511	1.088454	0.517469	0.701621	0.161759	0.764115	0.571578
0.177385	0.720738	-1.115208	0.018416	0.970468	0.638965	0.336870	1.032606	1.707494
0.065851	1.075729	-1.500250	0.343062	0.952768	0.764742	0.032980	0.939775	1.619364
0.152825	1.058114	-0.819549	-0.111592	1.133924	0.886918	0.398257	0.926139	1.073309
0.437534	0.974510	-1.900062	1.630961	0.037910	0.684185	-1.426129	0.330354	1.046639
0.518157	0.968071	-2.058852	1.735125	0.355231	0.772942	-1.132183	0.695580	0.658240
-0.113087	0.840928	-0.664369	0.760014	-0.104585	0.282435	0.767194	1.440384	1.032878
0.026017	0.452661	-0.226111	0.449865	-0.098481	0.403727	0.872482	1.326874	0.872428
0.767381	0.592758	-0.348520	0.891379	0.662543	0.732632	-0.962657	-0.018357	0.960194
1.344025	0.539423	-0.683317	0.850022	0.551969	0.564668	-1.111826	-0.105887	0.899067
0.027279	0.698313	-0.421802	0.222848	0.205819	0.540088	-0.372041	0.181620	1.002826
0.313173	0.541260	-2.012478	1.082303	0.987425	1.024598	-0.356756	1.053601	1.467548
0.420586	0.814063	-1.870552	1.367301	0.259958	0.438651	0.176358	0.672695	0.826221
0.554929	0.362625	-2.152899	0.947941	0.013958	0.775136	-0.282239	1.198398	1.119099
0.341380	0.497272	-1.650000	0.951132	-0.147903	0.843226	-0.139552	0.812160	1.230421
-0.331106	1.137971	-1.333417	-0.465105	0.913806	0.179274	-0.190823	0.327274	1.408662
-0.284740	0.603922	-1.167934	-0.515168	0.540813	0.103882	-0.016928	0.481464	1.284668
-0.117333	0.961714	-1.447399	1.550998	1.355823	0.740206	0.072600	0.691043	1.007054
-0.388925	0.292725	-1.710207	1.138712	1.130445	1.226642	0.640815	1.466076	0.758995
-0.477931	0.542248	-1.627807	-0.001566	0.798873	0.203109	0.117767	1.052612	1.170890
-0.121075	0.917359	-1.116011	1.376925	0.970233	1.031803	-0.172383	0.895347	1.843206
-0.166828	1.016933	-0.851871	0.128891	0.730268	0.324103	0.200151	1.266281	0.408155
0.481691	0.521422	-0.502661	0.965500	1.205887	0.852152	0.826945	0.995837	0.610441
0.484283	0.317852	-0.372234	0.659069	0.757747	0.673786	0.693900	1.174854	0.943031
0.865492	0.430521	-1.168718	1.017020	0.784227	0.729754	-0.852727	0.417300	1.179632
-0.119044	0.715232	-1.107678	0.374216	0.100786	-0.217572	0.020892	0.623975	0.582775
0.056284	0.737619	-0.385340	1.140819	0.176093	0.679233	0.022808	0.458666	0.466118
-0.032407	0.706582	-2.173465	0.909469	0.340426	0.679043	0.218588	0.907569	1.937783
-0.279486	0.870706	-0.375684	1.487412	0.688676	0.815618	-0.074074	0.219176	0.643020
0.179987	0.853578	-1.007483	0.543489	0.848420	0.616271	0.160055	1.470137	1.284531
0.181267	0.463170	-0.793880	-0.338539	1.514360	0.719358	0.872795	0.958052	0.826916
-0.217410	0.297568	-0.779691	-0.125614	1.412984	0.408421	0.785874	1.307406	1.138325
-0.102352	0.309316	-1.711656	1.706926	0.542633	0.961234	-0.165310	-0.205535	-0.352012
-0.058284	0.481989	-1.338816	1.796705	0.882643	0.850582	-0.497116	-0.339053	0.012049
-0.464230	0.860540	-1.114845	0.768159	0.342604	0.718287	0.118422	1.197089	1.407376
-0.038224	1.029207	0.109652	0.229984	1.005985	0.664903	0.338810	0.671592	0.996748
-0.515411	0.516226	-1.168301	1.806434	0.336124	0.581213	-0.008224	0.789443	0.599071
-0.097369	0.400599	-0.851019	1.580892	0.393552	0.522854	0.060248	0.835845	0.124702
0.719766	0.744900	-0.559320	1.450516	0.006497	0.754188	-0.432019	0.308426	-0.073358
0.188423	0.700791	-0.459409	1.675930	-0.204244	0.750677	-0.360405	-0.121368	-0.053105
-0.135460	1.029063	-1.205426	1.388125	1.006067	0.727945	-0.545252	0.416417	0.185125
0.600128	0.886970	0.104494	0.830074	0.244092	0.636848	-0.241808	0.308782	0.675064
0.948459	1.107470	-1.833721	0.538445	0.520391	0.661251	-0.052809	1.682068	0.660665
0.695322	0.787764	-1.537785	0.446663	0.328079	0.608312	-0.145492	1.437285	1.130520
-0.363898	0.977456	-1.193373	0.081747	-0.158648	0.248434	0.177704	0.729307	0.471219
0.452899	0.748095	-1.134404	0.710038	0.565018	0.859002	-1.425277	-0.416819	0.814274
0.381479	0.680827	-1.265176	-0.009595	1.333692	0.723685	0.396435	0.716124	0.620288
0.716294	0.695750	-0.963088	-0.257369	1.291617	0.630962	0.159926	1.239402	0.650032
0.372190	0.305420	-2.231820	1.213454	1.168117	1.149342	0.002501	0.722668	1.112484
0.166243	0.823815	-1.749408	1.163935	0.888774	0.769506	-0.874108	0.808505	0.794712
0.130908	0.748502	-1.229529	0.937383	0.322165	0.716775	0.298005	1.182593	-0.140375
0.099810	1.286939	-1.157074	0.690065	0.492708	0.292378	0.140873	1.266193	-0.014578
-0.887888	0.578759	-0.089341	1.515175	1.280735	0.816598	0.124470	0.687826	1.187116
-0.960193	0.023959	-0.135823	1.327504	1.324082	0.848559	0.628573	0.599981	1.228637
0.309878	1.181001	-0.437748	1.154096	0.720632	0.576529	0.058599	1.419265	1.162836
-0.769420	1.023851	-1.595728	1.235927	-0.177453	0.565344	0.164721	0.963723	0.764113
-1.139268	0.888438	-1.386445	0.790207	0.067268	0.412620	-0.119236	0.952842	1.014221
-0.334389	0.845325	-2.158345	1.158138	1.356379	0.852447	0.102778	0.386738	0.659873
-0.682711	0.876973	-2.036277	1.664735	0.928751	0.784485	0.119285	0.593845	0.668554
0.276215	0.554419	-0.610575	0.623631	1.117655	0.443916	-0.273674	-0.134541	-0.022004
0.314295	0.502167	-0.313928	0.836760	0.690146	0.825467	-0.617086	0.054705	0.068670
-0.876360	0.516833	-1.174838	0.949039	0.502973	0.538480	0.543389	0.949168	0.996972
-0.875075	0.573817	-0.971183	1.268889	0.723830	0.978424	0.201221	0.787257	0.687146
0.171319	0.231239	-1.271229	1.420834	0.464753	0.750899	-0.520819	0.070269	0.298227
0.071488	-0.343686	-1.155220	1.325246	0.259146	0.840356	-0.568595	0.068928	0.764762
-0.133270	0.151905	-0.003026	1.240061	1.188996	0.569392	0.795059	0.726741	0.501654
-0.359607	0.195363	-0.051445	1.724869	1.113590	0.596626	0.549162	1.250664	0.462408
-0.134300	0.991957	-1.379341	-0.169769	1.472453	0.576998	0.358024	1.125804	0.821682
0.412445	0.884593	-1.681526	0.720064	0.413883	0.811981	0.297824	0.720166	0.599376
0.696146	0.885480	-0.998599	0.676405	0.858447	0.699647	-1.039162	-0.622571	0.349011
0.923760	0.442626	-0.853186	0.902281	1.235151	0.746707	-1.296591	-0.460136	0.058012
-0.262683	1.186868	-1.427692	0.193587	0.659910	0.403956	0.026725	0.959205	1.107604
0.297525	0.712643	-0.301068	1.314178	1.168650	0.848698	0.162569	0.316826	-0.119373
0.275283	0.949633	-0.265744	1.197050	1.117426	0.547025	0.382041	0.937152	0.092029
-0.148921	0.559865	-0.716482	0.967751	0.556919	0.864407	0.279024	0.512207	-0.054188
0.153171	0.393090	-1.286195	0.951366	0.404048	0.876539	0.071076	0.201552	0.159759
0.133862	0.394888	-0.980445	1.219712	1.341407	0.891083	0.433700	1.667246	1.533500
0.278872	0.600754	-1.118163	1.294393	0.241991	0.784498	-1.403694	0.067564	0.762934
0.560571	0.283074	-0.379361	0.612079	0.780652	0.666388	-0.306896	-0.128585	1.179359
0.971675	0.473794	-0.237800	0.842364	0.906427	0.498204	-0.173130	0.222708	0.729347
0.324624	0.872615	0.279599	1.821871	0.852868	0.688879	-0.371009	-0.124026	1.091539
0.151130	0.547523	-0.070385	1.333720	0.521395	0.534092	-0.462128	0.055293	1.007017
0.079166	0.584282	-0.652700	0.276185	0.722043	0.686777	-0.725816	-0.587015	0.186122
0.032841	0.131486	-0.905221	0.377215	0.789308	1.083516	-0.348573	-0.522440	-0.113415
0.046408	0.659902	-0.157740	1.125727	1.009301	0.692112	0.860297	1.475202	0.481666
0.260343	0.455569	0.406844	0.933157	1.172080	0.559932	0.798469	1.179583	0.814662
-0.170211	0.427019	-1.332939	0.951130	0.973229	0.715377	0.804995	0.839805	0.514231
0.016084	0.066717	-1.065178	1.128145	0.397998	0.891903	-0.509492	0.730679	0.976931
0.527342	0.294871	-1.316210	1.097227	0.642499	0.932534	-0.451523	1.040028	1.378383
-0.740531	0.746861	-0.534004	1.082833	0.714056	0.857455	-0.918657	0.129776	1.200777
0.307198	1.026240	-1.989035	0.820710	0.517413	0.815749	-0.026567	1.417062	1.052315
0.413198	1.051313	-1.033133	2.054960	0.300994	0.297382	0.265657	0.935353	0.264093
0.652990	0.696039	-0.411737	1.805832	0.101513	0.404798	0.283486	0.956300	0.094072
-0.879973	0.674336	-0.152374	0.249585	1.418192	0.623347	0.274268	0.779076	0.439664
-0.499871	0.839718	-0.342532	0.014930	1.255885	0.542087	-0.098397	0.804743	0.968467
-0.360590	0.775320	-2.744299	1.802140	0.767565	0.705511	-0.294762	0.755753	1.168217
-0.500806	0.414504	-1.778422	1.166245	1.193363	1.153272	0.216038	0.718073	0.482952
0.154858	1.187375	-1.710991	1.391523	-0.042672	0.504050	0.076888	1.132177	0.047307
1.255430	0.818281	-0.653470	0.887915	0.808007	0.647138	-0.575468	0.339471	1.188264
-0.218040	0.526642	-0.289258	0.996443	1.510405	0.894846	0.321588	1.000692	0.780536
1.038742	0.839743	-1.412601	1.087650	0.968477	0.718101	-0.056569	0.446845	0.958238
-0.900895	0.929900	-0.354371	1.844244	0.816505	0.690233	0.227514	0.983304	0.296575
-0.900892	1.032922	-0.299231	1.606183	0.136622	0.212550	0.225944	0.983118	0.296507
-0.432321	0.566426	-0.756212	1.163498	0.854033	0.816606	-0.590011	-0.490304	0.320570
-0.262294	0.717653	-0.781870	0.965056	0.913833	0.798639	-1.264508	-0.551243	0.778748
0.023336	0.673246	-0.778910	0.102210	1.417702	0.771162	0.711021	0.862828	0.162983
-0.718642	0.827486	-2.376911	0.581060	0.414261	0.582010	0.248782	0.736009	0.681969
-0.363899	0.788825	-1.975897	0.147473	0.844734	0.832259	0.177704	0.729307	0.471219
-0.940570	0.151956	-1.759029	1.028913	1.145384	0.932733	-0.577747	0.075758	0.794426
0.013681	0.263439	-0.870247	0.659931	0.869592	1.368033	0.182296	1.294369	0.994318
-0.257672	0.644722	-0.667472	0.616818	0.331162	-0.027033	0.473283	1.489645	0.619528
-0.010495	0.086715	-0.950541	1.451453	0.899701	1.207946	0.415206	0.968757	0.088758
0.579007	0.212079	-1.137079	1.222620	0.841084	1.779828	0.440628	1.125115	0.087556
0.438860	1.273665	-0.777545	1.287258	0.669072	0.388230	-1.181601	-0.138977	0.973975
-0.009845	1.142554	-0.671621	0.780679	0.321440	0.554567	-1.398464	0.173846	1.138917
-0.428167	1.094653	-1.078817	-0.098630	-0.739314	0.141026	0.132957	1.310716	0.562967
0.003922	1.013521	-1.462515	-0.004476	-0.650037	0.164631	-0.353040	0.998878	0.903058
-0.624394	0.097601	-1.177821	1.451480	0.590980	1.122020	-0.769732	-0.159279	0.888340
-0.530028	0.533314	-1.242246	0.904504	0.360081	1.332071	-0.317630	-0.260861	0.865172
-0.011818	0.715400	-1.912234	1.939740	0.887413	1.007122	-0.370892	-0.161004	0.939923
-0.121222	0.524959	-1.967471	1.963005	1.205024	0.981347	-0.221365	0.278553	1.616414
-0.269763	-0.377554	-0.804643	1.249594	-0.054151	0.729990	-0.511986	-0.606371	0.647261
0.221252	-0.411036	-1.274216	1.455253	-0.179830	0.920090	-0.936097	-0.327314	0.432212
0.513102	1.180613	-0.532725	1.534459	0.583914	0.698964	-0.444344	0.490636	0.955489
0.497608	1.083098	0.353990	1.210146	0.612154	0.654832	-0.388395	-0.310220	0.285917
0.836896	1.169889	0.241903	1.674609	0.119331	0.689981	-0.327798	0.217587	0.326697
-0.590700	0.569809	-0.400193	1.746267	1.045853	0.836496	0.360445	1.304545	1.224764
0.216980	0.679651	-2.808499	0.744181	1.362206	1.294258	0.167188	1.129982	1.060493
-0.444987	0.417991	-0.729347	0.221854	0.113929	0.389665	0.926099	0.882431	-0.003832
-0.382224	0.637063	-1.349519	1.358549	1.540404	0.713351	-0.348999	0.192592	0.437787
0.496150	0.698953	-1.341938	1.343463	0.911444	0.828375	0.167913	0.591867	1.764327
0.423926	1.141204	-1.458238	0.674146	1.118855	0.686516	-0.021445	0.313162	1.321323
-0.255756	0.292226	-0.251130	0.738639	0.866548	0.442724	0.718491	0.397940	0.091934
-0.426305	0.420826	-0.101885	0.945313	0.485956	0.700586	0.698897	1.179501	0.154658
0.486529	0.559618	-0.274691	0.181092	0.717092	0.448402	-0.259859	-0.348058	0.539142
0.169668	1.141196	-0.096251	1.161302	0.365441	0.627518	-0.324706	0.440326	-0.183374
-0.211146	0.412460	-1.859526	0.947753	1.449747	0.861211	0.719676	0.663719	0.946908
0.428946	0.509927	-0.939498	-0.310293	0.782700	1.239608	-0.021658	0.868661	0.804744
0.952040	0.346524	-1.407382	-0.021758	0.582299	1.198150	-0.074977	0.904402	0.246195
0.176615	0.871816	-0.538999	1.138032	0.732346	0.588179	-0.000368	1.170519	-0.416474
0.044024	1.006468	-0.317317	0.496609	0.066028	0.237519	-0.772648	-0.074428	1.689462
-0.429587	1.006968	-0.399883	1.111318	0.153374	0.522191	-0.289806	0.103168	1.619082
0.382380	0.411180	-1.352961	1.555300	1.228932	1.062796	0.814009	1.242736	0.337755
0.862290	0.233668	-0.244608	1.454777	-0.219844	0.605016	-0.396747	-0.459879	-0.034063
-0.598548	0.465515	-0.610214	2.044018	0.497675	1.288739	-0.173759	-0.334624	0.399259
-0.015553	1.006671	-0.417957	1.078107	0.845711	0.244190	-0.711745	-0.292616	0.704846
0.676907	0.179624	-0.999647	0.676407	0.872326	1.031735	-0.315994	-0.137853	0.349012
0.629376	0.299091	0.300345	1.493509	0.146760	1.172592	-0.308536	0.432303	0.242559
-0.017990	0.761842	-1.522424	1.140920	0.303047	0.722682	-0.305112	0.622774	1.807757
0.512992	-0.363632	0.217338	1.249570	-0.060128	0.721803	-0.572538	-0.608320	0.647261
0.282375	-0.142663	0.503709	1.097718	0.690411	0.800021	-0.398597	-0.284958	1.123321
1.105050	-0.043582	-0.218757	1.115140	0.004358	0.784929	0.095730	0.309383	0.295589
0.825629	0.202891	-0.301757	1.205108	0.594087	0.823379	0.845813	0.570501	0.195554
-1.263718	0.717436	-0.409147	0.683075	0.433408	0.320832	0.238125	0.404618	1.150194
0.088656	0.728566	-2.589972	-0.070131	0.870273	0.534276	-0.192007	0.944421	0.562051
-0.094038	0.957255	-1.202643	1.073026	0.344746	0.996918	-0.622098	1.110512	0.738330
0.877670	0.450160	0.414510	1.027993	-0.474199	0.437175	0.006342	1.257599	1.495228
-0.339704	0.580879	-0.861277	1.796472	1.188457	0.766763	0.337032	0.418526	0.262534
0.570777	0.767335	-1.177503	1.578395	-0.153785	0.550495	-1.022991	0.294961	0.385112
0.433981	1.006289	-1.290529	1.915333	0.256658	0.745364	-0.758730	0.275842	1.704464
1.045789	0.350925	-1.884835	1.465116	1.061467	0.757971	-0.213576	0.753498	0.585066
1.184220	0.468464	-1.801273	0.703062	1.223684	0.729797	0.298167	0.716882	1.250550
-0.041369	0.603913	-1.291463	0.727157	-0.960873	0.256468	-0.021547	0.918581	1.298213
-0.147396	0.876195	-1.606360	1.987090	1.136715	0.854855	0.613776	1.390755	1.526559
-0.604571	0.712366	-1.682587	-0.165801	0.402116	0.814872	-0.160170	0.642636	1.823190
0.704505	1.067911	-0.869898	1.487399	1.105851	0.725039	-0.117934	-0.046321	0.072440
0.781607	0.021271	0.281121	0.196990	0.244213	0.433558	-0.774982	0.368152	0.989905
0.163798	-0.329931	-0.914581	1.379420	-0.160555	0.597444	0.191215	0.808930	0.867130
0.581728	0.109534	-2.239973	0.937413	0.750037	1.699667	0.243015	1.191315	1.133168
