1.159524	1.095940	0.728307	-1.099655	-0.399836	-0.666832	-1.175204	0.236213	0.704773
1.191102	1.125783	0.742139	-1.057312	-0.444257	-0.619507	-1.159563	0.043737	0.867934
1.249695	1.015977	0.528320	-0.203624	-0.880465	-1.220671	-1.205487	-0.334016	0.086710
1.342022	1.105709	0.676186	-0.063493	-0.762859	-1.344229	-1.266570	-0.310675	0.064391
1.376734	0.971292	0.745397	-0.686553	-0.376810	-0.304725	-1.122648	0.161457	0.728592
1.390269	0.975392	0.879210	-0.919169	-0.256685	-0.194301	-1.068331	0.138218	0.791122
1.361658	1.043066	0.666154	-0.544395	-0.304259	-0.579615	-0.828818	0.550567	1.135524
1.346140	0.931044	0.509500	-0.704045	-0.159943	-0.469236	-0.913702	0.574321	1.049156
1.213176	1.115512	1.037111	-1.084247	-0.812482	-1.593583	-0.467083	-0.943042	-0.382806
1.069856	1.037354	1.123089	-1.175560	-0.740285	-1.443099	-0.463798	-0.745776	-0.312492
1.379012	0.909109	0.934323	-0.984201	-0.592030	-0.927083	-1.157292	-0.078938	1.202528
1.428325	1.008410	1.103669	-1.047463	-0.533647	-0.861812	-0.994559	0.063215	1.074137
1.417126	1.033217	0.530248	-1.539895	-0.249068	-0.955720	-1.287157	0.112718	0.466447
1.317051	1.090572	0.693650	-1.440887	-0.324721	-0.895086	-1.281460	-0.129926	0.452966
1.366420	0.964932	0.857972	-0.789520	-0.570860	-1.045265	-1.007049	0.151703	0.009689
1.455068	0.821015	0.832531	-0.913108	-0.660563	-1.222113	-0.917641	-0.012253	-0.049529
1.297677	0.823512	0.762104	-0.865708	-1.057467	-1.349667	-0.802692	-0.242035	0.044517
1.372079	0.622761	0.752351	-0.829690	-0.873229	-1.194457	-0.797793	-0.334305	0.143533
1.233880	1.060616	0.046852	-0.344463	-0.598561	-0.897144	-1.646683	-0.204287	0.969362
1.104264	1.229176	0.030323	-0.202532	-0.524800	-0.857092	-1.831883	-0.127262	1.088770
0.848742	1.311987	0.787508	-0.990318	-0.354151	-1.618033	-1.441396	-0.177015	0.874260
0.931135	1.232221	0.970061	-0.880416	-0.352151	-1.743898	-1.197742	-0.086176	0.846390
1.247008	1.025504	1.077032	-1.375897	-0.476489	-0.602257	-0.770606	0.511392	0.803730
1.113311	0.920210	1.151650	-1.225677	-0.620020	-0.786070	-0.726347	0.396673	0.651512
1.027992	0.900607	0.608827	-0.700123	-0.712436	-1.381157	-0.465594	0.421886	0.409235
1.035131	0.949824	0.672960	-0.559353	-0.531888	-1.358981	-0.680341	0.200832	0.407844
1.395853	1.025886	0.342519	-0.566196	-0.257399	-0.553139	-0.843674	0.319407	1.100072
1.671419	0.863608	0.927976	-0.578750	0.274399	-0.844722	-0.539771	0.166739	0.864528
1.802321	1.052090	1.009266	-0.446183	0.028214	-0.862142	-0.511314	0.168141	0.996521
1.031077	0.921891	0.676522	-0.244252	-0.149718	-0.943955	-0.547139	0.125077	1.300985
1.069366	1.132976	0.777393	-0.280503	0.059547	-0.836494	-0.676133	0.280645	1.242600
1.269578	1.000238	0.843128	-0.696250	-0.423978	-1.039968	-1.237214	-0.164021	0.243444
1.361035	1.290183	0.710049	-0.779279	-0.522375	-1.166512	-1.289220	-0.067648	0.301746
1.254330	1.034995	1.081386	-0.687002	-0.371542	-0.733824	-0.470284	0.033511	0.873302
1.095324	0.885984	1.102117	-0.794175	-0.436128	-0.559865	-0.687126	-0.073141	0.951164
1.401998	0.888504	0.898718	-1.206020	-0.044871	-1.563628	-1.185547	-0.494870	0.464853
1.630699	0.947672	0.950344	-0.992396	-0.109671	-1.607071	-1.051978	-0.625925	0.349011
0.701916	0.774697	0.681080	-0.628090	-0.123186	-0.568042	-0.422565	0.362018	0.894597
0.719830	0.802836	0.640311	-0.646392	-0.237336	-0.471141	-0.359331	0.219239	0.564244
0.815497	0.912671	0.817873	-0.328583	-0.799051	-1.101045	-1.333828	-0.339110	0.433284
0.672349	1.066952	0.738666	-0.321465	-0.802096	-0.973641	-1.339039	-0.245840	0.144113
1.338867	0.849884	0.802838	-1.265711	0.129754	-0.747704	-0.820576	0.196567	0.679937
1.620155	0.911422	0.830628	-1.254544	0.065672	-0.734878	-0.842227	0.420321	0.823689
1.348015	0.999663	0.520702	-0.390995	-0.343488	-0.336715	-1.395432	0.350759	0.839504
1.656797	0.996816	0.681353	-0.356967	-0.388659	-0.170727	-1.309688	0.360264	0.828884
1.798122	0.659981	0.730991	-1.546512	-0.268301	-0.850823	-0.841758	-0.087627	0.244491
1.605466	0.819755	0.797699	-1.373158	-0.413784	-0.994064	-0.935109	-0.044969	0.355036
1.444174	1.103035	0.817626	-0.844280	-0.423177	-1.187567	-0.932957	-0.476320	0.535062
1.566413	1.248358	0.838992	-0.920378	-0.575717	-1.153264	-1.050876	-0.193563	0.578417
1.228917	1.063607	0.711738	-0.759641	-0.568607	-0.943551	-0.956116	-0.257079	0.074357
0.996054	0.996389	0.808557	-0.820018	-0.518893	-0.810078	-0.690516	-0.231795	0.041752
1.535394	1.178867	0.978502	-2.010153	-0.624017	-1.087948	-1.253147	-0.183045	0.467006
1.345285	1.104910	0.761185	-1.839345	-0.473525	-1.058083	-1.243604	-0.039886	0.529449
0.875991	0.945423	0.676702	-0.800363	-0.405205	-0.572513	-1.178067	-0.057411	0.710377
0.971446	1.101803	0.691904	-0.861702	-0.639554	-0.558473	-1.082693	-0.263458	0.864994
1.547730	0.834532	0.544133	-0.792946	0.172612	-0.036928	0.317875	0.799811	0.669614
1.543982	0.780130	0.521632	-0.493552	0.130897	0.179703	0.262061	0.642340	0.674280
1.276383	1.064029	0.933430	-0.527185	-0.356934	-0.794372	-1.698484	-0.074662	0.956559
1.350104	0.897819	1.033386	-0.633172	-0.404802	-0.823784	-1.731536	0.173075	0.732660
1.344617	0.682827	0.757953	-0.368839	-0.337260	-0.299604	-0.750548	0.419343	1.044842
1.298659	0.929033	0.679306	-0.556980	-0.304942	-0.397386	-0.702606	0.257847	1.214702
1.610547	0.881808	0.955442	-0.838781	-0.865162	-0.969300	-1.485578	-0.001887	0.861168
1.379072	1.082325	0.913939	-0.738167	-0.886997	-0.811070	-1.372236	-0.146155	0.775081
1.545198	1.012771	0.676118	-0.317982	-0.859751	-1.437098	-1.240899	-0.246888	0.466110
1.383846	0.905061	0.598206	-0.405263	-0.856124	-1.359460	-1.509909	-0.152132	0.281867
1.067228	1.236175	0.770629	-0.061343	-0.695078	-0.936135	-1.405677	-0.364570	0.385668
0.934239	1.044863	0.901825	0.052388	-0.533719	-0.820461	-1.184792	-0.374517	0.390567
1.598806	0.704578	0.589374	-0.886071	-0.502166	-1.132157	-0.739774	0.523854	0.638410
1.576460	1.034073	0.430919	-0.859440	-0.416457	-1.116653	-0.791773	0.368820	0.572225
1.570780	0.904345	0.767092	0.124276	0.715110	0.180261	-0.813416	0.149758	1.298800
1.385023	0.943764	0.958392	-0.029707	0.668593	0.159090	-1.014349	0.113224	1.111511
1.319305	0.958651	0.849963	-0.428714	-0.535176	-0.791515	-0.633563	0.260936	0.779577
1.256016	0.974543	0.883952	-0.431557	-0.347821	-0.699469	-0.952428	0.101798	0.768338
1.315310	0.726222	0.902204	-0.230476	0.065625	-0.478173	-0.839930	0.456988	0.927775
1.283553	0.912292	0.741311	-0.380751	0.090153	-0.372809	-0.941687	0.242200	0.758666
1.059775	1.174013	0.682367	-0.650696	-0.270137	-1.281567	-0.911184	-0.113520	0.963853
1.079210	1.074231	0.889131	-0.519572	-0.447438	-1.307090	-0.929141	0.140397	0.835833
1.441144	0.790917	1.373917	0.030041	-0.648379	-0.364819	-1.348822	-0.442732	-0.854270
1.454583	0.613009	1.386595	-0.243841	-0.746206	-0.426010	-1.323609	-0.210820	-0.758713
1.560335	0.680182	0.848080	-0.313563	0.148240	-1.204603	-0.615373	0.193013	0.872738
1.425208	0.692130	0.758643	-0.031062	0.219360	-1.247779	-0.536150	0.279156	1.113774
0.911262	1.084014	0.771266	-0.881790	-0.364792	-1.300391	-1.218287	-0.061719	0.562661
1.117389	0.963819	0.983983	-0.750954	-0.436275	-1.118151	-1.077705	-0.070474	0.654755
1.661449	1.050703	0.981705	-1.483170	-0.997955	-0.757669	-0.428488	0.507771	0.707660
1.466708	1.070247	1.147672	-1.573503	-1.093656	-0.737626	-0.235363	0.759955	0.747352
1.274374	1.064730	0.679343	-0.986428	-0.709106	-0.981534	-0.660581	-0.280819	0.474744
1.306987	0.912075	0.678620	-1.080412	-0.530572	-1.142979	-0.790857	-0.011418	0.395269
1.318349	1.032361	0.723528	-0.898991	-0.283727	-0.673664	-0.720858	0.445435	1.522978
1.223188	0.962268	0.771956	-1.199764	-0.156681	-0.539640	-0.600462	0.434435	1.328949
0.826636	0.975912	0.889642	-0.186834	-0.713799	-1.185119	-1.061500	-0.197887	0.239189
1.024452	1.012086	0.037778	-0.649773	-0.238721	-0.572435	-1.131536	0.108395	0.912155
1.094993	0.890381	0.341443	-0.680138	-0.358148	-0.405714	-0.941912	0.076382	0.985246
0.757068	1.299975	0.228820	-1.508734	-0.151277	-1.285056	-0.845701	-1.327517	-0.154977
0.787411	1.299975	0.671989	-1.508788	-0.153124	-1.290746	-0.875087	-1.327517	-0.154977
1.490309	1.099831	0.761176	-1.733618	-0.161284	-1.112361	-0.755390	0.258983	1.113809
1.174347	1.157739	0.854198	-1.627255	-0.241526	-1.151172	-1.002175	0.290174	1.038433
0.843184	0.702085	0.923367	-0.929232	-0.082146	-0.129802	-0.360064	0.007427	0.855640
0.919970	0.758753	0.837067	-1.014906	0.004650	-0.269611	-0.438299	0.067098	0.483857
0.742120	0.946070	0.734225	-0.641082	-0.446045	-0.549359	-0.597890	0.107053	0.997643
0.593081	0.989912	1.074123	-0.726335	-0.295508	-0.690448	-0.615271	0.016915	1.044619
0.865586	0.999045	0.693264	-0.661933	0.016691	-1.746359	-0.919489	0.065729	0.555032
1.094332	0.793270	0.756531	-0.835615	-0.037755	-1.719858	-0.690237	0.195929	0.563509
1.025317	1.065503	0.798080	-0.410895	-0.327246	-0.308752	-0.597182	0.364572	0.901851
0.897473	1.016165	0.679275	-0.502156	-0.056403	-0.314083	-0.820640	0.306561	1.092134
1.263476	0.731715	0.583174	-0.135190	-0.750420	-1.334674	-0.928662	-0.303966	0.346504
1.350139	0.964031	0.677552	-0.251131	-0.554858	-1.451710	-1.053210	-0.199820	0.560347
1.429661	0.758187	0.635155	-0.534959	-0.589663	-0.758054	-0.827580	0.123902	1.042988
1.341561	0.802054	0.815578	-0.266341	-0.503423	-0.493833	-0.916314	0.031332	1.064548
1.097619	0.507815	0.920924	-2.033452	-0.543020	-1.620195	-0.937793	-0.156141	0.831712
1.260103	0.683056	0.947852	-1.860072	-0.314949	-1.770998	-1.084232	-0.172341	0.671167
1.141098	1.171415	0.588031	-0.955390	-0.098592	-1.141382	-1.303537	0.000677	0.908651
1.144249	1.173975	0.828155	-0.900489	0.211892	-1.288706	-1.289364	-0.174385	0.880878
1.176503	0.991463	1.048763	-1.196209	-0.520433	-0.832538	-1.124774	-0.062705	-0.095272
1.190289	0.885175	0.849794	-1.093066	-0.360897	-0.788574	-0.926654	-0.353774	-0.101779
1.645058	0.846761	0.232882	-1.426760	-0.404301	-0.509129	-0.585791	0.514865	0.783714
1.371308	0.849401	0.396368	-1.484935	-0.103408	-0.541216	-0.641411	0.461672	0.901772
0.671261	1.043799	0.575198	-1.397705	-0.800152	-0.885311	-1.078385	-0.215706	0.512076
0.382983	1.077501	0.412324	-1.356707	-0.971698	-0.679856	-1.046238	-0.354820	0.400880
0.874026	1.092165	0.585172	-1.220898	-0.204523	-0.629114	-1.125496	0.012179	0.807044
0.710963	0.818343	0.562945	-1.220763	-0.648197	-1.277986	-0.925500	-0.099883	0.679631
0.727394	0.782219	0.832135	-1.384361	-0.574242	-1.190913	-1.073896	-0.312318	0.484795
1.560747	1.095791	0.994857	-0.762755	-0.104937	-1.020698	-1.042809	-0.495248	0.295515
1.466423	1.015252	1.195344	-0.802694	-0.373431	-1.071364	-1.126379	-0.513663	0.579167
1.702630	0.932126	0.988174	-1.033202	-0.784460	-0.725621	-0.889415	0.634241	0.460690
1.817418	1.013707	0.910802	-1.075123	-0.774662	-0.849480	-0.900845	0.218802	0.385271
1.275080	0.875976	1.066889	-0.694941	-0.390716	-1.973054	-0.571204	-0.713867	0.014541
1.325521	1.110248	1.002369	-0.435082	-0.618828	-1.884261	-0.490962	-0.876462	0.024868
1.131713	1.030262	0.734735	-0.648195	-0.957623	-1.238112	-1.309695	0.134197	0.149423
1.214918	1.212398	0.964283	-0.549719	-0.920601	-1.322391	-1.005375	0.002535	0.186128
1.444096	1.350414	1.016654	-0.726891	-0.986055	-1.715028	-0.641383	-0.709747	-0.066957
1.353483	1.340576	1.000943	-0.375914	-0.995734	-1.791208	-0.622902	-1.000708	-0.063314
1.250142	1.337404	1.108132	-0.160171	-0.133741	-1.294390	-0.975028	0.365296	0.674672
1.539857	1.372983	0.930734	-0.162613	-0.306008	-1.443044	-1.134985	0.285892	0.824336
1.265195	0.842618	1.119063	-1.020113	0.447805	-0.764674	-1.598885	-0.060216	1.018845
1.519259	0.681637	1.073860	-0.823190	0.441303	-0.749606	-1.324880	-0.105887	0.899067
1.110723	1.051999	0.570840	-0.284611	-0.803289	-1.164040	-1.033140	-0.816267	0.583616
1.149368	0.931673	0.484298	-0.499652	-0.503594	-1.093267	-1.028786	-0.936990	0.371359
1.183639	1.088965	0.624577	-0.635800	-0.219692	-1.079613	-0.888620	0.075406	0.351425
1.299358	1.030407	0.643717	-0.655758	0.051956	-1.087523	-0.649591	0.222995	0.587270
1.013501	0.591220	0.773921	-0.735136	0.203336	-0.687998	-1.306246	-0.101155	0.927615
0.995087	0.841012	0.548799	-0.649533	-0.037445	-0.827414	-1.167972	-0.189285	0.969534
0.990286	1.220288	0.716126	-0.831553	-0.826737	-1.175659	-0.418360	-0.885868	-0.143193
1.105073	1.240204	0.892926	-0.898875	-1.068446	-0.935480	-0.547801	-1.081459	-0.043717
1.524852	0.804579	0.700813	-0.923302	-0.700270	-0.829184	-1.116129	0.477177	1.118173
1.453995	0.870013	0.646165	-0.779205	-0.693198	-0.528607	-1.017537	0.314939	0.851752
0.576247	0.762112	0.908028	-0.686748	-0.271639	-0.507603	-0.152989	0.087687	0.680732
1.459476	1.011390	0.710379	-1.474198	-0.311154	-0.943186	-1.724046	-0.066846	0.292244
1.536811	0.951318	0.411755	-1.236038	-0.188957	-1.147345	-1.671557	0.034762	0.376203
1.487782	1.091379	0.729384	-1.006813	-0.470120	-0.792150	-0.883997	0.300708	0.957614
1.162169	1.289436	0.711635	-0.949460	-0.352809	-0.796779	-0.812319	0.183273	1.183999
1.153310	0.915701	0.534650	-0.532125	-0.045583	-0.396155	-1.113266	0.502382	0.997133
1.112454	1.028211	0.660858	-2.113996	-0.597284	-1.350445	-1.382672	-0.247930	0.450434
1.068046	1.081481	1.047190	-2.054255	-0.521447	-1.417018	-1.634080	-0.321814	0.439723
1.332435	1.098827	0.731786	-0.879345	-0.395990	-1.505656	-0.969706	-0.200173	0.449653
0.585365	1.028211	-0.474530	-2.113996	-0.596845	-0.712850	-0.879399	-0.247908	0.450438
0.507113	1.178867	-0.228970	-2.010153	-0.426590	-0.611631	-0.726669	-0.039138	0.636641
1.228302	1.055320	0.767818	-0.270646	-0.059437	-0.939710	-1.608443	0.123822	0.773149
1.486202	1.150732	0.666014	-0.440824	-0.261255	-0.936502	-1.413382	-0.085348	0.713589
1.475055	1.030501	0.431474	-0.395738	0.228816	-0.100411	-0.642690	-0.089429	0.928331
1.335453	0.908952	0.602332	-0.263432	0.263936	0.061902	-0.967172	-0.124026	1.091539
1.412682	1.226938	0.607509	-0.104684	-0.388699	-0.410634	-1.238418	0.484115	0.954310
1.276641	0.687328	0.630523	-0.845850	-0.869147	-0.721746	-1.289160	-0.333350	0.087227
1.555543	0.960927	0.432086	-0.835077	-0.748330	-0.787239	-1.172224	-0.201159	0.106785
0.595573	1.048014	0.542183	-0.871186	-0.413615	-1.082684	-1.795121	-0.924198	-0.361948
0.510793	0.988420	0.494521	-1.071890	-0.428884	-0.963328	-1.409600	-0.784018	-0.277490
1.396192	0.955270	0.802705	-0.967734	-0.388402	-0.059496	-1.127326	-0.287188	0.466502
1.699752	0.884164	0.525908	-0.930547	-0.172851	-0.045801	-1.059522	-0.227800	0.586621
0.558642	1.024169	0.193503	-0.749490	-1.298680	-1.213121	-0.831801	-0.435128	-0.014777
0.465275	1.224338	0.427111	-0.519221	-1.189126	-1.044792	-0.640226	-0.325244	0.009182
1.212803	0.921517	0.985850	-0.663978	-0.812667	-1.281115	-1.576585	0.008619	0.943380
1.075031	0.772812	0.785903	-0.937432	-0.847683	-1.242711	-1.502425	0.121636	0.672602
0.955170	0.862586	1.000101	-0.782640	-0.657299	-1.377134	-0.989534	-0.032419	1.610650
1.001156	0.857672	1.096785	-0.950524	-0.587625	-1.769031	-0.943502	-0.199377	1.460169
1.360170	0.911445	0.847330	-1.210669	-0.561312	-0.915146	-0.401442	0.372843	0.352964
1.653482	0.654377	0.790655	-1.008845	-0.675635	-1.022636	-0.532161	0.259634	0.320028
0.973443	1.131932	0.636764	-0.894886	-0.527497	-0.653622	-0.760631	0.020797	-0.116941
1.036998	1.094907	0.926026	-1.058645	-0.676718	-1.796599	-0.178074	-0.727060	-0.340937
1.488958	1.352730	0.869817	-1.060822	-0.572141	-1.100074	-0.580882	0.112279	0.299501
1.321909	1.256405	0.757389	-0.779274	-0.790980	-1.134090	-0.737918	-0.023846	0.115902
1.237293	1.032568	0.653391	-0.542307	-0.650009	-0.174940	-1.501652	-0.024380	0.875147
1.058294	1.017372	0.375767	-0.618338	-0.622768	-0.431375	-1.694754	0.159752	0.815478
1.177254	1.040604	0.987282	-1.131384	-0.244235	-1.002130	-1.085674	-0.051846	0.631051
1.255737	1.207620	0.667580	-1.368749	-0.149808	-0.626798	-1.374222	-0.237151	0.546039
1.385317	1.268561	1.056952	-0.429567	-0.737305	-0.720952	-1.359007	-0.146303	0.521502
1.306651	1.146682	1.144329	-0.165075	-0.600175	-0.964095	-1.434764	-0.370287	0.364570
1.038870	0.992984	0.677136	-1.119876	-0.787118	-1.101604	-1.144618	-0.003211	-0.339639
1.233396	0.884991	0.842869	-1.069595	-0.818476	-0.741114	-0.948227	-0.062897	-0.266484
1.386356	1.102217	0.743214	-1.070103	-0.493672	-0.998425	-1.756615	-0.216455	0.372013
1.320412	1.126641	0.725930	-0.771279	-0.748948	-1.132676	-1.815609	-0.136550	0.638628
1.006370	0.864922	0.944035	-0.696412	-0.299483	-0.818790	-0.821270	-0.159533	0.674340
1.103287	1.056293	0.683588	-0.677182	-0.331049	-0.870480	-0.648723	-0.130385	1.008880
0.539933	1.040350	0.755329	-0.681072	-0.581569	-0.966382	-0.556397	0.055293	1.007017
0.916548	0.991583	0.784559	-0.223968	-0.809238	-0.701106	-1.524975	-0.492037	0.417343
1.424821	0.675113	0.594393	-1.141012	-0.427842	-1.049875	-0.606770	-0.195978	0.599986
1.369746	1.229680	0.774859	-0.922288	-0.486529	-1.123040	-0.684771	-0.402637	-0.139342
1.423326	1.190644	0.653613	-0.640300	-0.339665	-0.803155	-0.577386	-0.395736	0.032902
1.471458	0.854940	0.554025	-0.553939	-0.962853	-0.727731	-1.476438	0.144656	0.377654
1.314561	0.888872	0.579626	-0.937306	-1.049538	-0.926068	-1.634895	0.246271	0.469533
1.130559	0.935198	0.627256	-0.636639	-0.278610	-1.495009	-1.672023	-0.139680	0.163558
1.126754	0.916569	0.651337	-0.537428	-0.237464	-1.269276	-1.342096	-0.185419	0.463919
0.884512	1.201510	0.678939	-0.508486	-0.448752	-1.512511	-1.369996	-0.086892	0.664410
0.861013	1.015947	0.740926	-0.708327	-0.209419	-1.860102	-1.441492	-0.132588	0.615571
1.498977	1.143104	0.570654	-0.799701	0.173983	0.180406	-1.131855	0.470917	1.042183
1.423780	1.023476	0.856321	-0.467291	0.157563	0.197898	-1.163050	0.361503	0.832765
1.332587	1.089431	0.730916	-0.981477	-0.902784	-1.104816	-0.532013	-0.507627	-0.387160
1.437516	1.156065	0.740673	-1.140326	-0.966451	-1.036805	-0.622445	-0.958553	-0.291895
1.271299	0.860876	0.628008	-0.347402	-0.862262	-1.113876	-0.892207	-0.323714	-0.036283
1.660868	0.839787	1.109550	-0.542006	-0.738699	-0.393546	-1.335465	0.444893	0.568408
1.611375	1.035890	0.824302	-0.851692	-0.739115	-0.455184	-1.366892	0.297042	0.729536
0.897617	1.027028	0.807165	-1.303023	-0.765513	-1.631493	-0.425357	-0.439871	0.213713
0.829018	1.234662	0.594146	-1.150973	-0.532595	-1.710275	-0.676092	-0.534184	0.060634
1.666082	1.027151	0.766628	-0.566196	-0.257399	-1.060470	-0.843730	0.319406	1.100072
1.531581	1.195971	0.700414	-0.451842	-0.641769	-1.180471	-0.922454	0.112827	1.121481
1.189694	0.684784	0.964462	-1.129262	-0.338361	-1.052867	-0.727633	-0.128729	1.179086
1.191209	0.813068	1.099695	-1.424824	-0.352335	-0.849998	-0.599550	0.053267	0.925346
1.653287	1.274600	0.813117	-0.220594	-0.479801	-0.238820	-1.219879	0.162906	0.799120
1.454607	0.653159	0.586699	-1.109312	-0.179310	-0.304063	-0.584643	0.287653	1.341496
1.443965	0.901632	0.648168	-0.987063	0.185087	-0.535996	-0.603324	0.363609	1.419446
1.350179	1.042733	0.798839	-0.584719	-0.153343	-0.883262	-0.473349	0.495678	1.196861
1.114228	0.936644	0.637409	-0.530600	-0.398221	-0.986046	-0.278519	0.282106	1.375476
0.765034	1.037004	0.448053	-0.595815	-1.232084	-1.226289	-0.511547	-0.524094	0.217339
0.915737	0.822184	0.690905	-0.279463	-0.386756	-0.682404	-0.649573	0.409475	1.195445
1.038182	0.947434	0.810129	-0.267867	-0.752259	-0.955100	-0.566459	0.271788	1.132063
1.296518	0.867472	0.802816	-0.634857	-0.154792	-0.780928	-1.219991	0.042836	1.005527
1.280508	1.235495	0.753036	-0.845453	-0.948358	-0.422401	-0.842427	0.601242	0.699423
1.311104	1.044415	0.787203	-1.035836	-0.815881	-0.584814	-0.604034	0.624643	1.028244
1.135229	0.631329	0.730375	-0.796702	-0.343857	-1.836962	-1.119477	-0.031086	1.091648
1.158566	0.478397	0.788730	-0.936063	-0.219373	-1.620442	-1.539195	-0.034468	1.064278
0.766263	1.053028	0.689139	-0.219847	-1.020982	-0.563302	-1.191828	0.175121	0.426106
0.879957	1.048031	0.931869	-0.594339	-1.092917	-0.778503	-1.165283	0.326811	0.420645
1.547652	1.111572	0.819203	-0.538455	0.120275	-0.048864	0.156379	0.556153	0.668020
0.980899	0.558337	1.110471	-0.258740	-0.225726	-0.529759	-1.085573	-0.365805	0.366627
1.134960	0.568511	0.748669	-0.449583	-0.492585	-0.582702	-1.078859	-0.272213	0.245623
1.327193	1.060657	0.999150	-0.344463	-0.612679	-1.451931	-1.693286	-0.206268	0.968249
1.174387	0.976699	0.690397	-0.133913	-0.644525	-1.205457	-1.587679	-0.079276	1.141405
1.365609	1.027425	0.875855	-0.875772	-0.595906	-1.395045	-0.667643	-0.457504	0.343406
1.499890	0.796317	1.125666	-0.515073	-0.226936	-0.870499	-1.303336	-0.705469	0.634167
1.756351	0.850906	0.928969	-0.724335	-0.318965	-0.703178	-1.357151	-0.394816	0.584840
1.409154	0.939302	0.593022	-0.768105	-0.176460	-1.003212	-0.628358	-0.476333	0.638553
1.274545	1.089333	0.988090	-0.742582	-0.409900	-0.881569	-0.583966	-0.529237	0.494471
0.886437	0.990401	0.898095	-0.643958	-0.281343	-0.963139	-1.291589	-0.577595	0.407523
1.013502	0.591220	0.776367	-0.735136	-0.377736	-1.039765	-1.555283	-0.614428	0.313357
1.428642	0.758579	1.011253	-1.122915	-0.308826	-1.769503	-1.015504	-0.307495	0.632829
0.952615	1.109016	0.670161	-0.160953	0.271254	-1.800402	-0.952262	0.168663	0.510936
1.062142	1.254348	0.752832	0.074027	-0.108981	-1.603246	-0.978371	0.164604	0.388944
0.987895	0.932636	0.839873	-0.816895	-0.647326	-1.154516	-1.854031	-0.147294	0.336433
1.229695	1.031074	0.885808	-1.535687	-0.868298	-1.812998	-1.045919	-0.368806	0.871603
1.268453	1.001459	0.946345	-1.210625	-0.742000	-1.699461	-1.429183	-0.454273	0.810387
1.609012	0.961051	0.891239	-1.489313	-0.540827	-1.489616	-0.817855	0.143010	0.624835
1.785367	1.261737	0.880109	-1.560899	-0.818442	-1.485241	-0.798706	-0.163268	0.656864
1.124126	0.853841	0.236598	-0.912856	-0.032250	-0.595131	-0.578535	-0.006667	0.936869
1.130971	1.117571	0.393664	-0.989305	-0.346748	-0.343310	-0.647620	0.008184	0.758777
0.551752	1.164262	1.187354	0.239215	0.079004	-1.696478	-0.593695	-0.185191	0.728122
0.889623	0.928079	0.979694	0.202090	-0.189957	-1.727497	-0.621014	-0.265127	0.658058
1.242886	0.915596	0.678333	-1.230735	-0.497558	-0.530089	-1.490868	-0.584512	-0.022235
1.404754	0.892268	0.886017	-0.930683	-0.191818	-0.669575	-1.655690	-0.588356	-0.031725
1.017042	0.937924	0.510444	-0.849966	-1.557817	-1.193720	-0.635025	-0.247395	-0.381529
1.021653	0.588584	0.585678	-0.644593	-1.505323	-1.468789	-0.406742	-0.232426	-0.382583
1.212963	0.980714	1.160231	-1.636901	-0.640402	-0.660168	-0.386189	0.520170	0.685745
1.667734	1.346127	0.591787	-0.288453	-0.356501	-0.007149	-0.760736	0.511390	0.734894
1.764097	1.102847	0.692057	-0.166249	-0.518648	-0.191492	-0.521074	0.551692	0.437831
1.816658	1.020837	0.644219	-0.014162	-0.608329	-0.694216	-1.623131	-0.081537	0.931169
1.676421	0.854155	0.649641	0.012117	-0.450106	-0.325739	-1.446967	-0.162764	1.171154
0.862021	0.796258	0.816373	-0.947149	-0.907616	-0.931300	-0.920525	0.137548	0.496114
1.101185	0.556805	1.052350	-0.728658	-0.718815	-0.804550	-0.926235	0.237211	0.337170
1.463276	0.675267	0.999148	-0.748378	-0.173606	-1.823674	-1.475749	0.003867	0.525693
1.523873	0.658032	0.828313	-0.503092	-0.477548	-1.623436	-1.282572	0.205139	0.461860
1.485945	1.318047	1.243086	-0.773925	-0.558819	-1.777561	-0.532447	-0.813756	0.016435
1.656072	0.954788	0.937278	-0.299792	-0.360520	-0.516194	-0.920595	0.071264	0.789909
1.170920	0.597054	0.495278	0.047353	-0.027721	-0.838413	-0.675777	-0.129559	0.046960
0.975528	0.743935	0.541839	0.081273	-0.017932	-0.675049	-0.785383	-0.381919	-0.334222
1.654410	1.269203	1.082306	-1.218459	-0.864605	-1.057500	-0.727030	0.143097	0.904086
1.601298	1.323894	1.152220	-1.113482	-0.588727	-0.667703	-0.531497	0.142409	1.058238
1.586018	1.102605	0.687033	-0.365235	-0.968133	-0.874847	-1.971784	-0.595665	0.293161
1.681418	0.972075	0.807588	-0.389191	-1.028659	-1.031412	-1.582527	-0.327314	0.432212
1.015684	0.810742	0.658426	-1.364121	-0.482818	-0.653814	-0.979823	-0.008862	-0.216071
1.321206	1.000088	0.400848	-0.694991	-0.575461	-1.375620	-1.320945	-0.209090	0.161913
1.037113	0.850232	0.607784	-0.796599	0.179319	-0.838738	-1.436971	0.213043	0.818185
0.574590	0.924335	0.943504	-0.437231	-0.196932	-0.690143	-0.394475	0.174100	1.234446
1.170218	0.767897	0.544401	-0.949818	-0.546484	-0.785769	-0.866769	0.232172	0.828332
1.501566	0.972953	0.895685	-0.824942	0.207638	-0.610473	-0.879376	0.509636	0.775230
0.955264	1.008152	0.705382	-0.672185	0.410792	-1.156810	-1.678997	-0.458300	0.704830
1.213534	1.170981	0.768610	-0.477701	0.046505	-0.969059	-1.677030	-0.551243	0.778748
1.552121	1.026301	1.058575	-0.645122	-0.265618	-1.469080	-1.173380	-0.148730	1.124367
1.362631	1.060144	1.063033	-0.763709	-0.189202	-1.589172	-1.275187	-0.265930	0.652241
1.293545	0.938545	1.009174	0.025934	-0.000540	-1.070902	-1.050264	-0.325228	1.336358
1.225765	1.106433	0.635696	0.164900	-0.164734	-1.291613	-1.034195	-0.096752	1.288970
1.821587	0.961273	0.857867	-1.362858	-0.317949	-0.899118	-1.327067	-0.066992	0.725021
1.951271	0.960370	0.788306	-1.096730	-0.113231	-0.680860	-1.425368	-0.416819	0.814274
1.175808	0.982096	0.711055	-0.325231	-1.003360	-1.684835	-0.948045	-0.893984	0.077095
1.166267	1.022589	0.776054	-0.548398	-0.713171	-1.799612	-0.872735	-0.758250	0.459247
1.077622	1.351856	0.588484	-0.755466	-0.684879	-1.342816	-0.725593	0.117477	0.916635
0.783558	0.997246	1.113842	-0.498029	-0.733308	-1.379845	-0.767928	-0.174908	0.570131
0.952201	1.162839	0.973790	-0.308752	-0.495026	-1.571557	-1.018883	-0.410051	0.596902
1.336475	0.973884	0.694517	-0.277396	-0.064388	-0.894812	-0.599784	0.185090	0.824408
0.728826	0.954167	0.599456	-0.843836	-0.222361	-1.663998	-0.529865	-0.116931	0.581371
1.346459	1.004271	1.119388	-0.778281	-0.823536	-0.670876	-0.887609	0.294521	1.036075
1.461937	0.977491	1.208806	-0.638977	-0.539395	-0.873235	-1.211196	0.418072	1.253641
1.034404	1.065506	0.830641	-0.410898	-0.741468	-0.752529	-0.851296	-0.153715	-0.225871
1.349450	0.959272	0.893862	-0.666870	-0.684509	-0.508708	-0.566591	-0.174295	-0.140825
1.137377	1.082952	0.669700	-0.285221	-0.271040	-1.275995	-2.002923	-0.159184	0.623054
1.007811	1.113037	0.531481	-0.681964	0.002695	-1.249840	-1.840589	0.008097	0.708979
1.051464	1.055748	1.167122	-0.171696	0.275040	-0.998683	-0.570891	0.027785	0.713657
0.827408	0.871054	0.897947	-0.241270	0.454851	-1.307748	-0.754184	0.074921	0.799890
1.069139	1.079412	0.405697	-0.033771	-0.449246	-0.486126	-1.497501	0.230889	1.032590
1.171851	0.964381	0.621904	-0.089363	-0.249286	-0.424723	-1.693428	-0.127144	1.258012
1.175773	0.982096	0.705056	-0.325231	-0.744182	-1.678631	-0.945267	0.058118	1.202508
1.178110	1.405297	0.829924	-0.407059	-0.529186	-1.545314	-1.106847	-0.148020	1.240818
0.745807	0.926333	0.232387	-0.543564	-0.658149	-1.182433	-0.483829	-0.622259	0.150498
0.732393	0.765172	-0.119999	-0.604914	-0.925227	-1.058582	-0.606357	-0.415924	0.344097
1.205945	0.969889	0.869605	-1.670750	-0.508946	-0.654023	-0.751243	0.433812	1.155028
1.032483	1.013352	0.610452	-1.913925	-0.457473	-0.807620	-1.057608	0.278193	0.968032
1.390343	0.679311	1.129637	-1.523496	-0.440372	-0.824586	-1.567888	0.645360	0.823341
1.669068	0.978987	0.766130	-1.425209	-0.365923	-0.853157	-1.414869	0.609753	0.815226
1.704116	0.973088	0.993911	-0.430529	-0.651220	-0.479698	-1.692718	-0.355052	0.788213
1.850648	0.832626	0.713211	-0.346722	-0.569146	-0.844479	-1.632180	-0.337153	0.523622
1.236890	1.156674	-0.041708	-1.626845	-0.486656	-0.499318	-0.396952	0.980601	1.030575
0.994067	1.111481	-0.024063	-1.402798	-0.304819	-0.446028	-0.818310	0.855443	1.061275
1.238999	0.784158	0.923049	-0.848590	-0.416341	-0.592255	-1.509056	0.082640	0.547798
1.347212	1.012357	0.680820	-0.559739	0.137443	-1.116122	-1.405071	0.027064	1.107819
1.109811	1.002810	0.690512	-0.844775	-0.727352	-0.724663	-0.810432	0.858178	0.609311
1.148362	0.414203	0.710994	-0.551992	0.323459	-0.457709	-1.240919	0.068799	0.296457
1.374403	0.506244	0.614512	-0.622389	0.321301	-0.327793	-1.078323	0.187261	0.762271
0.770133	1.032573	0.514880	-0.701924	-0.197869	-0.812626	-1.224742	-0.194595	0.525358
0.804285	1.187453	0.650534	-0.348019	-0.142347	-0.772547	-0.899240	-0.310220	0.285917
1.132301	1.041278	0.883435	-0.775709	-0.765919	-1.562516	-0.545217	-1.394340	-0.006928
1.268165	1.275975	0.665433	-1.087323	-0.572122	-1.278165	-0.469341	-1.319395	0.044204
1.135003	1.268561	-0.004133	-0.429567	-0.737305	-0.253960	-1.358797	-0.146303	0.521502
1.383197	0.946171	-0.001451	-0.458567	-0.709094	-0.310358	-1.027486	0.038334	0.329272
1.355876	0.994745	0.481820	-1.134161	0.080829	-0.475314	-0.825645	0.013742	0.636291
0.804143	0.959397	0.745008	-0.449485	0.022439	-0.011866	-1.038361	0.486613	0.949023
1.783588	1.093029	1.115481	-0.325441	-0.478325	-1.418956	-1.414114	-0.037894	0.681703
1.837638	0.855139	0.949437	-0.641768	-0.624045	-1.151696	-1.663256	0.016560	0.773581
1.209393	1.296202	0.947749	-0.430167	-0.831416	-1.651625	-0.770579	-0.115395	0.326603
1.633547	1.373041	0.952897	-0.133066	-0.968394	-1.680274	-0.922280	-0.304203	0.286875
1.066333	0.857630	0.590298	-0.437970	-0.809136	-0.689464	-0.825820	0.253557	1.470807
0.788613	1.056892	0.817656	-0.995908	-1.050908	-0.986588	-1.044654	-0.719795	0.356702
0.767975	1.208207	0.914339	-0.640703	-0.732489	-0.935721	-1.209596	-0.589248	0.577888
0.994529	1.172530	1.050372	-1.156796	-0.901787	-1.480513	-0.036873	-0.489355	-0.230082
1.154723	0.742868	0.905556	-1.518984	-0.998216	-1.198298	-0.568079	0.291921	0.108591
0.988677	0.726784	0.620004	-1.506443	-0.830543	-0.840136	-0.331682	0.329598	-0.079453
1.073687	1.046538	0.984806	-0.652945	-0.296589	-1.579930	-0.386862	0.300033	0.398517
1.117472	0.567345	1.061679	-1.446017	-0.023082	-0.349239	-0.550554	0.203865	1.014736
1.165000	0.652179	1.170109	-1.299981	0.053668	-0.752691	-0.927695	0.183663	0.928748
1.176536	1.089644	0.517922	-1.094691	-0.414314	-0.938025	-0.220293	-0.472394	-0.004677
1.249872	0.975471	0.602305	-1.407054	-0.688701	-1.120095	-0.236420	-0.284832	-0.312829
0.483380	1.021666	0.529868	-1.272238	-0.130886	-0.959577	-1.674951	-0.709923	-0.016624
1.432178	1.185060	0.863477	-0.163934	-0.043506	0.032552	-0.912964	0.659177	1.221722
1.546118	1.021664	0.741999	-0.016711	-0.143728	0.070441	-0.451536	0.459242	1.372890
1.193419	0.788580	1.050773	0.107895	-0.132211	-0.313354	-0.469284	0.210357	0.430050
1.408484	1.062271	0.919288	-0.210001	-0.355187	-0.384172	-0.628321	0.134148	0.233724
1.211112	1.017754	0.528410	-0.680447	-1.073315	-1.291505	-0.144732	-0.231163	-0.069565
1.322761	0.954481	0.554608	-1.144355	-1.164060	-1.379831	-0.338621	-0.414704	0.146178
1.868495	1.386286	0.727459	-1.427879	-0.634955	-0.337404	-1.156976	0.490326	0.975157
1.487986	1.170017	0.487994	-1.252853	-0.454947	-0.340925	-1.001034	0.343825	0.881323
1.280255	0.952230	0.827104	-0.974299	-0.299929	-1.357510	-1.491478	0.319538	1.085318
1.143948	0.694795	1.122536	-1.167506	-0.449643	-1.416426	-1.254985	0.279530	0.812384
1.155184	1.026314	1.223949	-0.820904	-0.913321	-0.710780	-1.449847	-0.007603	0.524430
0.814017	1.149893	-0.330232	-1.157629	-0.775413	-0.415142	-1.951518	-0.084973	0.330277
1.174968	1.149893	0.140287	-1.157782	-0.775413	-0.553208	-1.952038	-0.084973	0.330277
1.600871	1.157029	0.647612	-1.626914	-0.776452	-1.166801	-1.457990	-0.234000	0.715554
0.754643	1.002012	0.798686	-0.185110	-0.391994	-1.572195	-0.218837	-0.573546	-0.062950
1.010961	0.726298	0.733731	-0.418515	-0.469878	-1.402589	-0.337162	-0.655117	0.279712
1.468884	0.998111	0.358112	-0.866893	-0.286384	-0.527434	-1.345679	-0.234268	0.338000
1.365317	1.074548	0.578911	-0.702511	-0.694747	-0.343131	-1.299105	-0.406115	0.560611
1.003924	0.660212	0.522186	-0.325132	0.119641	-0.423470	-0.483244	0.025741	1.049853
1.238949	0.624946	0.407395	-0.545742	-0.014927	-0.895484	-0.471040	0.053210	0.928230
1.354056	0.948393	1.645886	-1.273009	-0.546466	-1.536044	-1.411213	0.059204	0.647628
1.563876	1.023378	1.634549	-1.677834	-0.447576	-1.542316	-1.387268	-0.282174	0.459599
1.387050	0.874739	0.558029	-0.899846	0.188709	-0.800333	-1.063940	-0.055262	1.141918
0.840745	0.913453	1.114576	-0.163641	-1.000288	-1.705990	-0.524780	-0.106217	-0.097151
0.766816	0.901373	0.634640	-0.237392	-0.878310	-1.909946	-0.658413	-0.349947	-0.055275
0.773753	0.941677	1.445111	0.004519	-0.799727	-1.870078	-0.406620	-0.564036	0.378059
0.974406	0.792436	1.206739	-0.161480	-0.974560	-1.692939	-0.639481	-0.850754	0.192811
1.260218	0.992580	0.631088	0.282886	-1.162472	-1.749265	-0.635778	-0.482823	0.236789
0.712126	1.107236	0.732502	0.278902	-1.162451	-1.745120	-0.807106	-0.640596	0.183288
1.320485	0.633270	0.835482	-0.579311	-0.075150	-1.131774	-1.109657	0.454758	0.585785
1.170158	0.647126	1.108408	-0.493138	-0.139251	-1.459154	-1.089702	0.069966	0.455634
1.107751	1.217339	0.912579	-1.540773	-1.335490	-1.511838	-0.609231	-1.391043	-0.268019
1.250871	1.110506	0.973411	-1.274665	-1.043352	-1.691467	-0.519223	-1.334271	0.114265
1.207855	1.139519	0.598917	-0.794171	-0.615341	-0.619664	-1.121086	0.633192	1.308079
1.466871	1.096413	0.772058	-0.616727	-0.932703	-0.681879	-0.752898	0.749150	1.298021
1.392742	0.463428	0.953593	-0.984572	-0.293755	-1.586234	-1.332477	-0.560958	0.650902
1.214111	1.252439	0.788122	-1.050730	-0.469350	-0.254777	-1.342124	0.221753	1.082770
1.217851	1.159633	0.816396	-0.223946	-0.620230	-0.174279	-0.973379	0.259703	0.757270
1.181480	1.157960	0.932616	-0.243286	-0.393619	-0.273490	-0.993652	-1.004875	0.286538
1.520240	0.919123	1.038914	-0.551932	-0.583208	-0.494248	-1.027621	-0.852926	0.228426
1.221584	1.021612	0.877813	0.032385	-0.012248	-0.906477	-1.590784	0.007096	1.135264
1.550411	1.242022	0.902758	0.086667	-0.205497	-1.036438	-1.631529	0.381480	1.323604
1.163387	0.513067	0.841173	-0.882785	-0.276489	-0.674087	-1.619111	-1.068939	-0.074901
1.306683	0.557792	0.754271	-1.294545	-0.495720	-0.799193	-1.901517	-0.845904	-0.090076
1.387089	1.057353	1.068819	-1.791226	-0.210547	-1.413598	-1.150814	0.047667	0.852203
1.194720	1.048137	0.563268	-0.950117	-0.263431	-0.394929	-1.455213	-0.269175	0.865114
0.871921	0.618139	1.312222	-0.611899	-0.094449	-0.192365	-0.637641	0.159886	0.396228
0.944127	0.758355	1.188921	-0.681787	-0.187983	-0.021627	-0.912449	0.350686	0.845110
1.454750	0.969263	0.991591	0.029518	0.026232	-0.467446	-0.729298	0.086391	1.096402
0.976260	1.081314	0.924871	-0.721972	-1.546577	-1.506723	-0.444626	-0.328678	-0.202251
1.848351	0.955927	0.721939	-0.808843	0.260959	-1.427719	-1.406345	-0.071908	0.886344
1.968620	0.856373	0.813845	-0.636701	0.244828	-0.898316	-1.377426	0.121182	1.020737
1.350197	1.021250	0.822411	-0.651210	0.067047	-0.280506	-1.078406	-0.308931	0.541034
0.954881	0.822240	0.638778	-0.408449	-0.518743	-0.968350	-1.544150	-0.017820	0.321495
0.536114	0.869573	0.431869	-0.604948	-0.779970	-1.101031	-1.486543	-0.203911	0.456327
0.709509	0.789725	0.647587	-0.668069	-0.391669	-1.610395	-0.194309	-1.152962	-0.174537
0.792108	0.949077	0.794681	-0.392200	-0.582940	-1.233061	-0.290853	-0.987303	-0.410072
1.392973	0.819200	1.242708	-1.042141	-0.092494	-1.049773	-1.556744	-0.288448	0.045029
1.457046	1.063288	1.394243	-1.379779	-0.041282	-0.814275	-1.307200	-0.170463	0.302838
1.416978	1.030129	0.119122	-1.376519	-0.247047	-0.714559	-1.286724	0.112718	0.466447
0.629160	0.815270	0.952331	-1.062720	-0.068666	-0.767721	-0.337141	0.219447	0.520271
1.106133	1.236574	0.905579	-0.262906	0.323105	-1.097653	-0.602893	-0.221204	1.098942
0.981353	0.763284	1.331212	-0.657570	-0.800835	-0.650367	-0.804586	-0.550018	0.214509
1.389686	0.629169	1.086178	-0.642159	-0.582423	-0.560508	-0.488717	-0.582191	0.271559
0.650654	0.728716	0.593152	-0.862044	-0.404491	-1.085755	-1.151234	-0.689355	0.591759
1.646051	1.104648	0.763382	-0.418622	-0.372267	-1.006177	-0.778857	0.156327	1.653103
1.751857	1.161007	1.420198	0.130155	-0.693667	-0.426393	-0.885729	-0.732007	-0.497953
1.474523	0.925296	1.296331	0.276267	-0.553635	-0.327403	-1.001670	-0.445417	-0.158136
1.356435	0.956032	1.444606	-0.955703	-0.476362	-0.796108	-1.951444	-0.134285	0.575614
1.565880	1.165193	1.330902	-0.684121	-0.458030	-1.151310	-1.874486	0.083476	0.811285
1.120631	0.967214	0.619742	-1.284169	-0.667098	-1.733206	-1.293835	-0.054232	0.575403
1.722683	1.101144	0.617933	-1.690509	-0.673524	-1.878087	-1.553447	-0.052562	0.672859
1.686879	0.899557	1.159861	-1.812931	-0.601854	-1.786107	-1.493284	0.153485	0.715502
1.241686	0.793069	0.791633	-1.881877	-0.015406	-0.480251	-0.910410	0.224039	0.624538
1.232598	1.048810	1.127845	-1.674510	0.052793	-0.356420	-0.689770	0.383314	0.939957
1.289849	0.918831	0.783493	-0.751259	-0.515470	-1.169972	-0.425435	-1.008281	-0.103639
0.972256	0.844941	0.355183	-0.922383	-0.079341	-0.067460	-1.245027	0.422696	0.571592
0.595949	0.973364	0.595295	-0.966402	-0.143568	-0.178083	-1.065147	0.102834	0.788511
0.330753	1.007995	0.456763	-0.561563	-0.656285	-0.593027	-1.236239	-0.101020	0.454257
0.703725	1.019916	0.554692	-0.637952	-0.777560	-0.526542	-1.288764	-0.529931	0.689790
1.192720	1.028717	0.579414	-0.649517	-0.752260	-1.594105	-0.956490	0.006605	-0.146996
0.934191	0.916468	0.664224	-0.736250	0.247402	-0.242908	-0.767323	0.053330	0.577109
1.317110	1.081901	1.282192	-1.045476	-0.253238	-1.338240	-0.857417	-0.012425	0.556039
1.587374	1.239190	0.211107	-1.169997	-0.390908	-0.413327	-2.006299	-0.227505	0.410529
1.849640	1.415377	0.244304	-0.992176	-0.518543	-0.406733	-1.888244	0.221215	0.647028
1.510267	1.000328	0.584050	-0.905994	-0.637004	-1.014810	-1.250907	-0.392859	0.626984
0.919716	1.383673	-0.334682	-1.427879	-0.624247	-0.061313	-1.151454	0.490326	0.975157
1.214238	0.978987	-0.306000	-1.417141	-0.365919	-0.303105	-1.230419	0.609753	0.815226
1.386698	0.727703	0.547955	-0.382118	-0.657251	-1.348999	-0.914028	0.418829	1.040440
1.216370	0.946104	0.837364	-0.417620	-0.622599	-1.136409	-1.181740	0.229194	1.370156
1.050362	0.954424	1.242084	-0.912228	-0.646111	-1.315224	-1.590546	0.481861	1.134013
1.050542	0.619065	1.300695	-0.259351	-0.411755	-1.064814	-1.404262	-0.295705	1.052455
1.041716	1.018027	1.190573	-0.228006	-0.360639	-0.608683	-1.366153	-0.166511	0.891203
1.229543	0.955735	0.466555	-0.132796	0.243800	-0.156888	-1.462436	0.368152	0.989905
0.988134	0.702065	0.595575	-0.056466	0.051996	-0.109860	-1.440802	-0.124256	1.010016
1.090272	0.839357	0.862372	-0.911428	-0.287590	-1.275069	-1.244872	-0.222985	1.178217
0.716909	0.975418	1.017218	-0.687615	-0.616768	-1.082036	-0.387020	-0.424895	0.651299
0.682877	0.999379	0.781361	-1.091059	-0.864820	-0.842240	-0.546688	-0.476784	0.405792
1.132997	0.940342	1.019097	-0.617781	-0.087044	-0.466733	-0.992430	0.427890	1.323044
1.698169	0.527507	0.698160	-0.588387	-0.128865	-0.628150	-0.756645	0.576723	1.004642
1.609448	0.866610	1.131197	-0.737687	-0.299116	-0.750392	-0.645579	0.524763	0.800008
1.625413	0.974388	1.006414	-0.346220	0.017215	-1.069021	-1.871858	-0.001039	0.919484
1.729777	0.850848	1.054147	-0.187828	0.184873	-0.860856	-1.550392	-0.289432	0.568019
1.424601	0.603919	0.822677	-0.698156	-0.052333	-0.650654	-0.314509	0.222693	0.729333
1.340175	0.635858	0.790927	-0.523947	-0.019388	-0.475279	-0.427915	0.293282	1.317637
1.715057	0.704836	0.996978	-0.121306	-0.029924	-0.372427	-1.398543	0.280171	0.985039
1.885812	0.954363	1.303250	-0.022765	-0.129336	-0.089707	-1.296906	0.004327	1.238327
1.438596	1.248356	-0.210941	-0.821870	-0.569467	-0.388558	-1.014692	-0.193563	0.578417
1.167944	1.009267	0.537096	-1.381770	-0.665416	-1.017251	-0.789463	0.259107	0.515504
1.576596	0.971775	0.809930	-0.839553	-0.383173	0.214788	-0.037557	0.723912	0.971099
1.834201	1.274082	0.672007	-0.684600	-0.166476	0.075319	-0.323861	0.952402	0.783676
1.199128	1.088648	1.037523	0.506152	-0.576704	-1.571487	-1.924721	0.077689	1.173388
1.241561	0.872303	1.095040	0.209949	-0.296758	-1.636413	-1.564666	0.369934	1.240577
0.856414	1.030967	0.231355	-1.314999	-0.807085	-0.713440	-0.718846	-0.276178	0.171235
1.532632	0.887351	0.696845	-0.021582	-0.877501	0.126414	-1.380532	0.314644	1.292378
1.430609	1.169176	0.430741	0.079783	-0.580554	0.093290	-1.617435	0.279372	0.930872
0.787262	1.110720	0.991536	-0.592821	-0.496030	-0.604145	-0.693193	0.536835	0.896741
1.265634	1.059212	1.500494	-0.718094	0.197014	-0.582178	-1.005522	-0.285408	1.123321
1.396667	1.084433	1.149333	-0.400358	0.305231	-0.473531	-1.206710	0.013664	0.884834
1.674853	0.983465	1.130186	-0.627716	-0.766317	-1.028582	-1.124105	0.401746	0.677552
1.696739	1.106701	0.811191	-0.419140	-0.681006	-0.527042	-0.614212	0.300206	0.639420
0.826278	1.037572	0.591713	-0.262506	-0.426279	-0.523144	-1.120549	-0.055806	0.738376
1.171204	0.963517	0.780750	-0.127502	-0.481732	-0.233006	-0.390195	0.528845	1.050342
1.060582	0.669714	0.538047	-0.133438	-0.046865	-0.084343	-0.471736	0.532030	1.331420
0.959754	0.997068	0.455002	-0.561764	0.058336	-0.839623	-2.165633	0.017073	0.860115
1.314818	0.659164	1.005582	-2.184199	-0.584352	-1.304831	-1.098314	-0.475473	0.547713
1.295487	0.564976	0.571196	-1.351837	-1.082184	-0.685799	-0.559411	-0.191180	-0.184143
1.079785	0.921823	0.875745	-1.423908	-0.788819	-0.633929	-0.395474	-0.133111	-0.446196
0.947634	0.390597	1.099242	-1.291951	-0.672221	-0.880167	-0.732741	0.162949	0.517955
0.767340	0.741547	0.636108	-1.713426	0.167569	-0.862954	-0.286641	-0.238857	0.461546
0.964443	0.652811	0.796221	-1.847870	-0.148738	-1.226381	-0.584866	-0.313400	0.247664
1.228847	1.067718	1.090631	-0.064535	0.037117	-0.844174	-0.841069	0.425826	0.710163
1.451488	0.975489	0.616838	-0.149816	0.057761	-1.918560	-1.231917	0.170041	0.565206
1.163217	1.289436	0.721645	-0.949460	-0.354328	-0.801641	-0.818521	-0.855353	-0.252359
0.954302	0.815444	0.523026	-0.938133	-0.911193	-0.404103	-1.190615	-0.261274	0.323897
1.423442	0.463191	0.669270	-0.337301	-0.243855	-0.669995	-0.610678	-0.227107	-0.098624
1.128603	-0.012412	0.908206	-0.512813	-0.040809	-0.812883	-0.610722	-0.312719	-0.066767
0.941234	1.271480	0.377454	-0.519021	-0.657347	-0.981746	-0.539081	-0.140878	0.515606
0.795819	0.905016	0.613400	-0.435261	-0.512257	-1.115279	-0.790103	-0.031969	0.141928
1.264785	0.866424	0.763657	-0.734388	-0.936428	-0.651265	-0.892678	0.239418	-0.060570
0.741294	1.262909	1.180536	-0.464544	-0.345231	-1.612393	-0.889969	-0.630348	0.238996
1.113242	0.621716	0.745694	-1.314160	-0.093830	-1.066757	-1.573037	-1.093682	-0.316410
1.540826	0.955900	1.237372	-0.393913	-0.565500	-0.749913	-0.537109	0.133284	1.123277
0.908656	0.946189	1.285958	-0.841412	-0.486521	-0.897583	-0.661739	-0.050637	0.467222
1.280745	0.318623	0.358497	-1.192652	0.111041	-0.427007	-0.856893	0.709139	1.559148
0.884185	0.440765	0.440630	-1.022313	-0.230257	-0.156356	-0.874987	0.423105	1.563253
0.771129	1.196055	0.524785	-0.552416	-0.366539	-0.479077	-1.487344	0.086586	1.202129
1.408998	1.265086	0.658466	-0.391046	-0.502675	-1.477814	-0.835522	-0.997916	0.084057
1.723585	1.011111	0.555547	-0.770779	-0.269649	-0.490536	-0.940868	0.344117	1.488667
1.331863	0.534741	0.969409	-0.182823	-0.535240	-1.524775	-0.684928	0.001985	0.492270
1.317161	0.848953	0.508972	-0.174423	-0.335348	-1.314987	-0.779925	0.277933	0.559187
0.770581	1.040265	0.249563	0.013228	-0.745612	-1.035430	-1.348528	-0.191823	0.686155
0.970554	0.902427	0.639368	0.152749	-1.146460	-1.140569	-1.202858	-0.059689	0.465764
1.848409	0.486075	1.401424	-1.257655	-0.302287	-1.784093	-0.758575	-0.015363	0.191604
1.834925	0.918432	1.247596	-0.938049	-0.470633	-1.619351	-0.654607	-0.050853	0.526645
1.179527	1.126897	1.090561	-1.023618	-0.545882	-0.958081	-1.683538	-0.473939	0.813241
0.468969	0.588146	0.944674	-1.807114	-0.491344	-1.124520	-0.372711	0.075832	0.723265
0.868827	0.718299	1.008736	-2.070250	-0.165861	-1.321874	-0.397257	0.360405	0.593936
0.695886	1.018642	0.450831	-0.367539	-1.153235	-1.257294	-0.159369	-0.301195	-0.106254
1.005702	0.551329	0.182521	-1.485106	-0.030159	-0.509670	-0.632393	0.186220	1.010052
1.204433	1.053949	-0.010402	-1.733591	-0.161196	-0.766177	-0.556752	0.258985	1.113810
0.775964	0.579332	0.605277	-0.924094	-0.422722	-0.531610	-0.075109	0.013612	0.970901
1.441180	1.020275	0.496427	0.061958	-0.418276	0.056687	-0.984429	0.680066	1.035666
1.220567	0.959421	1.789976	-1.328662	-0.745000	-0.575211	-0.413112	0.439042	0.878734
1.464058	0.714175	1.691683	-1.822318	-0.792778	-0.384634	-0.387850	0.445948	1.173428
1.064517	1.054348	0.728669	-2.344764	-0.525925	-0.439327	-1.029808	0.320702	1.048023
1.156010	0.854465	0.779734	-0.912856	-0.041356	-1.320402	-0.595787	-0.006667	0.936869
1.740537	0.864800	0.374463	-0.204671	-0.146221	-0.171797	0.054285	0.853537	1.493874
1.352151	1.256515	0.526054	-0.063059	0.013241	0.002659	-0.203130	0.943963	1.647252
1.207785	1.029410	0.881522	-0.131984	-0.044085	0.036295	-0.047667	0.303846	1.181826
1.523489	0.950680	1.040587	-1.067077	0.562928	-1.139787	-1.130028	-0.392238	0.907367
0.969892	1.003448	0.572123	-2.026819	-0.752948	-1.250322	-0.922377	-0.902979	0.315388
1.119191	0.908322	0.123684	-1.907124	-0.391374	-1.075291	-0.739906	-0.869448	0.561838
1.697537	1.325027	0.560228	-0.581056	-0.587283	-1.480844	-0.814568	-0.043112	0.163920
1.091031	0.726076	0.571918	-1.559895	0.029556	-1.150894	-1.311704	-0.632458	0.441195
1.635573	0.755274	0.768101	-1.503851	-0.013654	-1.244775	-1.394570	-0.321547	0.670404
1.571548	0.780512	0.440892	-0.750695	-1.320195	-0.856920	-1.726855	0.206323	0.931129
1.379881	1.017622	1.062688	-0.072799	-0.483025	-0.915417	-1.520784	0.386530	0.561369
0.914000	0.868192	1.201540	-0.406581	-0.444193	-1.154543	-1.417279	0.124982	0.598919
1.944070	1.052489	1.074115	-0.653846	-0.225291	-0.757074	-0.962920	-0.048355	0.933647
0.355122	1.251022	0.563437	-1.462632	-0.636969	-1.571330	-0.726951	-0.312433	0.297294
1.231718	0.768809	0.512343	-0.679526	0.317987	-0.316782	-1.392030	-0.916800	-0.081719
1.450587	0.717159	0.786518	-0.980416	0.363391	-0.160089	-1.691656	-0.587015	0.186122
1.248839	1.315291	0.826436	-0.801650	-0.235268	-0.562801	-0.936049	0.061973	0.211365
1.310590	0.852141	1.164027	-0.488323	-0.320331	-0.710444	-1.115920	0.046938	0.045178
1.178945	0.632112	0.784070	-0.005801	-0.250552	-0.938176	-0.330516	-0.507011	0.089484
1.235751	0.381387	0.715373	-0.071816	-0.410798	-0.727002	-0.340712	-0.597489	-0.517303
1.462237	0.892133	0.627635	-0.629879	0.094719	-0.597969	-1.766574	-0.247812	0.358413
1.429930	0.978909	0.610179	-0.686396	0.453088	-0.348984	-1.641673	0.211331	0.052999
1.656127	1.263089	1.288727	-1.218459	-0.860330	-0.813217	-0.065589	0.994451	0.928764
0.948228	1.037200	0.727833	-0.234094	-0.949427	-1.844591	-0.111087	0.111946	0.065008
0.613020	1.084485	0.882860	0.387457	-0.826835	-1.551180	-0.675918	-0.002136	0.642850
0.520658	0.918736	0.723997	0.051465	-1.026376	-2.063102	-0.590718	0.105375	0.809327
1.137245	0.919246	0.763712	-0.323416	-0.270094	-1.137559	-2.362229	0.132862	1.000548
0.896936	1.156914	0.332607	-1.503174	-0.097057	-1.266898	-0.872410	0.127077	0.550364
0.961444	1.294493	0.600413	-1.496798	-0.557303	-1.127900	-1.156716	-0.050825	0.841345
1.287703	0.840820	0.694592	-1.529503	-1.043552	-1.323376	-0.399444	-1.180498	0.199772
1.257509	0.908394	0.699913	0.445218	-0.299081	-1.239221	-0.847655	0.262233	0.790030
1.325794	0.840080	0.290926	0.256198	-0.504041	-1.180891	-0.732001	0.066563	1.254779
1.360231	0.985300	0.614295	-1.428825	-0.598429	-0.533362	-0.628146	0.012618	0.239819
0.875832	0.612009	0.215383	-1.437704	0.034481	-0.443694	-1.156091	0.399632	1.743035
1.035165	1.000238	0.010637	-0.696250	-0.422231	-0.707868	-1.075269	-0.163413	0.243464
1.338820	1.002481	1.021926	-0.398594	0.031700	-1.432058	-0.626357	0.341751	1.432665
0.577196	1.350399	0.168560	-0.726891	-0.968914	-1.173953	-0.248799	-0.707687	-0.066957
1.535505	0.899263	0.709163	-1.408305	-0.464271	-1.030536	-1.107978	-0.607825	1.063434
1.305189	1.104472	0.474563	-1.326748	0.000170	-1.181569	-0.934234	-0.337235	0.849154
1.549229	0.985291	0.813584	-1.186563	-0.086861	-1.052092	-0.847425	-0.525455	0.045363
1.907781	1.277099	0.819338	0.018804	-0.133905	-0.701975	-0.655032	0.257448	0.441425
1.775582	0.998905	0.618517	-0.120619	0.132975	-0.640677	-1.173191	0.329471	0.660567
1.362422	0.685516	1.195062	-0.460303	0.008729	-1.905231	-1.150529	0.402887	0.875707
1.078488	0.840954	1.195169	-0.455757	0.419232	-1.591780	-1.488136	0.154537	0.940137
1.094386	1.130563	0.564942	-0.122052	-0.206261	-0.654894	-1.302608	-0.492677	1.064178
1.431411	1.354371	0.499113	-1.719163	-0.211399	-1.230474	-1.650866	-0.078657	0.613372
1.025186	0.873070	0.478158	-1.013771	-1.083503	-0.470169	-1.527258	-0.159634	1.035633
0.658249	1.166525	0.427097	-1.400455	-0.899322	-0.118264	-1.451834	-0.142212	0.909016
0.944200	0.402119	0.217065	-1.234149	0.314806	-0.164830	-0.041490	-0.141400	-0.175698
1.283235	0.402156	0.775135	-1.234149	0.314802	-0.522334	-0.041501	-0.141408	-0.175701
0.979828	0.837569	1.131976	-0.616711	-0.884053	-1.412766	-1.092338	-0.312790	1.011457
1.599636	0.578702	0.691680	-1.089272	-0.531417	-0.283253	-1.486146	0.249694	1.015404
1.238775	0.785686	0.942304	-1.482064	-0.482175	-0.292196	-1.096777	0.356054	1.047127
1.223215	0.678872	1.660617	-1.022632	-0.321610	-0.102889	-0.691569	-0.947137	-0.172033
1.321018	0.945007	1.774552	-1.114683	-0.432619	-0.271771	-0.974068	-0.403553	-0.369126
1.449823	0.981868	1.202787	-0.985675	-0.464867	-0.881282	-1.218866	-0.628264	-0.259269
1.077591	0.855834	0.906366	-1.335183	0.099790	-0.722081	-0.993934	-0.242770	-0.501782
0.830745	0.550244	1.003831	-1.208181	0.201532	-0.747987	-0.582254	-0.417960	-0.911506
1.373250	0.826812	0.363894	-1.160883	-0.715352	-0.039278	-1.733238	-0.332641	-0.008306
1.093880	0.556635	0.219791	-1.294513	-0.494892	-0.233298	-1.854177	-0.845904	-0.090076
1.160146	1.264006	1.024715	-0.908315	0.238349	-1.109295	-2.159067	-0.367852	0.779912
0.543458	0.776451	0.719900	-0.425308	-0.634188	-1.684110	-0.097436	0.302003	0.497657
0.456658	0.883713	0.684654	-1.004297	-0.589004	-1.733805	-0.249233	-0.121694	0.457066
1.110572	0.983734	1.123377	0.313629	-0.749421	-1.258038	-1.449259	0.046753	1.527762
0.653288	1.081270	0.104786	-1.696250	-0.313531	-1.052628	-0.820533	-0.922407	-0.388262
0.597103	1.043426	1.098862	-0.094168	-0.457863	-2.059821	-0.564841	0.028737	0.517578
1.669716	0.882204	0.925828	-0.409314	-0.347480	-1.266854	-1.337514	-0.845327	0.799717
1.347203	1.135136	0.740864	-0.464890	-0.959015	-0.762919	-1.355922	-0.116077	1.170368
0.952338	1.330681	1.059307	-0.166078	-0.766116	-0.580113	-1.064234	0.061670	1.226429
1.810566	0.750597	1.411608	-1.172581	-0.405604	-0.740736	-1.261753	-0.214623	0.502818
1.014494	0.903981	0.767801	-0.497312	-1.116112	-1.323987	-0.193701	-0.044573	0.385114
1.260143	1.204522	1.239764	-0.675058	-0.220362	-0.997860	-1.133885	-0.100496	1.404801
0.981331	0.763261	1.315041	-0.657570	-0.497292	-0.642065	-0.802779	-0.076526	1.400432
0.220072	0.937802	0.950171	-0.576029	-0.049790	-1.227822	-0.220478	-0.732855	0.087210
0.501039	0.959691	0.990186	-0.962007	0.226142	-1.255846	-0.146755	-0.555705	-0.410985
0.968727	0.934750	0.825560	-0.441445	-0.684604	-1.997038	-1.607678	-0.392408	0.865786
0.867766	0.979482	0.794607	-0.554194	-0.199451	-2.224147	-1.475615	-0.772145	0.520133
1.711670	0.823518	1.550971	-0.603510	-0.894076	-0.855904	-1.057941	-0.343646	0.670696
1.279097	0.882770	1.911792	-0.505879	-0.798627	-0.920969	-1.014408	0.092075	0.424976
1.137157	0.737481	0.563860	-1.278723	0.167732	-1.092756	-1.311330	0.096711	1.202517
1.156879	1.271903	0.608240	-0.637679	-0.262210	-0.015737	-0.504924	0.794491	0.808738
1.247008	1.024950	1.077029	-0.395827	-0.476483	0.215162	-0.770606	0.511392	0.803730
1.139263	0.922639	0.659822	-1.538066	-0.144514	-1.829711	-1.196065	0.313596	0.505883
1.622573	0.997246	0.856736	-1.525867	-0.015701	-1.584387	-0.915952	-0.007231	0.255846
1.702599	1.009450	0.748016	-1.217345	-0.416892	-0.695028	-1.313076	0.557472	1.435654
1.622243	1.225487	1.002880	-1.251534	-0.838877	-1.132262	-0.987400	0.490459	1.458834
1.293034	0.619506	1.200452	-1.459103	-0.622031	-1.324707	-1.130342	-0.199541	0.656108
1.679001	0.711152	0.442504	-0.481097	-0.524342	-0.167083	-1.568437	0.384054	0.732047
0.890148	1.035888	-0.093429	-0.849514	-0.731853	0.137065	-1.139254	0.311484	0.737951
1.249836	0.959100	-0.600722	-0.480848	-0.657533	0.095434	-1.050911	0.064210	0.799417
1.144349	0.923841	0.264337	-0.809275	-0.064619	-1.326667	-1.175156	0.346452	0.786470
1.045803	0.938560	1.003587	-1.695082	-0.519243	-1.457885	-0.537286	0.382533	0.196045
1.238922	1.074568	0.578318	0.223566	-0.207160	-0.435766	-1.075199	0.456226	1.393548
1.493640	0.878435	0.819229	-0.197612	-0.069560	-0.415160	-1.189258	0.280804	1.859042
1.794700	1.018052	0.759893	-0.169265	0.136473	-0.218983	0.048015	0.531866	1.041871
1.066601	1.147189	0.999573	0.586693	-0.209482	-1.274281	-0.822690	-0.055669	1.671374
0.937252	0.534022	1.473472	-1.421969	-0.245340	-0.609670	-0.064825	-0.800117	-0.361001
1.230682	1.017158	1.089823	-1.366058	-0.201701	-0.631688	-0.231711	-0.439683	-0.300791
1.122126	0.937732	0.703072	-0.702371	-0.235921	0.438746	-0.446703	0.375368	0.433987
0.092669	1.058717	1.435950	-0.309269	-0.186774	-0.391535	-0.817554	-1.049534	-0.335400
0.469815	0.991261	1.380019	-0.165548	-0.258290	-0.709971	-1.035257	-0.586450	-0.018895
1.406698	0.858785	1.245981	-0.936671	-0.989327	-0.263003	-1.973845	-0.279645	0.000930
1.480243	1.080290	1.306864	-1.270107	-1.069269	-0.826066	-1.944807	-0.193656	0.374134
1.690791	1.036867	1.037765	-1.208755	-0.476885	-1.036006	-1.559813	1.089300	1.204170
1.629639	0.777435	1.091011	-0.481970	0.534770	-0.376742	-1.083756	-0.049432	0.309718
0.704404	0.941453	0.349304	-0.483641	-1.077519	-0.597515	-0.668632	-0.157505	0.530722
0.509823	1.073232	0.034696	-0.373761	-1.436129	-0.835419	-0.407323	0.137556	0.152199
1.103751	0.954183	0.629048	-0.984254	0.345518	-0.736183	-1.348170	-0.427616	-0.041299
0.032341	0.901293	1.161771	-0.541303	-1.334302	-1.704883	-0.963564	-0.205388	-0.940260
0.453182	0.924198	1.265058	-0.352803	-1.051160	-1.917477	-0.737282	-0.600686	-0.628104
1.540655	0.857985	1.164466	-0.318999	0.206263	-1.230552	-0.606028	0.378473	0.453703
1.372752	1.173994	1.188289	-0.229378	0.066569	-1.351898	-0.407226	-0.273577	0.312289
1.512028	0.979084	0.574420	-0.569668	-0.537459	-0.392070	-2.044115	-0.068510	1.087125
1.340649	1.219443	0.436502	0.023694	-0.367659	-0.977184	-1.177881	0.443157	0.669156
0.426339	0.911198	1.081451	-0.615062	0.026889	-0.357108	-1.034103	0.217979	0.929874
0.930893	-0.142912	0.800195	-0.321340	-0.352418	-1.336800	-0.313534	-0.142616	0.204079
1.056275	-0.012398	1.108408	-0.493131	-0.138602	-0.751433	-0.431184	0.069966	0.455634
0.939106	0.732663	1.588543	-1.190671	-0.525080	-0.106402	-1.094537	-1.008112	-0.694110
0.838308	0.768088	0.364284	-0.615394	-0.648450	-1.508943	-0.879440	-1.036321	0.005124
1.042248	0.691581	1.407916	-1.852057	-0.215677	-0.834506	-0.302361	0.018253	0.564687
1.319474	0.908322	0.824959	-1.907124	-0.391374	-1.713484	-0.740162	-0.869448	0.561838
1.209334	1.325065	0.915128	-1.899684	-0.419247	-1.260709	-0.756543	-0.669627	0.072944
1.281482	1.322747	1.461550	-0.790434	-0.381633	-1.797301	-0.973415	-0.720473	0.162396
0.473877	1.091485	0.590090	-1.422405	0.253721	-1.175016	-0.773766	-0.888280	0.005125
1.548223	1.073233	0.952016	-0.373761	-1.506854	-1.694218	-0.911486	0.118660	0.129430
0.735142	0.988962	1.380192	-0.835704	-0.644304	-2.083655	-1.159432	-0.024023	1.379995
0.696507	0.832539	0.134115	-1.264899	-0.750409	-0.806569	-1.497191	-0.529423	-0.062930
0.764760	0.934312	0.973683	-1.221442	-0.769432	-1.270254	0.030735	0.314848	0.011371
1.089675	1.141954	0.765341	-1.020942	-0.323042	-1.488646	-2.159764	0.038735	0.833242
0.921639	1.107836	0.435379	-1.567599	-0.702541	0.256711	-1.390328	-0.010606	0.348308
0.978776	1.075994	0.465525	-1.607605	-0.042016	-0.109820	-1.466955	0.313761	0.211964
1.884181	0.989863	0.698834	-0.957767	-0.162394	-0.705445	-0.257686	0.125442	1.175164
1.490604	1.118095	0.385932	-1.313466	-0.536969	-0.696329	-1.446631	-0.078233	1.156585
1.477689	0.693860	0.464931	-0.821434	-0.707559	-1.077857	-1.547059	-0.396310	1.145638
1.043477	0.808428	1.121373	0.146635	-0.502359	-1.811985	-0.275301	0.407883	1.061766
0.658606	1.228995	1.202813	-0.044386	-0.197464	-1.394345	-0.497276	0.576076	1.121473
1.729337	1.076939	0.697713	-1.355624	-0.052634	-0.355754	-1.799708	-0.252604	0.140233
1.225501	1.234690	0.868389	-1.366753	-0.045932	0.258771	-1.906676	-0.149173	0.246346
0.944679	0.939806	0.458743	-0.807883	-0.350796	0.044466	-1.534461	-0.430676	0.410000
1.019562	1.001816	0.773070	-1.511717	0.024054	-1.684473	-1.218355	0.266122	1.325132
1.236442	0.927192	1.599814	-0.160446	-1.018948	-0.088903	-0.901848	-0.419571	-0.185174
1.058978	0.625075	-0.042585	-1.331316	-0.605259	-0.314175	-0.321182	-0.200322	0.780293
0.492474	0.898193	-0.042366	-1.407705	-0.453759	-0.591453	-0.455643	-0.587276	1.063585
0.900491	0.655365	-0.587183	-2.111091	-0.639144	-0.931496	-1.168660	-0.026614	0.810973
0.680999	1.014337	0.622506	-1.186491	-0.471586	-0.303394	-1.408340	-0.594788	-0.340413
1.370049	0.977933	1.747013	-0.997540	-0.392860	-1.069184	-2.329663	0.370185	0.327526
0.757268	0.862555	0.167545	-0.782640	-0.657298	-1.040092	-0.987695	-0.032419	1.610650
1.222795	0.707053	0.564936	-1.111378	-0.861486	-1.052964	-1.338710	0.030089	1.895884
1.185221	0.516560	0.632624	-1.294610	0.261746	-1.475832	-0.506291	-0.159130	0.247981
1.145716	0.483269	0.830055	-1.265402	-0.084561	-1.263369	-0.905477	-0.527815	-0.262607
0.988657	0.738293	1.142139	-0.973487	-1.149709	-0.707365	-0.678396	0.602364	0.943818
1.674051	0.902992	1.315427	-0.128026	-0.252469	-0.095404	-1.852572	-0.575263	-0.713520
0.663087	1.102631	0.523287	-1.227119	-1.096368	-0.184839	-0.703651	0.117106	0.244862
1.591470	1.035432	0.847285	-0.460836	-0.572826	-0.035026	-0.432019	0.308426	-0.073358
1.317270	1.065233	2.069082	-1.444500	-0.411393	-1.175331	-1.835488	-0.272050	0.207282
0.938047	0.917841	0.719720	-1.324410	-0.440754	-1.600596	-0.520885	-0.612567	0.843782
0.544571	0.806894	1.111611	-0.763137	-0.121341	-0.926763	-0.839720	-0.993445	0.277113
0.824931	0.917240	0.920642	-0.318620	0.281872	-0.741036	-1.189631	-0.640735	0.131892
1.241153	1.030401	0.867026	0.496609	0.065979	-0.619678	-1.729087	-0.116862	1.681662
1.002146	1.077324	0.908946	0.299834	-0.151748	-1.356863	-1.755933	-0.341626	0.975828
1.212805	0.712262	0.988604	0.145751	-0.370908	-0.098672	-1.201067	-0.268264	1.438863
1.143570	0.846836	1.136651	0.097579	-0.619369	-0.041152	-0.991678	0.533842	1.336947
0.471328	0.867392	0.847035	-0.027222	-0.746172	-1.530163	-0.352846	-0.702379	0.749767
1.001666	0.479393	0.420710	-0.422428	-0.583664	-0.245331	-1.282025	0.254490	0.900461
1.666547	1.391556	0.351198	-0.723071	-0.007913	-0.893939	-1.509645	0.219155	0.593943
1.698695	1.342033	0.761377	-0.584391	-0.532351	-1.246995	-1.594707	0.590103	0.895454
1.321443	0.527802	0.658402	-1.390046	-0.526452	-0.393387	-1.096862	0.158587	1.805155
1.502924	1.076376	1.562485	-0.725144	-1.020238	-1.213315	-2.371411	-0.192846	0.436049
1.262748	0.866003	1.852581	-0.429851	0.256887	-1.632764	-0.727524	-0.397931	0.556380
1.265467	0.614883	1.733155	-1.155609	0.167710	-1.547013	-0.923018	-0.203501	0.182980
1.624731	0.822619	1.047200	-0.483526	-0.463744	-2.023048	-1.707695	-0.047614	0.978241
1.432551	0.711902	0.737802	-0.321340	-0.370086	-2.017222	-0.724841	-0.146166	0.199885
1.097932	0.828087	0.660071	0.212830	-0.351230	-1.598857	-0.949434	-0.473797	0.492549
1.235727	1.315731	0.428428	-1.423577	-0.402808	-2.025267	-0.607363	-0.165262	-0.255236
0.570326	1.260616	0.421239	-1.962373	-0.382178	-1.858369	-0.462924	-0.388161	-0.206958
0.938524	1.218560	0.274855	-0.545402	0.705569	0.238741	-1.723887	-0.460136	0.058012
0.926408	1.218551	-0.641904	-0.545356	0.706229	0.239788	-1.722294	-0.460136	0.058012
0.803817	0.365692	0.818468	-0.187774	-0.524555	-1.582669	-0.979930	0.018292	-0.427760
0.262898	0.941255	0.595555	-0.397346	-0.453579	-1.719847	-1.106534	-0.117569	-0.172201
0.626544	0.937049	0.639658	-1.196517	-0.127635	-1.187640	-1.143783	-0.152652	0.002228
0.381491	0.941982	0.738569	-1.759707	-0.103629	-1.020412	-0.339175	-0.206773	-0.285578
1.468115	1.249841	0.543216	-1.026247	-0.585425	-0.845602	-1.205486	0.843188	0.438926
1.309035	1.185994	1.345069	-1.392371	-0.574950	-1.447553	-2.040348	0.261824	1.086148
1.299795	0.667509	1.573643	-0.803855	-0.367275	-0.594701	-1.558275	-0.712860	0.323605
1.025911	1.241571	0.584453	-0.021059	-0.691975	-0.228230	-0.571384	0.592073	0.200488
1.501889	1.177375	1.898847	-1.170610	-0.755627	-0.855946	-1.078621	0.180142	0.206680
0.503123	1.016648	0.963930	-0.815433	-1.262932	-1.736197	-1.187319	-0.061689	-0.300396
0.762304	1.136973	0.686631	-0.754830	-0.883139	-1.324131	-1.599234	-0.064767	1.302449
0.359586	0.803603	0.784558	-1.055558	-0.318852	-1.667479	-1.411487	0.146040	1.134162
0.513621	1.240561	0.709942	-1.658194	-0.219556	-1.464130	-1.067613	-1.034673	0.474355
1.305645	0.938732	1.866200	-0.374992	-0.479306	-0.658542	-1.004711	-0.297477	-0.208904
0.999027	0.835638	0.546019	-0.246834	-0.521333	-1.631188	-0.375968	0.424422	1.555547
1.230478	0.699579	1.525968	-1.624932	-0.507905	-0.712180	-1.223428	-0.209891	1.062802
1.323570	1.162899	1.577510	-0.777131	-0.782206	-0.259643	-0.693808	0.093400	0.664155
1.200313	1.211779	0.891411	-0.140590	-0.489343	-0.766798	-0.606233	0.059574	1.812327
0.378980	0.674602	0.264451	-1.521899	-0.561800	-0.125740	-1.848757	-0.505022	0.078805
1.772351	1.277099	-0.088795	0.050322	-0.132362	-0.410050	-0.651509	0.257448	0.441425
1.338574	0.130209	0.627635	-0.629878	0.094731	-0.594921	-1.759449	-0.247812	0.358413
0.234551	0.507815	0.058226	-2.033452	-0.384734	-0.876584	-0.604850	-0.152911	0.832000
0.625165	1.096501	0.913982	-0.456511	-0.655393	-1.259542	-0.946477	0.463069	0.808342
1.030275	0.942584	0.472320	-1.702002	0.589435	0.413278	-1.553600	-0.199966	0.078028
0.884175	0.927507	0.863373	-1.574822	0.440854	-0.280668	-1.013687	-0.356457	0.000950
1.776422	0.789206	0.719703	-2.025398	-0.609175	-1.800534	-1.132119	-0.447542	1.171122
1.837503	0.655404	0.552427	-2.111091	-0.639145	-1.092095	-1.538345	-0.026614	0.810973
1.214012	0.407491	0.743864	-1.045028	0.049257	0.162591	-1.805130	-0.238210	-0.067080
1.280662	1.288541	0.851264	-0.419857	0.478589	-1.765264	-0.925818	-0.199049	1.579978
1.271414	1.180396	1.109321	-0.133622	-0.148074	-1.881520	-0.463623	-0.484543	1.160910
1.129574	1.398639	0.717906	-0.475917	-1.005445	0.186576	-1.323024	0.406040	1.045937
0.430184	0.500274	0.856373	-1.431559	0.040557	-1.644501	-0.798154	-0.769409	-0.191311
0.907086	0.880064	1.252303	0.359880	0.208386	-1.204586	-1.181063	-0.867508	0.949645
1.351965	1.126353	1.370049	-0.129369	-0.045633	-0.896732	-1.315783	-0.658869	1.583111
1.409617	0.191102	1.022074	-0.182964	0.009937	-1.006544	-0.819786	-0.459549	1.386208
1.483036	-0.024122	0.873921	-0.986624	-0.424587	-0.783300	-0.702255	-0.046868	1.258885
1.673191	0.973681	0.883464	-0.688174	-1.128704	-0.449304	-0.352710	0.273799	1.172277
0.765374	1.169157	0.439937	-1.363600	-0.252212	-0.628185	-0.263322	-1.341116	0.091288
0.359560	1.077501	0.379532	-1.353955	-0.470069	-0.663441	-1.012484	0.283248	1.076287
0.261285	0.049409	0.791511	-0.554121	-0.149455	-1.684319	-0.356700	-0.268737	0.615194
1.291572	1.140244	0.194013	-1.818864	-0.398696	-0.539949	-1.403953	-0.691663	0.409566
1.368332	1.238107	-0.260095	-1.576070	-0.191914	-0.893645	-1.652842	-1.469018	0.054540
1.333264	0.563965	0.878634	-1.407285	0.182808	-1.742836	-0.194317	-0.925294	0.331457
0.678858	-0.196725	0.950589	-0.889242	-0.241258	-0.777603	-0.840286	-0.629945	0.006101
1.020794	0.282027	1.445334	-0.099733	-0.550786	0.121105	-0.633142	-1.095041	-0.617721
0.923504	1.011796	1.593858	0.126869	-0.457094	-0.348168	-1.105583	-1.387744	-0.990655
0.045810	1.000396	0.919659	-0.158151	-0.403016	-1.492003	-0.823731	0.289794	1.520304
1.305566	0.026141	1.477293	-0.844364	0.004894	-0.086710	-1.011061	-0.881876	-0.931972
0.934818	1.190995	0.488098	-2.009953	0.363731	-1.197379	-0.447857	-0.560088	0.762869
1.650819	1.119860	0.851709	-0.178956	-0.622097	-2.307616	-0.935095	-0.051664	1.529881
0.439927	1.296726	0.959642	-0.936985	-1.526881	-1.075945	-0.223650	0.143924	-0.007269
0.580160	0.775985	0.483445	-0.660737	-0.577057	-2.073135	-0.417270	-1.101394	0.421049
0.794037	1.069375	0.669416	-2.379798	0.053628	-0.891490	-1.273033	-0.678286	-0.014310
1.033573	1.403479	-0.503691	-0.958302	0.458370	-0.205844	-1.693302	-0.579989	-0.813964
0.271073	0.748725	0.321124	-0.119917	-0.587277	-1.443400	-1.235162	-0.704666	0.762038
0.872510	0.956438	0.935216	-1.208178	0.725472	-1.255161	-0.880736	-1.189162	-0.150839
1.632904	0.848998	1.067163	-1.398822	0.467901	-0.386217	-1.335842	0.383774	0.263409
1.500804	1.261735	-0.032808	-1.560899	-0.817189	-1.341720	-0.699563	-0.156917	0.663305
1.850016	1.012349	0.228829	-1.755854	0.266699	-0.578039	-1.304521	0.334309	1.483278
1.272238	0.539908	-0.048221	-1.009313	-0.585760	-0.530379	-0.748044	-1.236404	0.261566
1.098684	0.704786	1.933580	-0.873602	-0.200639	-2.421575	-0.987882	0.166963	1.147831
1.502812	0.976076	1.119338	-0.036042	-0.509848	-0.758624	-2.401289	0.241032	1.415518
0.423088	0.916599	1.706990	-1.616497	-0.540594	-1.784843	-1.286857	-0.738913	0.684746
