1	nan	nan	nan	nan	nan	nan	-nan	-nan	-nan	
6667	-1.008392	-7.251225	-11.595306	4.347339	-0.329440	5.421049	6.933755	12.087225	5.493341	
5835	0.759523	6.444194	6.515838	-6.066402	-18.250034	-4.524501	-15.069830	-15.265998	0.191510	
5836	-10.762459	-5.034510	-8.409255	8.152868	3.855212	6.599821	6.855528	12.703736	6.864473	
3338	-12.552125	-6.512181	-9.416355	3.008895	-1.839634	5.255581	6.249625	12.892948	7.140622	
5840	nan	nan	nan	nan	nan	nan	-nan	-nan	-nan	
842	4.085448	4.678389	3.350389	-4.977031	-23.984858	-0.298431	-8.984593	-6.824942	1.852740	
843	nan	nan	nan	nan	nan	nan	-nan	-nan	-nan	
9174	nan	nan	nan	nan	nan	nan	-nan	-nan	-nan	
8341	nan	nan	nan	nan	nan	nan	-nan	-nan	-nan	
5843	nan	nan	nan	nan	nan	nan	-nan	-nan	-nan	
4176	-11.526232	-4.094425	-6.900519	7.733734	2.286382	8.173889	4.402174	11.052558	7.835172	
6675	-0.152179	2.154605	-10.858241	0.920517	-1.975996	6.834074	6.506457	13.005757	6.923555	
5845	nan	nan	nan	nan	nan	nan	-nan	-nan	-nan	
9177	nan	nan	nan	nan	nan	nan	-nan	-nan	-nan	
3345	nan	nan	nan	nan	nan	nan	-nan	-nan	-nan	
6676	nan	nan	nan	nan	nan	nan	-nan	-nan	-nan	
848	nan	nan	nan	nan	nan	nan	-nan	-nan	-nan	
1679	nan	nan	nan	nan	nan	nan	-nan	-nan	-nan	
6678	nan	nan	nan	nan	nan	nan	-nan	-nan	-nan	
18	nan	nan	nan	nan	nan	nan	-nan	-nan	-nan	
19	-0.677470	6.614601	6.578182	-5.984236	-17.111316	-0.688009	-7.927481	-6.546177	1.360456	
850	nan	nan	nan	nan	nan	nan	-nan	-nan	-nan	
3349	nan	nan	nan	nan	nan	nan	-nan	-nan	-nan	
6680	nan	nan	nan	nan	nan	nan	-nan	-nan	-nan	
8348	nan	nan	nan	nan	nan	nan	-nan	-nan	-nan	
3352	nan	nan	nan	nan	nan	nan	-nan	-nan	-nan	
2518	nan	nan	nan	nan	nan	nan	-nan	-nan	-nan	
2519	-9.351668	-1.394696	-6.680469	5.457324	-0.747426	8.091990	5.632166	11.265613	6.929503	
9184	2.737585	7.271462	6.750884	-10.612096	-16.823752	2.007336	-8.977870	-6.547893	1.402683	
854	nan	nan	nan	nan	nan	nan	-nan	-nan	-nan	
4185	-10.770687	-4.606184	-8.711519	5.981871	1.490000	6.203980	5.469594	10.784097	6.294348	
4187	-10.162936	-4.856691	-14.529723	3.831357	1.375193	6.162893	6.561300	11.742890	6.975474	
9190	nan	nan	nan	nan	nan	nan	-nan	-nan	-nan	
9191	nan	nan	nan	nan	nan	nan	-nan	-nan	-nan	
1690	nan	nan	nan	nan	nan	nan	-nan	-nan	-nan	
9193	nan	nan	nan	nan	nan	nan	-nan	-nan	-nan	
6690	nan	nan	nan	nan	nan	nan	-nan	-nan	-nan	
33	3.228518	8.366778	6.289045	-5.442792	-24.946518	-0.315976	-6.948335	-13.199426	-2.974837	
7528	nan	nan	nan	nan	nan	nan	-nan	-nan	-nan	
5026	nan	nan	nan	nan	nan	nan	-nan	-nan	-nan	
9197	4.674826	4.575520	6.341032	-7.335525	-20.235455	4.683231	-11.459787	-8.978646	2.409589	
4195	-8.983761	-3.660932	-10.469133	7.724072	1.588328	3.944161	5.916956	10.745005	5.408152	
7529	nan	nan	nan	nan	nan	nan	-nan	-nan	-nan	
8364	2.463399	6.982201	8.122315	-9.112664	-12.238143	-0.398625	-7.609586	-11.299059	-3.600601	
3364	0.957959	6.430704	7.657199	-10.365428	-17.140175	3.694782	-10.836807	-17.056241	-3.411795	
9199	-2.171190	5.730850	6.632140	-5.535402	-14.853773	0.493824	-3.244459	-6.032733	-2.330023	
7532	nan	nan	nan	nan	nan	nan	-nan	-nan	-nan	
2536	nan	nan	nan	nan	nan	nan	-nan	-nan	-nan	
6699	-12.630188	-4.245664	-11.877618	7.235796	1.080995	6.999580	5.559190	12.645847	7.329869	
9205	nan	nan	nan	nan	nan	nan	-nan	-nan	-nan	
6700	-7.686350	-6.462079	-14.747494	3.109607	-1.901550	4.279817	5.846070	12.347948	6.392030	
7537	nan	nan	nan	nan	nan	nan	-nan	-nan	-nan	
5034	nan	nan	nan	nan	nan	nan	-nan	-nan	-nan	
3371	-5.890926	3.949233	7.718002	-10.464892	-20.419459	1.611915	-7.761704	-8.501829	0.780711	
2541	nan	nan	nan	nan	nan	nan	-nan	-nan	-nan	
6703	nan	nan	nan	nan	nan	nan	-nan	-nan	-nan	
3373	-2.023979	-6.955668	-11.115590	6.056881	-0.673274	6.357442	5.814846	11.260555	6.454203	
4208	-7.460033	-3.309048	-15.576529	8.408577	6.443359	6.258203	7.692839	10.029327	6.019751	
5040	2.802398	7.158641	7.230710	-9.700943	-27.577119	0.593182	-10.114665	-10.517276	-0.648204	
3377	5.820103	5.093902	8.241279	-3.244166	-16.139752	1.542311	-7.521949	-4.749045	3.500340	
49	3.661092	2.260084	4.403903	1.286965	-9.575772	-1.099326	1.789323	7.401824	6.071372	
6708	nan	nan	nan	nan	nan	nan	-nan	-nan	-nan	
3378	nan	nan	nan	nan	nan	nan	-nan	-nan	-nan	
8378	nan	nan	nan	nan	nan	nan	-nan	-nan	-nan	
880	-11.901006	-4.083837	-12.532339	6.425109	1.704370	6.794953	6.827320	13.100844	5.827322	
8379	6.057278	6.657044	6.080648	-5.503459	-21.729584	-1.530789	-15.327328	-14.597636	2.235361	
4212	nan	nan	nan	nan	nan	nan	-nan	-nan	-nan	
1714	-9.842397	-5.847705	-12.564143	8.460491	1.619148	8.050464	7.430018	12.015709	5.249376	
4213	nan	nan	nan	nan	nan	nan	-nan	-nan	-nan	
6711	nan	nan	nan	nan	nan	nan	-nan	-nan	-nan	
1716	nan	nan	nan	nan	nan	nan	-nan	-nan	-nan	
4217	0.737171	8.467576	7.259466	-5.280086	-13.774858	-1.052140	-14.808633	-11.234325	2.220063	
887	nan	nan	nan	nan	nan	nan	-nan	-nan	-nan	
58	nan	nan	nan	nan	nan	nan	-nan	-nan	-nan	
8387	nan	nan	nan	nan	nan	nan	-nan	-nan	-nan	
5885	nan	nan	nan	nan	nan	nan	-nan	-nan	-nan	
889	-10.339586	-5.955763	-14.681364	6.747172	0.417262	6.638292	6.027496	11.284229	5.348154	
7552	5.116372	-0.360537	-4.392416	6.717271	-4.470306	4.846952	6.845689	12.061775	6.913457	
5888	nan	nan	nan	nan	nan	nan	-nan	-nan	-nan	
8389	-6.067113	-7.925361	-10.553667	3.717307	0.276596	4.533685	7.016057	13.513745	6.956065	
7554	nan	nan	nan	nan	nan	nan	-nan	-nan	-nan	
4222	nan	nan	nan	nan	nan	nan	-nan	-nan	-nan	
2556	-8.133307	1.067810	-13.221332	6.188453	-0.033357	7.653631	5.224356	11.724250	6.544211	
8390	-6.494878	-4.716032	-11.301380	7.741388	-0.488524	1.528088	6.701894	12.697334	5.951186	
894	nan	nan	nan	nan	nan	nan	-nan	-nan	-nan	
4227	nan	nan	nan	nan	nan	nan	-nan	-nan	-nan	
898	nan	nan	nan	nan	nan	nan	-nan	-nan	-nan	
5061	nan	nan	nan	nan	nan	nan	-nan	-nan	-nan	
68	nan	nan	nan	nan	nan	nan	-nan	-nan	-nan	
70	nan	nan	nan	nan	nan	nan	-nan	-nan	-nan	
1731	-9.808439	-2.016291	-14.249164	7.150946	0.173756	8.630957	6.703071	9.610931	7.575783	
1732	2.105260	5.516331	2.250791	-9.262755	-10.021205	5.715966	-10.052601	-13.126591	-1.404469	
1733	-13.054709	2.220795	-7.850291	5.697475	0.473432	7.386265	6.993328	11.904073	5.708254	
903	nan	nan	nan	nan	nan	nan	-nan	-nan	-nan	
9241	nan	nan	nan	nan	nan	nan	-nan	-nan	-nan	
908	nan	nan	nan	nan	nan	nan	-nan	-nan	-nan	
8404	nan	nan	nan	nan	nan	nan	-nan	-nan	-nan	
909	-3.269963	1.545917	6.112646	-4.437343	-13.911385	-0.413231	-2.864502	0.390472	2.781007	
4238	nan	nan	nan	nan	nan	nan	-nan	-nan	-nan	
1740	-10.390419	-3.414487	-11.856795	6.575068	0.328171	6.476214	5.532636	11.402299	6.870788	
1741	nan	nan	nan	nan	nan	nan	-nan	-nan	-nan	
8409	nan	nan	nan	nan	nan	nan	-nan	-nan	-nan	
5075	-8.820354	-5.004446	-16.656718	5.985859	0.195872	5.142279	6.834428	11.752559	5.462425	
85	nan	nan	nan	nan	nan	nan	-nan	-nan	-nan	
7578	nan	nan	nan	nan	nan	nan	-nan	-nan	-nan	
9249	nan	nan	nan	nan	nan	nan	-nan	-nan	-nan	
5914	nan	nan	nan	nan	nan	nan	-nan	-nan	-nan	
6743	5.878751	6.451545	6.328042	-1.726918	-16.767995	1.097941	-2.700960	-4.682317	-1.199050	
918	-12.816987	-9.609264	-14.059298	6.324467	-0.038893	7.109597	6.954191	11.090047	6.207611	
5916	-6.501515	-6.140065	-6.155259	6.822041	0.851821	6.532751	7.224419	12.610282	6.086186	
8416	nan	nan	nan	nan	nan	nan	-nan	-nan	-nan	
92	-5.363818	-0.428227	4.047414	-7.246044	-11.974151	-3.027475	-3.435114	-1.158661	2.425808	
925	nan	nan	nan	nan	nan	nan	-nan	-nan	-nan	
94	3.433445	8.018228	7.386774	-4.598837	-20.374655	0.799519	-8.468002	-10.834575	-1.280341	
5084	nan	nan	nan	nan	nan	nan	-nan	-nan	-nan	
5924	-6.004901	-6.930569	-2.724157	4.794077	-1.834441	4.030967	8.580021	11.782858	7.999151	
3422	nan	nan	nan	nan	nan	nan	-nan	-nan	-nan	
4254	-6.665055	3.436847	5.601437	-9.471202	-15.739732	2.406202	-12.205460	-13.955791	-0.740169	
9260	nan	nan	nan	nan	nan	nan	-nan	-nan	-nan	
3423	-9.436846	-3.686082	-7.161722	9.230702	0.830378	7.341028	5.124885	9.420582	5.275186	
8425	-10.128043	-4.042887	-10.402369	3.133770	2.459694	6.129659	6.585554	11.619575	6.303631	
4255	-5.988508	-3.482192	-17.403431	7.896991	-0.629668	6.780090	6.002583	12.017488	7.351642	
930	nan	nan	nan	nan	nan	nan	-nan	-nan	-nan	
7594	nan	nan	nan	nan	nan	nan	-nan	-nan	-nan	
4259	nan	nan	nan	nan	nan	nan	-nan	-nan	-nan	
1759	-8.951931	-4.342798	-7.967428	5.225287	1.300271	6.412393	7.983143	12.456038	6.571580	
9265	-3.783524	-0.773393	7.997806	-9.081294	-17.222129	1.296793	-10.066148	-10.836940	-0.495533	
5930	nan	nan	nan	nan	nan	nan	-nan	-nan	-nan	
6758	nan	nan	nan	nan	nan	nan	-nan	-nan	-nan	
934	-10.923925	-6.017268	-16.652397	6.028767	2.069135	4.579266	6.644789	13.833356	7.894270	
3428	-3.764991	4.805845	3.028463	-4.288701	-12.862282	1.992229	-1.730569	-1.777050	-0.085613	
5932	0.497527	6.504490	7.631143	-5.676553	-15.988972	0.495758	-13.298895	-18.835352	-0.675482	
6759	nan	nan	nan	nan	nan	nan	-nan	-nan	-nan	
936	-10.100938	-4.267033	-15.108982	6.414638	1.741567	4.566309	3.985778	7.141572	6.435247	
1763	nan	nan	nan	nan	nan	nan	-nan	-nan	-nan	
6760	nan	nan	nan	nan	nan	nan	-nan	-nan	-nan	
7597	-6.369290	-4.168048	-10.149204	7.287898	-2.192338	3.825039	5.580424	9.745978	5.227308	
8432	nan	nan	nan	nan	nan	nan	-nan	-nan	-nan	
5934	nan	nan	nan	nan	nan	nan	-nan	-nan	-nan	
7598	nan	nan	nan	nan	nan	nan	-nan	-nan	-nan	
6761	-8.048026	-10.628581	-12.242527	6.042531	1.759739	5.495700	4.035380	10.330468	7.608441	
3430	nan	nan	nan	nan	nan	nan	-nan	-nan	-nan	
2598	nan	nan	nan	nan	nan	nan	-nan	-nan	-nan	
5936	nan	nan	nan	nan	nan	nan	-nan	-nan	-nan	
3432	nan	nan	nan	nan	nan	nan	-nan	-nan	-nan	
8434	-6.680616	-5.925236	-8.354461	7.113501	-0.474695	8.065766	5.414176	12.944471	7.199418	
9272	nan	nan	nan	nan	nan	nan	-nan	-nan	-nan	
8436	-6.601149	0.577510	6.717177	-11.308698	-7.316567	3.143095	-5.095758	-9.012575	-5.036049	
7601	nan	nan	nan	nan	nan	nan	-nan	-nan	-nan	
5097	nan	nan	nan	nan	nan	nan	-nan	-nan	-nan	
1767	-5.408314	-2.856629	-9.572250	8.150961	1.219122	7.978290	6.595017	12.111714	6.373286	
943	3.064562	5.843033	6.815921	-8.184231	-17.987987	-3.629219	-16.331564	-19.163051	-1.576409	
7602	nan	nan	nan	nan	nan	nan	-nan	-nan	-nan	
5939	-9.523221	-5.573717	-9.476410	5.886650	5.162943	8.021569	7.715666	11.392450	5.968521	
3435	-16.510916	-7.584869	-8.719659	7.753175	1.448919	8.744552	6.734936	11.735659	6.070211	
945	0.460525	6.120687	7.207776	-8.103779	-21.640245	3.115429	-13.370049	-13.826236	0.227520	
947	nan	nan	nan	nan	nan	nan	-nan	-nan	-nan	
8441	nan	nan	nan	nan	nan	nan	-nan	-nan	-nan	
7607	-11.778227	-4.991272	-10.958199	5.842365	2.540447	7.230421	7.382557	12.140867	5.095931	
9277	nan	nan	nan	nan	nan	nan	-nan	-nan	-nan	
7608	nan	nan	nan	nan	nan	nan	-nan	-nan	-nan	
114	nan	nan	nan	nan	nan	nan	-nan	-nan	-nan	
3441	-11.425970	-4.177783	-8.578624	8.046393	-1.395642	5.405110	6.270763	11.552948	5.982571	
9280	nan	nan	nan	nan	nan	nan	-nan	-nan	-nan	
2610	-2.701309	4.337602	6.903523	-9.001237	-12.328919	3.861113	-5.979818	-3.151923	1.773705	
116	nan	nan	nan	nan	nan	nan	-nan	-nan	-nan	
5107	nan	nan	nan	nan	nan	nan	-nan	-nan	-nan	
117	nan	nan	nan	nan	nan	nan	-nan	-nan	-nan	
8449	nan	nan	nan	nan	nan	nan	-nan	-nan	-nan	
1782	1.832604	7.121741	7.791198	-6.077431	-15.720161	1.175498	-9.671520	-6.934160	2.762135	
1784	nan	nan	nan	nan	nan	nan	-nan	-nan	-nan	
2617	nan	nan	nan	nan	nan	nan	-nan	-nan	-nan	
4285	-12.699649	-1.102039	-10.105993	6.715485	2.489365	7.306228	8.214803	11.646072	4.895410	
8454	-15.584405	-5.156420	-9.744878	6.925537	1.421499	5.475288	5.987544	12.613658	7.027329	
2619	-5.358996	-4.147005	-16.316676	6.928848	5.307759	4.778084	4.337326	11.199897	5.515489	
960	-11.693393	-5.329802	-10.266716	7.980521	0.940056	6.916377	6.402014	10.674144	4.586947	
3452	nan	nan	nan	nan	nan	nan	-nan	-nan	-nan	
2620	-10.526532	1.020817	-15.375761	6.047618	3.053883	5.705343	6.289685	11.093956	5.479205	
5958	nan	nan	nan	nan	nan	nan	-nan	-nan	-nan	
5116	nan	nan	nan	nan	nan	nan	-nan	-nan	-nan	
6783	nan	nan	nan	nan	nan	nan	-nan	-nan	-nan	
8456	-9.208175	-6.908881	-12.781837	2.756422	0.580350	8.945019	6.351027	12.121512	7.001532	
4288	-7.919037	-7.687091	-11.363745	7.181463	-0.166676	4.165941	6.185141	12.393169	7.422088	
5117	nan	nan	nan	nan	nan	nan	-nan	-nan	-nan	
3455	nan	nan	nan	nan	nan	nan	-nan	-nan	-nan	
5119	nan	nan	nan	nan	nan	nan	-nan	-nan	-nan	
5962	nan	nan	nan	nan	nan	nan	-nan	-nan	-nan	
965	-5.214866	1.780819	6.027780	-9.421011	-15.998624	2.047025	-11.065854	-7.084915	3.096916	
1796	-10.514267	4.253444	-0.252833	8.040922	-3.702581	1.750582	5.644219	9.157843	4.029993	
8465	-6.647049	2.932874	5.918016	-10.495158	-12.321029	3.329572	-3.461418	-10.567952	-5.885027	
5969	nan	nan	nan	nan	nan	nan	-nan	-nan	-nan	
138	-11.906174	2.185560	-10.431673	7.175868	-0.719717	5.172031	6.150180	12.420617	6.059302	
1801	-9.699525	-9.866438	-7.386104	6.179904	-0.533410	6.660788	7.161848	10.878129	5.258994	
4299	nan	nan	nan	nan	nan	nan	-nan	-nan	-nan	
6798	-13.673790	-6.421671	-11.549048	6.444430	2.119255	6.169651	5.876512	8.312686	5.771873	
5980	nan	nan	nan	nan	nan	nan	-nan	-nan	-nan	
147	-12.649677	-6.617234	-6.138385	6.192750	0.338376	5.385059	6.310318	11.378035	5.437433	
5981	nan	nan	nan	nan	nan	nan	-nan	-nan	-nan	
8474	nan	nan	nan	nan	nan	nan	-nan	-nan	-nan	
980	nan	nan	nan	nan	nan	nan	-nan	-nan	-nan	
4307	nan	nan	nan	nan	nan	nan	-nan	-nan	-nan	
982	nan	nan	nan	nan	nan	nan	-nan	-nan	-nan	
9312	nan	nan	nan	nan	nan	nan	-nan	-nan	-nan	
9314	nan	nan	nan	nan	nan	nan	-nan	-nan	-nan	
6806	nan	nan	nan	nan	nan	nan	-nan	-nan	-nan	
1811	-7.104405	-5.658135	-14.862275	5.065045	-1.734659	5.306881	5.240891	12.041365	6.291662	
8478	nan	nan	nan	nan	nan	nan	-nan	-nan	-nan	
3476	nan	nan	nan	nan	nan	nan	-nan	-nan	-nan	
5141	nan	nan	nan	nan	nan	nan	-nan	-nan	-nan	
4311	nan	nan	nan	nan	nan	nan	-nan	-nan	-nan	
4312	nan	nan	nan	nan	nan	nan	-nan	-nan	-nan	
5988	nan	nan	nan	nan	nan	nan	-nan	-nan	-nan	
7647	-9.770103	-3.398061	-14.536662	6.081282	1.569460	6.433819	6.178338	12.184354	5.575932	
6810	-4.524344	-1.161833	5.803498	-4.917007	-19.303069	1.128917	-8.759328	-3.803506	5.214858	
988	-13.982059	-2.081354	-9.463873	9.229015	2.172878	7.751316	6.245728	11.405532	6.577357	
5146	nan	nan	nan	nan	nan	nan	-nan	-nan	-nan	
4315	nan	nan	nan	nan	nan	nan	-nan	-nan	-nan	
6812	nan	nan	nan	nan	nan	nan	-nan	-nan	-nan	
159	nan	nan	nan	nan	nan	nan	-nan	-nan	-nan	
5993	6.664318	6.423498	4.537193	-11.602150	-18.914438	2.051411	-9.095438	-14.692277	-1.355620	
5994	nan	nan	nan	nan	nan	nan	-nan	-nan	-nan	
3483	-11.081411	-3.453153	-7.092410	7.836609	4.665787	6.596913	4.398932	10.627507	6.683089	
6814	-9.443343	-3.779858	-6.391226	7.223556	4.619769	7.972086	6.444072	10.405310	5.464746	
5995	nan	nan	nan	nan	nan	nan	-nan	-nan	-nan	
994	nan	nan	nan	nan	nan	nan	-nan	-nan	-nan	
5151	nan	nan	nan	nan	nan	nan	-nan	-nan	-nan	
163	nan	nan	nan	nan	nan	nan	-nan	-nan	-nan	
3486	5.378556	6.847306	5.767062	-10.387336	-19.212791	0.018829	-7.365927	-6.811349	0.553635	
8491	-10.153782	-6.259361	-17.630874	8.054043	1.616460	6.510901	4.861857	9.896234	5.101270	
6000	nan	nan	nan	nan	nan	nan	-nan	-nan	-nan	
8492	1.940431	6.142273	7.208998	-3.989137	-18.885714	-0.624173	-9.190298	-6.245264	2.415039	
7658	-13.318979	1.245622	-11.559880	9.242498	4.246242	6.377209	4.035318	11.602539	8.260614	
165	-8.999276	0.327203	-12.870483	7.210141	-0.620060	3.999058	6.360391	12.512367	6.762003	
4323	-11.159944	-7.512241	-16.427453	8.867974	1.920935	2.240399	7.541550	12.078858	6.277768	
9332	nan	nan	nan	nan	nan	nan	-nan	-nan	-nan	
168	nan	nan	nan	nan	nan	nan	-nan	-nan	-nan	
1832	-10.627875	-4.872054	-10.587202	6.598076	3.426422	4.317671	3.438023	7.306252	5.161758	
3494	nan	nan	nan	nan	nan	nan	-nan	-nan	-nan	
4328	nan	nan	nan	nan	nan	nan	-nan	-nan	-nan	
7663	nan	nan	nan	nan	nan	nan	-nan	-nan	-nan	
8498	nan	nan	nan	nan	nan	nan	-nan	-nan	-nan	
9337	nan	nan	nan	nan	nan	nan	-nan	-nan	-nan	
1835	3.745618	3.019366	3.423587	-0.708133	-13.584921	-3.573982	3.552696	9.524637	5.857685	
7666	nan	nan	nan	nan	nan	nan	-nan	-nan	-nan	
1005	-10.657533	-5.010341	-8.061661	5.631577	2.666374	5.646243	4.778950	10.616382	4.117479	
6010	nan	nan	nan	nan	nan	nan	-nan	-nan	-nan	
3501	3.401951	6.388782	6.374255	-6.423245	-20.238172	0.624868	-14.251070	-13.463381	0.768891	
8503	nan	nan	nan	nan	nan	nan	-nan	-nan	-nan	
4336	nan	nan	nan	nan	nan	nan	-nan	-nan	-nan	
6832	4.936212	7.210745	7.247715	-4.595804	-22.721259	0.101989	-8.229602	-4.773631	2.380788	
2669	nan	nan	nan	nan	nan	nan	-nan	-nan	-nan	
6834	0.467549	7.371182	8.208377	-11.329554	-13.703279	6.082904	-11.814308	-10.663301	0.959724	
179	-0.423012	3.421665	6.306700	-8.201795	-18.499467	-1.371486	-8.815496	-12.050523	-3.128013	
5169	nan	nan	nan	nan	nan	nan	-nan	-nan	-nan	
6835	nan	nan	nan	nan	nan	nan	-nan	-nan	-nan	
1014	nan	nan	nan	nan	nan	nan	-nan	-nan	-nan	
4342	nan	nan	nan	nan	nan	nan	-nan	-nan	-nan	
9348	-10.793653	-2.508281	3.091242	5.599223	-0.612091	6.384660	0.045601	6.176188	5.832851	
4343	1.591349	9.096806	7.581429	-6.931351	-19.056709	-0.107649	-12.006823	-10.741153	0.108988	
182	-8.889848	-6.474996	-10.211643	5.350560	1.944270	7.640513	5.437115	10.616856	5.413371	
2675	4.783735	6.108378	6.755734	-5.026611	-21.903894	1.995084	-14.825632	-17.845011	-1.601926	
2676	nan	nan	nan	nan	nan	nan	-nan	-nan	-nan	
1848	nan	nan	nan	nan	nan	nan	-nan	-nan	-nan	
9353	nan	nan	nan	nan	nan	nan	-nan	-nan	-nan	
6024	0.528154	5.123494	8.718279	-8.020307	-19.143363	-5.561095	-8.012307	-10.704171	-2.782741	
1020	nan	nan	nan	nan	nan	nan	-nan	-nan	-nan	
9355	nan	nan	nan	nan	nan	nan	-nan	-nan	-nan	
1852	-6.094989	-0.045058	8.572516	-5.288831	-14.440385	1.572550	-5.278949	-13.536090	-5.605252	
4350	nan	nan	nan	nan	nan	nan	-nan	-nan	-nan	
6028	1.864589	5.851188	7.100414	-3.017951	-21.332208	1.528071	-8.715102	-15.090425	-1.816185	
3518	nan	nan	nan	nan	nan	nan	-nan	-nan	-nan	
6030	-10.635796	-0.349347	-9.486203	6.432065	3.956448	8.480006	7.307085	10.619130	5.550852	
2687	-0.070712	4.646461	8.005622	-4.948833	-15.433810	-0.224131	-15.556072	-9.687988	6.716420	
3522	3.701334	8.520200	7.072445	-5.185920	-19.648811	3.500182	-6.754546	-0.671322	5.007388	
6850	-14.523482	-2.447397	-9.763919	6.468867	2.835939	9.922836	6.912938	12.625316	6.211476	
2689	nan	nan	nan	nan	nan	nan	-nan	-nan	-nan	
6853	nan	nan	nan	nan	nan	nan	-nan	-nan	-nan	
3527	1.365432	7.524171	7.969522	-14.519113	-16.575201	4.152396	-13.261883	-13.489042	-0.429250	
6037	-8.290596	-6.418892	-13.304596	6.017777	0.942275	6.273348	7.092712	13.356973	6.395695	
5190	-13.141212	-4.478180	-11.769828	7.021236	3.918690	6.805494	6.687085	12.858743	6.901399	
6038	-0.335393	5.854748	5.751204	-5.176242	-14.317263	0.140745	-13.603014	-9.881851	2.857871	
6039	nan	nan	nan	nan	nan	nan	-nan	-nan	-nan	
5191	nan	nan	nan	nan	nan	nan	-nan	-nan	-nan	
6855	nan	nan	nan	nan	nan	nan	-nan	-nan	-nan	
1868	nan	nan	nan	nan	nan	nan	-nan	-nan	-nan	
8529	-12.144382	-4.260237	-5.374495	8.323594	0.054357	5.977043	6.833334	11.079278	4.929038	
1869	nan	nan	nan	nan	nan	nan	-nan	-nan	-nan	
4365	nan	nan	nan	nan	nan	nan	-nan	-nan	-nan	
202	nan	nan	nan	nan	nan	nan	-nan	-nan	-nan	
6858	nan	nan	nan	nan	nan	nan	-nan	-nan	-nan	
1870	nan	nan	nan	nan	nan	nan	-nan	-nan	-nan	
4367	nan	nan	nan	nan	nan	nan	-nan	-nan	-nan	
1037	-13.619164	-6.731129	-8.485146	4.448520	0.803766	8.547762	7.630660	12.201515	5.330360	
205	1.950176	7.921150	7.792197	-10.006236	-18.770198	3.257090	-9.981161	-16.571531	-3.234432	
2700	nan	nan	nan	nan	nan	nan	-nan	-nan	-nan	
1039	nan	nan	nan	nan	nan	nan	-nan	-nan	-nan	
2701	nan	nan	nan	nan	nan	nan	-nan	-nan	-nan	
3537	nan	nan	nan	nan	nan	nan	-nan	-nan	-nan	
7705	-14.450748	-1.433211	-9.964728	8.473716	1.120417	6.031901	4.788641	11.316206	6.016349	
1879	nan	nan	nan	nan	nan	nan	-nan	-nan	-nan	
5203	-8.908611	-10.375037	-5.926090	8.671094	-0.796926	5.765847	6.637669	12.481851	5.762289	
9382	nan	nan	nan	nan	nan	nan	-nan	-nan	-nan	
1882	3.690422	6.279779	7.266831	-5.976201	-18.359904	-4.068493	-12.686462	-15.207874	-0.814373	
2706	nan	nan	nan	nan	nan	nan	-nan	-nan	-nan	
5205	nan	nan	nan	nan	nan	nan	-nan	-nan	-nan	
3543	nan	nan	nan	nan	nan	nan	-nan	-nan	-nan	
4377	-1.152344	2.313364	-14.386641	4.171939	2.925133	5.411827	5.645627	12.809727	7.173440	
3544	nan	nan	nan	nan	nan	nan	-nan	-nan	-nan	
5207	nan	nan	nan	nan	nan	nan	-nan	-nan	-nan	
5208	-13.257156	-6.466158	-15.770093	7.151831	1.710239	8.915636	5.804956	12.064019	6.333526	
5210	-4.913516	-1.577620	8.114405	-10.783359	-13.003677	3.036197	-2.850622	-8.599442	-3.253871	
9387	1.315244	0.097059	-7.863159	2.167896	-4.253862	3.146049	3.005020	10.405548	7.159671	
8544	-11.606876	-5.686833	-15.218265	6.398845	5.501835	5.803916	5.566333	12.112845	6.868195	
6873	-9.567597	-7.222661	-9.186887	4.615902	-0.901893	7.315973	6.281563	11.214911	5.687936	
2712	-13.619581	-6.233182	-10.911543	7.480593	2.185803	6.837794	7.850463	12.348676	5.228419	
5212	nan	nan	nan	nan	nan	nan	-nan	-nan	-nan	
1054	nan	nan	nan	nan	nan	nan	-nan	-nan	-nan	
3551	nan	nan	nan	nan	nan	nan	-nan	-nan	-nan	
5218	3.718917	7.992868	2.961853	-4.862112	-16.289092	0.128240	-10.950742	-15.815767	-2.179522	
9393	-10.240252	-5.277096	-8.512882	5.576043	1.062406	6.487973	3.524311	8.624614	5.415870	
7720	nan	nan	nan	nan	nan	nan	-nan	-nan	-nan	
4390	-13.103460	-5.122230	-10.043846	5.631559	-2.697832	7.931672	6.233849	10.189357	3.751586	
228	-10.287934	-2.889867	-12.394605	7.323041	0.732143	5.304558	8.242866	12.024677	5.686113	
1894	nan	nan	nan	nan	nan	nan	-nan	-nan	-nan	
9398	nan	nan	nan	nan	nan	nan	-nan	-nan	-nan	
9399	-8.591962	-6.078378	-11.838839	8.420175	3.897044	6.633020	8.127087	11.962723	4.535751	
230	1.369586	5.407981	8.132715	-8.380446	-20.277756	-0.977868	-11.567303	-12.738486	-1.369357	
6070	nan	nan	nan	nan	nan	nan	-nan	-nan	-nan	
5227	2.011753	7.039202	3.281261	-7.079627	-19.462393	1.107812	-14.899114	-17.154665	-1.824458	
5229	nan	nan	nan	nan	nan	nan	-nan	-nan	-nan	
6072	nan	nan	nan	nan	nan	nan	-nan	-nan	-nan	
3562	nan	nan	nan	nan	nan	nan	-nan	-nan	-nan	
9405	nan	nan	nan	nan	nan	nan	-nan	-nan	-nan	
5231	nan	nan	nan	nan	nan	nan	-nan	-nan	-nan	
6074	nan	nan	nan	nan	nan	nan	-nan	-nan	-nan	
6890	nan	nan	nan	nan	nan	nan	-nan	-nan	-nan	
4399	-13.193719	-4.724446	-7.807471	6.077527	2.152954	6.993365	4.184263	10.424064	5.563097	
8562	nan	nan	nan	nan	nan	nan	-nan	-nan	-nan	
1903	nan	nan	nan	nan	nan	nan	-nan	-nan	-nan	
240	nan	nan	nan	nan	nan	nan	-nan	-nan	-nan	
1906	-0.749834	3.697051	6.351838	-7.495706	-17.026077	2.235346	-7.868753	-12.161929	-4.654787	
8565	nan	nan	nan	nan	nan	nan	-nan	-nan	-nan	
241	nan	nan	nan	nan	nan	nan	-nan	-nan	-nan	
4405	nan	nan	nan	nan	nan	nan	-nan	-nan	-nan	
1072	nan	nan	nan	nan	nan	nan	-nan	-nan	-nan	
1073	nan	nan	nan	nan	nan	nan	-nan	-nan	-nan	
6896	nan	nan	nan	nan	nan	nan	-nan	-nan	-nan	
1909	nan	nan	nan	nan	nan	nan	-nan	-nan	-nan	
7739	3.411727	6.758865	7.089906	-2.797104	-25.143241	1.024955	-10.993992	-8.635136	0.842977	
5238	-11.847814	-4.025871	-10.205169	4.578762	0.057631	5.870097	6.169975	9.936109	3.685239	
7740	nan	nan	nan	nan	nan	nan	-nan	-nan	-nan	
2736	-12.065112	-2.292729	-1.519628	5.289522	1.955059	8.993648	6.420029	11.921035	6.650016	
9415	nan	nan	nan	nan	nan	nan	-nan	-nan	-nan	
9416	nan	nan	nan	nan	nan	nan	-nan	-nan	-nan	
6084	nan	nan	nan	nan	nan	nan	-nan	-nan	-nan	
6899	-10.175118	2.324064	4.811821	-5.051194	-9.063038	2.216977	-1.405312	5.988572	5.457337	
6085	-0.946097	3.660691	7.752993	-8.279651	-9.147820	3.834756	-4.986066	-11.457844	-1.564178	
7742	nan	nan	nan	nan	nan	nan	-nan	-nan	-nan	
8571	-12.481349	-6.292956	-13.598747	6.552845	2.043306	6.500673	7.961016	11.351541	7.299807	
9419	nan	nan	nan	nan	nan	nan	-nan	-nan	-nan	
251	-5.715083	-9.381555	-6.434546	5.793013	2.608641	6.494801	6.583069	12.991385	6.740454	
9420	nan	nan	nan	nan	nan	nan	-nan	-nan	-nan	
8574	nan	nan	nan	nan	nan	nan	-nan	-nan	-nan	
1081	nan	nan	nan	nan	nan	nan	-nan	-nan	-nan	
3578	nan	nan	nan	nan	nan	nan	-nan	-nan	-nan	
6904	nan	nan	nan	nan	nan	nan	-nan	-nan	-nan	
1082	nan	nan	nan	nan	nan	nan	-nan	-nan	-nan	
7747	nan	nan	nan	nan	nan	nan	-nan	-nan	-nan	
4416	1.174467	7.133765	6.517350	-5.051685	-13.058587	-0.299917	-13.287001	-7.446116	3.344082	
6906	nan	nan	nan	nan	nan	nan	-nan	-nan	-nan	
3581	4.632807	9.499151	5.370288	-8.214034	-17.351587	0.741939	-13.676232	-20.142050	-1.615534	
7749	nan	nan	nan	nan	nan	nan	-nan	-nan	-nan	
8579	2.074399	6.644691	7.526218	-9.202749	-19.163710	3.762089	-13.041298	-11.905435	1.023924	
3582	nan	nan	nan	nan	nan	nan	-nan	-nan	-nan	
6909	nan	nan	nan	nan	nan	nan	-nan	-nan	-nan	
5249	nan	nan	nan	nan	nan	nan	-nan	-nan	-nan	
3584	-6.784184	0.171371	5.305714	4.791494	-1.236572	7.543113	-1.045372	6.527196	7.369477	
5251	nan	nan	nan	nan	nan	nan	-nan	-nan	-nan	
6096	-7.768783	-0.163141	-8.839265	6.898328	1.072132	5.882760	7.184925	12.269690	7.008432	
6913	nan	nan	nan	nan	nan	nan	-nan	-nan	-nan	
6097	-5.812175	-5.569132	-12.651132	7.533139	2.094041	7.629157	7.154762	12.076635	6.672838	
9431	-11.585979	-1.074190	-10.301827	6.360170	1.519567	5.279643	6.544122	9.753546	3.866891	
261	-14.464159	-5.407552	-16.778687	6.956958	0.241321	6.429141	6.275371	11.702167	6.452110	
4425	nan	nan	nan	nan	nan	nan	-nan	-nan	-nan	
8586	-11.546041	-5.039952	-13.163034	6.912712	1.861148	5.226967	6.297093	13.053710	6.891592	
6915	nan	nan	nan	nan	nan	nan	-nan	-nan	-nan	
6100	2.380258	6.169029	6.767653	-4.626491	-22.981370	-1.085182	-7.302601	-10.713287	-2.796001	
7761	-6.046583	-0.489534	5.207289	-0.979282	-16.572941	1.243624	0.206419	7.953279	7.125663	
6922	nan	nan	nan	nan	nan	nan	-nan	-nan	-nan	
1930	-5.933977	4.561001	6.744907	-6.323119	-13.733345	3.472346	-9.004769	-11.111662	-0.225864	
2757	-9.615191	-7.098459	-6.256393	5.370367	0.226146	6.679153	6.003734	10.671862	5.204941	
3596	1.755622	4.183663	7.486729	-7.651124	-12.680239	0.717309	-9.693562	-8.222157	2.308504	
9439	-8.045994	-3.569999	-13.880809	6.736319	-0.278958	6.241830	6.261516	12.834539	7.335212	
5261	-16.984951	-7.337591	-12.388946	7.147455	0.007522	3.915197	5.487625	11.284823	7.506992	
7764	nan	nan	nan	nan	nan	nan	-nan	-nan	-nan	
1101	nan	nan	nan	nan	nan	nan	-nan	-nan	-nan	
6927	nan	nan	nan	nan	nan	nan	-nan	-nan	-nan	
3599	-10.341256	-1.604975	-8.013065	8.389590	1.827817	8.025415	8.134297	11.991039	6.841434	
8597	nan	nan	nan	nan	nan	nan	-nan	-nan	-nan	
6112	nan	nan	nan	nan	nan	nan	-nan	-nan	-nan	
8600	nan	nan	nan	nan	nan	nan	-nan	-nan	-nan	
7769	nan	nan	nan	nan	nan	nan	-nan	-nan	-nan	
276	nan	nan	nan	nan	nan	nan	-nan	-nan	-nan	
3604	2.912532	4.936876	6.972693	-4.513329	-15.222206	2.871083	-14.020558	-16.935297	2.246229	
2766	nan	nan	nan	nan	nan	nan	-nan	-nan	-nan	
6116	nan	nan	nan	nan	nan	nan	-nan	-nan	-nan	
8604	nan	nan	nan	nan	nan	nan	-nan	-nan	-nan	
3606	0.181414	7.123946	8.710865	-13.859209	-19.124404	0.576839	-13.031701	-17.550263	-1.403423	
7772	nan	nan	nan	nan	nan	nan	-nan	-nan	-nan	
4443	0.904608	7.988205	6.277282	-6.448195	-20.731928	-0.128439	-10.816888	-8.536793	2.350550	
3607	nan	nan	nan	nan	nan	nan	-nan	-nan	-nan	
9449	-11.053611	0.297877	4.065219	-0.340452	-7.453967	2.869742	0.712771	8.156119	5.221599	
9450	nan	nan	nan	nan	nan	nan	-nan	-nan	-nan	
6935	nan	nan	nan	nan	nan	nan	-nan	-nan	-nan	
4445	nan	nan	nan	nan	nan	nan	-nan	-nan	-nan	
9452	nan	nan	nan	nan	nan	nan	-nan	-nan	-nan	
6936	-7.819637	-5.499279	-13.952326	9.484686	3.502635	7.052937	5.750927	8.576354	3.108751	
6121	-8.804803	-3.869502	-8.417446	5.463135	5.380389	5.428216	7.874375	11.501824	5.750363	
9455	nan	nan	nan	nan	nan	nan	-nan	-nan	-nan	
3612	nan	nan	nan	nan	nan	nan	-nan	-nan	-nan	
7778	nan	nan	nan	nan	nan	nan	-nan	-nan	-nan	
6125	2.234086	4.096974	6.675315	-3.294555	-15.599220	1.264556	-8.811145	-1.317648	5.765037	
1116	-6.188756	3.298241	-10.354922	3.455918	3.318935	7.613162	4.715583	9.542695	4.931956	
5280	nan	nan	nan	nan	nan	nan	-nan	-nan	-nan	
1950	nan	nan	nan	nan	nan	nan	-nan	-nan	-nan	
6944	-8.451319	-7.165925	-9.893937	6.024171	2.001987	7.034305	7.172255	12.167499	6.722693	
4453	-10.716530	-3.882335	-13.978406	8.098059	2.986394	6.683397	7.369346	12.465543	5.718051	
4454	nan	nan	nan	nan	nan	nan	-nan	-nan	-nan	
7783	-8.499663	-0.058623	-17.846103	7.841161	0.636122	7.758395	6.875602	13.249794	6.946444	
8616	2.390570	6.046589	6.547723	-8.609555	-14.308326	-1.304969	-9.225507	-11.142528	-2.206456	
4455	nan	nan	nan	nan	nan	nan	-nan	-nan	-nan	
9463	-3.459890	0.992937	6.534525	-9.497949	-14.189098	-0.311357	-2.160800	-3.332867	-2.119930	
292	nan	nan	nan	nan	nan	nan	-nan	-nan	-nan	
6134	nan	nan	nan	nan	nan	nan	-nan	-nan	-nan	
1958	-13.291935	-2.584099	-11.549000	6.137886	2.563268	7.465836	4.535241	10.099536	6.205604	
1129	nan	nan	nan	nan	nan	nan	-nan	-nan	-nan	
300	-13.263799	-0.456463	-10.729151	4.097392	-0.228814	5.284823	6.513544	10.532448	4.548794	
4466	nan	nan	nan	nan	nan	nan	-nan	-nan	-nan	
301	-11.622171	-6.275424	-6.939471	8.156622	-1.931499	5.300748	6.360222	10.361579	4.326614	
1132	0.103281	5.602499	8.187653	-10.401349	-12.681386	2.027264	-15.334964	-15.529127	0.409995	
8628	nan	nan	nan	nan	nan	nan	-nan	-nan	-nan	
6141	-11.351840	0.510819	-8.861232	7.777456	2.930031	5.690698	7.013752	11.597003	7.469288	
304	-9.176971	-2.684766	-11.309026	6.546821	4.273272	6.976805	4.372679	10.401535	6.691410	
8631	nan	nan	nan	nan	nan	nan	-nan	-nan	-nan	
5298	-7.402597	-3.866608	-15.852091	6.837121	-0.675845	5.256912	5.882570	10.837454	6.591040	
8633	nan	nan	nan	nan	nan	nan	-nan	-nan	-nan	
2797	nan	nan	nan	nan	nan	nan	-nan	-nan	-nan	
6145	nan	nan	nan	nan	nan	nan	-nan	-nan	-nan	
6146	0.284729	8.315355	6.783950	-5.665374	-14.569106	1.734503	-7.362854	-6.168806	1.560224	
3635	nan	nan	nan	nan	nan	nan	-nan	-nan	-nan	
9480	nan	nan	nan	nan	nan	nan	-nan	-nan	-nan	
3637	nan	nan	nan	nan	nan	nan	-nan	-nan	-nan	
7804	nan	nan	nan	nan	nan	nan	-nan	-nan	-nan	
6150	-6.968459	-8.695593	-9.579818	6.844598	2.125645	6.166780	7.222963	13.078513	7.207216	
1141	nan	nan	nan	nan	nan	nan	-nan	-nan	-nan	
7806	nan	nan	nan	nan	nan	nan	-nan	-nan	-nan	
5304	nan	nan	nan	nan	nan	nan	-nan	-nan	-nan	
1974	-7.430597	-8.496641	-10.951736	7.372170	-0.576337	5.393713	8.312197	9.248880	3.622848	
6969	-11.228319	-9.822725	-5.608183	6.345388	-1.858921	8.181740	6.553346	12.387841	7.220749	
1143	-8.727387	-2.655023	-14.276992	7.052601	4.216061	6.824913	6.056868	10.982636	6.370184	
4478	1.914891	7.699905	7.166868	-10.116412	-17.166700	-0.669465	-11.467172	-15.339094	-1.046072	
7811	nan	nan	nan	nan	nan	nan	-nan	-nan	-nan	
2807	-7.732503	-8.353837	-9.130518	7.108876	0.570481	4.587120	6.550844	11.488984	5.394577	
7812	nan	nan	nan	nan	nan	nan	-nan	-nan	-nan	
1981	nan	nan	nan	nan	nan	nan	-nan	-nan	-nan	
2809	nan	nan	nan	nan	nan	nan	-nan	-nan	-nan	
6974	-10.071383	-2.780105	-13.714667	7.680769	3.061058	6.472521	5.593072	12.286682	8.073022	
319	nan	nan	nan	nan	nan	nan	-nan	-nan	-nan	
3646	nan	nan	nan	nan	nan	nan	-nan	-nan	-nan	
8647	-14.949285	-4.942911	-12.595773	6.362435	-1.001414	6.934692	6.669746	12.536360	8.698037	
3647	nan	nan	nan	nan	nan	nan	-nan	-nan	-nan	
6161	2.138492	7.626993	6.697851	-8.404149	-23.518383	0.247390	-8.977986	-14.066915	-4.448096	
8650	-13.206832	-2.648047	-5.936896	6.680559	2.690250	9.226044	6.720719	12.817363	7.501059	
6979	nan	nan	nan	nan	nan	nan	-nan	-nan	-nan	
5317	-11.072246	-3.939920	-15.491935	6.089385	2.021946	7.217004	7.185471	11.127884	3.887764	
7818	nan	nan	nan	nan	nan	nan	-nan	-nan	-nan	
4487	nan	nan	nan	nan	nan	nan	-nan	-nan	-nan	
1987	-9.433270	-2.273189	-5.845525	7.578243	-0.514165	3.046949	6.300213	10.558707	5.571136	
9497	nan	nan	nan	nan	nan	nan	-nan	-nan	-nan	
6167	-10.419812	-7.412411	-11.807830	6.481772	1.654053	6.263720	8.841536	12.013073	7.034252	
8656	0.792253	6.363282	8.421759	-10.260834	-11.876202	1.620847	-16.192931	-17.381694	-1.585692	
1160	nan	nan	nan	nan	nan	nan	-nan	-nan	-nan	
2819	-12.011372	-3.402215	-8.827491	4.869877	0.685124	6.567405	6.041669	11.527337	5.464169	
6986	nan	nan	nan	nan	nan	nan	-nan	-nan	-nan	
2820	nan	nan	nan	nan	nan	nan	-nan	-nan	-nan	
5325	nan	nan	nan	nan	nan	nan	-nan	-nan	-nan	
1162	nan	nan	nan	nan	nan	nan	-nan	-nan	-nan	
1995	-6.126757	-8.701294	-5.786466	8.141915	2.221060	6.133547	6.758508	8.191954	6.393371	
6989	-7.833920	-7.810294	-9.890088	6.705286	2.810473	4.574441	6.126367	12.587381	6.949373	
5327	nan	nan	nan	nan	nan	nan	-nan	-nan	-nan	
4495	nan	nan	nan	nan	nan	nan	-nan	-nan	-nan	
335	-10.819539	-2.618742	7.235820	-1.702133	-12.779724	-3.793777	-6.191632	-1.927268	3.570309	
7830	3.379997	6.612378	7.391568	-12.760794	-15.514293	2.728177	-9.310091	-13.557535	-5.507177	
1998	1.869761	6.707662	8.995837	-9.751233	-17.783927	2.117530	-9.682883	-15.414165	-4.196513	
7831	nan	nan	nan	nan	nan	nan	-nan	-nan	-nan	
6993	nan	nan	nan	nan	nan	nan	-nan	-nan	-nan	
2001	nan	nan	nan	nan	nan	nan	-nan	-nan	-nan	
4501	nan	nan	nan	nan	nan	nan	-nan	-nan	-nan	
2002	nan	nan	nan	nan	nan	nan	-nan	-nan	-nan	
5333	nan	nan	nan	nan	nan	nan	-nan	-nan	-nan	
6997	nan	nan	nan	nan	nan	nan	-nan	-nan	-nan	
9515	nan	nan	nan	nan	nan	nan	-nan	-nan	-nan	
6998	nan	nan	nan	nan	nan	nan	-nan	-nan	-nan	
4504	nan	nan	nan	nan	nan	nan	-nan	-nan	-nan	
8670	nan	nan	nan	nan	nan	nan	-nan	-nan	-nan	
2832	nan	nan	nan	nan	nan	nan	-nan	-nan	-nan	
4506	nan	nan	nan	nan	nan	nan	-nan	-nan	-nan	
4507	nan	nan	nan	nan	nan	nan	-nan	-nan	-nan	
2834	nan	nan	nan	nan	nan	nan	-nan	-nan	-nan	
7843	-8.624800	-0.557834	-10.306489	5.016690	0.733408	6.660353	7.051968	12.789540	6.262782	
347	-6.867440	4.376591	7.249596	-4.666772	-15.714858	-0.011465	-13.470593	-11.645314	1.613495	
1177	-6.023901	-5.084078	-7.833130	5.348360	-1.454102	5.509489	6.175642	10.953898	2.988117	
5341	nan	nan	nan	nan	nan	nan	-nan	-nan	-nan	
2011	-6.695504	-4.026085	-10.953834	8.481266	0.221401	5.472674	7.076949	12.378601	6.952224	
7006	nan	nan	nan	nan	nan	nan	-nan	-nan	-nan	
5342	nan	nan	nan	nan	nan	nan	-nan	-nan	-nan	
349	nan	nan	nan	nan	nan	nan	-nan	-nan	-nan	
4513	nan	nan	nan	nan	nan	nan	-nan	-nan	-nan	
6193	-8.430831	-6.259102	-11.823340	6.817935	3.328157	6.504164	7.150725	11.551126	4.566867	
8678	2.437073	6.461310	6.893010	-4.437517	-20.210644	3.327405	-12.052175	-12.545405	1.134709	
2841	nan	nan	nan	nan	nan	nan	-nan	-nan	-nan	
3676	1.408931	-2.402912	-8.500269	4.380957	-7.510193	2.198628	6.150197	11.834020	7.064619	
2842	2.630635	5.826330	6.193287	-3.039898	-17.378360	-0.704870	-10.594704	-8.475758	2.000607	
7848	-12.839755	-5.887920	-13.774826	5.876799	2.354960	6.919934	7.914591	12.523607	5.848778	
7009	-11.256526	-3.960689	-16.264249	7.095063	2.056729	6.679327	3.860996	11.147589	6.586519	
7850	-0.471253	3.260453	7.877597	-12.401746	-15.737675	1.473270	-13.517742	-18.870904	-2.873036	
9527	2.425128	8.785621	6.017592	-6.578878	-16.233779	3.150527	-14.977411	-15.679333	-0.907061	
5346	nan	nan	nan	nan	nan	nan	-nan	-nan	-nan	
3680	nan	nan	nan	nan	nan	nan	-nan	-nan	-nan	
6197	nan	nan	nan	nan	nan	nan	-nan	-nan	-nan	
2019	nan	nan	nan	nan	nan	nan	-nan	-nan	-nan	
8683	-10.278297	-9.409075	-14.093119	7.071925	1.971835	6.907169	6.619688	12.858220	6.778866	
2020	nan	nan	nan	nan	nan	nan	-nan	-nan	-nan	
5349	nan	nan	nan	nan	nan	nan	-nan	-nan	-nan	
7855	nan	nan	nan	nan	nan	nan	-nan	-nan	-nan	
1189	nan	nan	nan	nan	nan	nan	-nan	-nan	-nan	
2849	nan	nan	nan	nan	nan	nan	-nan	-nan	-nan	
358	nan	nan	nan	nan	nan	nan	-nan	-nan	-nan	
1190	nan	nan	nan	nan	nan	nan	-nan	-nan	-nan	
2851	nan	nan	nan	nan	nan	nan	-nan	-nan	-nan	
6205	nan	nan	nan	nan	nan	nan	-nan	-nan	-nan	
5354	-14.308313	-5.231169	-13.787855	7.471094	1.562791	5.150207	6.609388	11.993997	5.698626	
6206	nan	nan	nan	nan	nan	nan	-nan	-nan	-nan	
2854	-9.781372	-7.113568	-6.099036	7.263871	-0.890561	5.305010	5.350201	10.293177	6.851019	
2028	-12.480810	-4.765399	-6.287505	5.441842	2.346985	7.037026	6.406375	12.113793	5.861975	
6208	nan	nan	nan	nan	nan	nan	-nan	-nan	-nan	
3691	nan	nan	nan	nan	nan	nan	-nan	-nan	-nan	
7023	nan	nan	nan	nan	nan	nan	-nan	-nan	-nan	
6209	-12.736406	-8.405688	-9.278847	7.193686	0.991175	3.402779	4.315590	11.103479	7.740291	
365	nan	nan	nan	nan	nan	nan	-nan	-nan	-nan	
5358	-9.473975	-5.055205	-4.635861	3.774459	2.305515	7.223080	7.551407	12.103883	6.765597	
8697	nan	nan	nan	nan	nan	nan	-nan	-nan	-nan	
8698	nan	nan	nan	nan	nan	nan	-nan	-nan	-nan	
1199	2.977184	3.876821	6.380978	-8.745292	-22.292170	4.559090	-9.437565	-10.417575	-0.934896	
9549	-11.578889	-3.583730	-8.994049	7.706938	1.793844	7.575740	5.287274	12.431318	6.399321	
8702	-0.546342	-2.981385	-10.598444	4.297539	2.535835	6.806552	8.751005	13.253338	6.698113	
9550	nan	nan	nan	nan	nan	nan	-nan	-nan	-nan	
4536	-9.673061	-4.980633	-10.708139	5.606071	0.493337	8.290669	6.190888	12.119882	6.366270	
9551	nan	nan	nan	nan	nan	nan	-nan	-nan	-nan	
2039	nan	nan	nan	nan	nan	nan	-nan	-nan	-nan	
7872	nan	nan	nan	nan	nan	nan	-nan	-nan	-nan	
8704	nan	nan	nan	nan	nan	nan	-nan	-nan	-nan	
7873	nan	nan	nan	nan	nan	nan	-nan	-nan	-nan	
6219	nan	nan	nan	nan	nan	nan	-nan	-nan	-nan	
5368	nan	nan	nan	nan	nan	nan	-nan	-nan	-nan	
4539	5.240113	6.232452	8.159794	-8.818802	-22.739357	2.907524	-8.155205	-5.701014	1.958572	
3703	nan	nan	nan	nan	nan	nan	-nan	-nan	-nan	
8705	-7.466427	6.263559	6.608459	-12.265631	-11.387361	2.442365	-7.187450	-11.370904	-5.796072	
8707	nan	nan	nan	nan	nan	nan	-nan	-nan	-nan	
7038	3.862034	8.614630	6.926354	-8.763665	-18.974746	0.426667	-8.361886	-13.884970	-4.293773	
1212	nan	nan	nan	nan	nan	nan	-nan	-nan	-nan	
9558	nan	nan	nan	nan	nan	nan	-nan	-nan	-nan	
7041	-16.329204	-4.482752	-7.943264	4.226858	0.582839	4.936196	5.762933	11.371273	5.148872	
1213	nan	nan	nan	nan	nan	nan	-nan	-nan	-nan	
2046	nan	nan	nan	nan	nan	nan	-nan	-nan	-nan	
2875	-6.568821	-1.948496	-6.452603	8.385367	0.190785	7.985826	6.072590	11.745851	6.036151	
4546	nan	nan	nan	nan	nan	nan	-nan	-nan	-nan	
3711	nan	nan	nan	nan	nan	nan	-nan	-nan	-nan	
7883	nan	nan	nan	nan	nan	nan	-nan	-nan	-nan	
7044	-6.132589	0.803923	6.540836	-4.245355	-15.074672	-1.918504	-8.278059	-12.381213	-0.845188	
1217	nan	nan	nan	nan	nan	nan	-nan	-nan	-nan	
9562	-12.336544	-6.082902	-3.102784	7.931584	-2.937137	2.705234	7.008758	11.872765	5.346224	
8715	nan	nan	nan	nan	nan	nan	-nan	-nan	-nan	
383	-8.803766	-6.648786	-8.731087	4.609375	0.529829	7.771523	6.860298	8.794113	4.145759	
3712	-10.587640	-6.679202	-4.412547	6.682836	1.113245	6.703624	4.803209	11.505070	6.692746	
385	nan	nan	nan	nan	nan	nan	-nan	-nan	-nan	
7887	-11.946479	-8.152890	-11.524403	6.026518	-0.665475	6.773857	7.030782	12.376816	5.998772	
2881	nan	nan	nan	nan	nan	nan	-nan	-nan	-nan	
2053	nan	nan	nan	nan	nan	nan	-nan	-nan	-nan	
6233	0.433457	7.401288	5.475548	-2.746468	-22.229190	1.340985	-9.791420	-5.732788	4.322210	
1223	-7.238821	7.325613	5.106857	-8.333117	-17.422633	-1.805707	-10.428101	-11.161588	0.402788	
3718	nan	nan	nan	nan	nan	nan	-nan	-nan	-nan	
4555	-10.573781	-8.074906	-12.161902	6.043384	2.094606	8.854093	5.183140	12.353373	7.002391	
5386	nan	nan	nan	nan	nan	nan	-nan	-nan	-nan	
7891	nan	nan	nan	nan	nan	nan	-nan	-nan	-nan	
3721	2.010477	6.544835	7.694856	-4.927810	-11.725688	0.644574	-8.091235	-6.649298	1.149573	
8725	-13.223704	-5.823577	-5.402622	4.704567	1.547677	8.362885	8.673864	11.604035	6.530480	
7056	nan	nan	nan	nan	nan	nan	-nan	-nan	-nan	
8726	-7.419519	-6.117128	-10.477044	7.028045	1.046365	6.648399	6.487157	11.739620	6.728368	
2060	-12.916715	-5.755798	-13.602579	6.033328	3.445805	6.835353	6.169619	11.672604	6.148208	
8727	-9.834833	-1.317786	-10.355632	6.580767	-0.751191	5.551712	5.448435	10.250481	3.493830	
8728	nan	nan	nan	nan	nan	nan	-nan	-nan	-nan	
1233	nan	nan	nan	nan	nan	nan	-nan	-nan	-nan	
6243	-3.018402	-3.597129	-13.812731	7.981890	1.613137	7.807951	6.907501	10.398344	6.746222	
8730	nan	nan	nan	nan	nan	nan	-nan	-nan	-nan	
5393	-12.093471	-2.715372	-12.682119	5.851372	0.706415	6.752289	5.504013	12.001903	5.805944	
7061	nan	nan	nan	nan	nan	nan	-nan	-nan	-nan	
397	1.741345	6.676564	6.248120	-5.628810	-15.711244	2.819368	-10.410152	-7.824039	2.437913	
8731	nan	nan	nan	nan	nan	nan	-nan	-nan	-nan	
1235	-11.244450	-5.416197	-16.321366	6.727493	0.423377	4.843833	3.072265	10.184407	6.823806	
9579	-10.641910	-4.883239	-9.449384	5.855786	0.362831	5.696740	7.117086	11.424847	4.677593	
7062	-5.413600	1.687239	7.938083	1.341220	-10.806000	0.847121	0.449831	5.658882	7.298450	
4565	nan	nan	nan	nan	nan	nan	-nan	-nan	-nan	
3729	nan	nan	nan	nan	nan	nan	-nan	-nan	-nan	
2066	0.816413	8.984535	5.995316	-8.861175	-15.675130	-0.675304	-7.167516	-14.893192	-3.198753	
8735	nan	nan	nan	nan	nan	nan	-nan	-nan	-nan	
3731	4.020135	8.700619	9.312664	-6.204847	-16.925005	-0.165589	-13.453128	-13.662905	3.207386	
402	-10.428974	-2.992747	-12.158132	7.392973	0.799909	6.286735	6.287703	11.741762	5.849910	
4568	-9.354385	-5.439861	-12.221592	8.794725	0.475045	1.992851	6.620967	11.979250	6.231156	
403	nan	nan	nan	nan	nan	nan	-nan	-nan	-nan	
4569	1.181464	7.184682	7.147308	-9.420487	-22.000133	-1.191877	-8.812464	-6.965591	1.567128	
8738	nan	nan	nan	nan	nan	nan	-nan	-nan	-nan	
6252	nan	nan	nan	nan	nan	nan	-nan	-nan	-nan	
408	nan	nan	nan	nan	nan	nan	-nan	-nan	-nan	
9589	nan	nan	nan	nan	nan	nan	-nan	-nan	-nan	
5406	nan	nan	nan	nan	nan	nan	-nan	-nan	-nan	
4574	nan	nan	nan	nan	nan	nan	-nan	-nan	-nan	
3741	nan	nan	nan	nan	nan	nan	-nan	-nan	-nan	
4577	nan	nan	nan	nan	nan	nan	-nan	-nan	-nan	
5410	0.803617	6.941601	3.606344	-2.841606	-22.174735	-0.411798	-9.409145	-6.790456	2.453039	
1249	nan	nan	nan	nan	nan	nan	-nan	-nan	-nan	
414	nan	nan	nan	nan	nan	nan	-nan	-nan	-nan	
2911	-9.013381	-8.682006	-8.160503	3.952391	1.883401	7.397533	6.624569	11.392186	6.631516	
1251	nan	nan	nan	nan	nan	nan	-nan	-nan	-nan	
417	nan	nan	nan	nan	nan	nan	-nan	-nan	-nan	
4583	nan	nan	nan	nan	nan	nan	-nan	-nan	-nan	
9599	-7.650842	-7.163766	-9.270874	6.228546	-0.209319	6.598120	6.703741	10.185855	2.864670	
7083	-1.811113	5.914423	8.318202	-5.337006	-16.564630	-2.080976	-15.743333	-19.135937	0.172456	
2083	-16.367106	-3.264341	-7.248222	6.555858	-3.277459	5.575972	6.263386	12.383725	7.301277	
6264	nan	nan	nan	nan	nan	nan	-nan	-nan	-nan	
9602	1.547925	4.330332	5.838940	-2.090741	-16.688828	2.906361	3.569788	9.880462	6.391148	
4588	-3.904353	1.037598	5.565186	-6.948793	-16.266450	-1.404681	-5.684625	-12.238339	-1.131703	
7923	-11.646871	-6.023798	-14.084101	8.109777	1.805335	6.002334	5.969594	12.006670	5.868020	
8755	nan	nan	nan	nan	nan	nan	-nan	-nan	-nan	
423	nan	nan	nan	nan	nan	nan	-nan	-nan	-nan	
1262	-3.103032	5.874196	6.686720	-7.685162	-15.269993	0.079554	-12.390459	-9.986666	2.604364	
8759	nan	nan	nan	nan	nan	nan	-nan	-nan	-nan	
2093	4.035263	8.361595	8.785713	-12.086083	-17.147655	-1.076847	-7.976706	-8.565800	-0.033660	
9613	nan	nan	nan	nan	nan	nan	-nan	-nan	-nan	
1269	nan	nan	nan	nan	nan	nan	-nan	-nan	-nan	
4599	-8.856379	-6.124345	-14.789284	5.409521	0.739091	6.776407	3.390715	10.307055	6.329401	
2931	nan	nan	nan	nan	nan	nan	-nan	-nan	-nan	
5433	4.381397	7.376378	8.598953	-13.795664	-25.589826	-3.147802	-9.803435	-12.506700	-2.111578	
7935	nan	nan	nan	nan	nan	nan	-nan	-nan	-nan	
9618	-9.147185	-3.721594	-5.018477	4.746433	2.970380	8.409718	5.933473	11.682447	5.607590	
7936	nan	nan	nan	nan	nan	nan	-nan	-nan	-nan	
3768	nan	nan	nan	nan	nan	nan	-nan	-nan	-nan	
9620	-10.378561	-1.936242	-11.050329	7.767808	1.814053	6.716276	6.922442	13.197943	6.799467	
439	nan	nan	nan	nan	nan	nan	-nan	-nan	-nan	
7105	-7.392548	-3.667482	-15.878615	6.701523	2.149500	7.979875	2.192693	10.164582	6.034839	
2106	nan	nan	nan	nan	nan	nan	-nan	-nan	-nan	
5440	2.793347	7.225306	7.628082	-9.331482	-21.786304	2.479804	-13.359403	-17.253116	-3.852277	
8774	-10.424695	-0.183396	-16.392382	6.413760	1.330270	6.759112	3.232061	10.428910	7.759957	
4608	-12.032847	-4.250576	-11.811031	5.928072	1.574906	8.661811	5.881825	11.871424	6.598873	
443	nan	nan	nan	nan	nan	nan	-nan	-nan	-nan	
8775	nan	nan	nan	nan	nan	nan	-nan	-nan	-nan	
1280	nan	nan	nan	nan	nan	nan	-nan	-nan	-nan	
7112	-12.194674	-1.393153	-11.500942	6.712481	1.720292	6.962777	6.809032	10.296544	7.028433	
2940	-12.042788	-3.191247	-14.788419	5.397394	2.725152	6.749528	6.027051	11.980717	7.290459	
8777	nan	nan	nan	nan	nan	nan	-nan	-nan	-nan	
8778	nan	nan	nan	nan	nan	nan	-nan	-nan	-nan	
6291	-10.061778	7.285068	6.939320	-10.364633	-16.732327	-1.031610	-13.443746	-17.124279	-2.354453	
2942	-7.691817	-5.799913	-12.502042	2.594644	0.820387	4.962336	6.307876	12.383732	5.961243	
8780	-7.215569	-8.229845	-11.151954	9.038272	-0.584603	4.011046	4.328679	8.500386	5.866843	
5448	nan	nan	nan	nan	nan	nan	-nan	-nan	-nan	
7949	nan	nan	nan	nan	nan	nan	-nan	-nan	-nan	
1287	nan	nan	nan	nan	nan	nan	-nan	-nan	-nan	
5450	-10.976561	-7.307803	-7.730576	5.922729	1.924022	5.057646	6.712955	10.560955	3.981418	
1288	-10.905480	-6.301950	-14.047420	7.448083	0.316584	4.959533	6.163168	10.657663	4.829347	
4619	nan	nan	nan	nan	nan	nan	-nan	-nan	-nan	
6297	2.244166	5.854200	6.882963	-7.187093	-16.270928	-0.202658	-11.284626	-15.372484	-2.660876	
6299	-0.277744	9.670458	7.768070	1.314361	-9.280427	3.530717	-11.881891	-11.023601	4.184567	
454	-9.087621	-8.244586	-0.775187	5.768984	1.810797	8.682330	6.088324	11.868382	6.436865	
6301	nan	nan	nan	nan	nan	nan	-nan	-nan	-nan	
2953	nan	nan	nan	nan	nan	nan	-nan	-nan	-nan	
7127	nan	nan	nan	nan	nan	nan	-nan	-nan	-nan	
5460	nan	nan	nan	nan	nan	nan	-nan	-nan	-nan	
8792	-11.192293	-5.115406	-9.006233	5.488551	1.875192	8.598525	6.553891	10.837378	6.503718	
6307	nan	nan	nan	nan	nan	nan	-nan	-nan	-nan	
1297	nan	nan	nan	nan	nan	nan	-nan	-nan	-nan	
9646	nan	nan	nan	nan	nan	nan	-nan	-nan	-nan	
8793	nan	nan	nan	nan	nan	nan	-nan	-nan	-nan	
6308	nan	nan	nan	nan	nan	nan	-nan	-nan	-nan	
1299	1.496921	6.222354	8.611822	-13.413743	-17.460997	3.302812	-10.916131	-12.725995	1.406081	
463	nan	nan	nan	nan	nan	nan	-nan	-nan	-nan	
6309	-13.182426	-7.082777	-10.713080	7.447744	3.398369	5.954786	6.203716	12.345540	9.031065	
2129	nan	nan	nan	nan	nan	nan	-nan	-nan	-nan	
4636	nan	nan	nan	nan	nan	nan	-nan	-nan	-nan	
9653	nan	nan	nan	nan	nan	nan	-nan	-nan	-nan	
7138	nan	nan	nan	nan	nan	nan	-nan	-nan	-nan	
3803	0.889911	6.828833	5.661349	-6.017390	-17.398548	2.988701	-10.101193	-7.990286	1.924738	
6318	nan	nan	nan	nan	nan	nan	-nan	-nan	-nan	
5472	nan	nan	nan	nan	nan	nan	-nan	-nan	-nan	
7971	2.092752	6.071166	8.970061	-6.448779	-21.372275	2.262439	-9.328427	-6.133167	2.367465	
8805	-11.395463	-6.773104	-7.704366	5.634985	0.936194	6.532398	6.497869	13.102601	8.921418	
5474	nan	nan	nan	nan	nan	nan	-nan	-nan	-nan	
4645	nan	nan	nan	nan	nan	nan	-nan	-nan	-nan	
4646	nan	nan	nan	nan	nan	nan	-nan	-nan	-nan	
9662	nan	nan	nan	nan	nan	nan	-nan	-nan	-nan	
2973	nan	nan	nan	nan	nan	nan	-nan	-nan	-nan	
3809	nan	nan	nan	nan	nan	nan	-nan	-nan	-nan	
4648	nan	nan	nan	nan	nan	nan	-nan	-nan	-nan	
7981	-12.832803	-8.067259	-13.938510	5.939531	-0.283683	2.676133	5.135725	11.120926	7.067179	
2143	4.121414	5.024307	6.375631	-9.340202	-12.416606	8.263584	-3.092682	-2.652368	-0.016383	
2979	nan	nan	nan	nan	nan	nan	-nan	-nan	-nan	
4651	-8.341946	-3.823707	-10.343284	8.419664	1.898294	6.394186	5.210479	11.480548	5.168813	
2144	nan	nan	nan	nan	nan	nan	-nan	-nan	-nan	
8813	-11.748791	-6.800034	-15.685732	7.413177	1.459081	5.483518	6.103821	9.813822	4.635547	
7983	-10.148314	-3.411127	-11.246558	7.284930	3.177638	8.448817	5.185653	10.930523	6.942795	
6332	nan	nan	nan	nan	nan	nan	-nan	-nan	-nan	
9671	-14.409467	-4.956064	-11.984988	5.746342	2.278890	6.888810	6.207535	12.497783	6.950755	
6334	-10.390238	-4.895461	-10.232606	6.575371	3.486367	7.944417	7.160427	11.097039	6.203544	
1322	nan	nan	nan	nan	nan	nan	-nan	-nan	-nan	
4656	nan	nan	nan	nan	nan	nan	-nan	-nan	-nan	
1325	nan	nan	nan	nan	nan	nan	-nan	-nan	-nan	
4658	nan	nan	nan	nan	nan	nan	-nan	-nan	-nan	
7989	-8.215495	-2.690176	-15.930034	6.919030	1.997830	7.437690	4.850757	11.025559	6.226977	
2987	nan	nan	nan	nan	nan	nan	-nan	-nan	-nan	
6338	-4.917384	-6.229551	-10.095235	4.700385	0.150426	5.910904	6.494870	10.498832	7.096122	
491	nan	nan	nan	nan	nan	nan	-nan	-nan	-nan	
2153	nan	nan	nan	nan	nan	nan	-nan	-nan	-nan	
3824	nan	nan	nan	nan	nan	nan	-nan	-nan	-nan	
6339	nan	nan	nan	nan	nan	nan	-nan	-nan	-nan	
3825	nan	nan	nan	nan	nan	nan	-nan	-nan	-nan	
9679	nan	nan	nan	nan	nan	nan	-nan	-nan	-nan	
7160	nan	nan	nan	nan	nan	nan	-nan	-nan	-nan	
4661	-9.478028	-4.123420	-15.704524	5.476163	6.384491	7.329978	8.278642	10.902489	5.421324	
2990	nan	nan	nan	nan	nan	nan	-nan	-nan	-nan	
5495	nan	nan	nan	nan	nan	nan	-nan	-nan	-nan	
4662	nan	nan	nan	nan	nan	nan	-nan	-nan	-nan	
7994	nan	nan	nan	nan	nan	nan	-nan	-nan	-nan	
1332	nan	nan	nan	nan	nan	nan	-nan	-nan	-nan	
5497	-4.996968	4.528834	5.891753	-7.798905	-12.036647	0.183687	-13.923581	-12.943650	-0.494791	
8828	nan	nan	nan	nan	nan	nan	-nan	-nan	-nan	
7996	nan	nan	nan	nan	nan	nan	-nan	-nan	-nan	
2995	nan	nan	nan	nan	nan	nan	-nan	-nan	-nan	
9685	nan	nan	nan	nan	nan	nan	-nan	-nan	-nan	
2163	nan	nan	nan	nan	nan	nan	-nan	-nan	-nan	
6350	nan	nan	nan	nan	nan	nan	-nan	-nan	-nan	
7170	nan	nan	nan	nan	nan	nan	-nan	-nan	-nan	
8836	nan	nan	nan	nan	nan	nan	-nan	-nan	-nan	
9692	nan	nan	nan	nan	nan	nan	-nan	-nan	-nan	
3001	nan	nan	nan	nan	nan	nan	-nan	-nan	-nan	
9694	nan	nan	nan	nan	nan	nan	-nan	-nan	-nan	
5510	nan	nan	nan	nan	nan	nan	-nan	-nan	-nan	
6356	nan	nan	nan	nan	nan	nan	-nan	-nan	-nan	
8008	nan	nan	nan	nan	nan	nan	-nan	-nan	-nan	
510	nan	nan	nan	nan	nan	nan	-nan	-nan	-nan	
9697	0.234666	5.412226	5.497870	-3.215787	-15.459312	-0.953382	-10.092608	-8.301046	1.640198	
1346	nan	nan	nan	nan	nan	nan	-nan	-nan	-nan	
8011	2.714923	8.404788	7.203949	-7.663219	-16.082721	-0.567417	-8.834317	-6.379167	2.593834	
3010	nan	nan	nan	nan	nan	nan	-nan	-nan	-nan	
6363	4.431848	7.459553	9.259898	-5.911756	-20.627420	-0.797932	-11.024753	-11.253978	2.594208	
2178	nan	nan	nan	nan	nan	nan	-nan	-nan	-nan	
8015	-11.592167	-6.651051	-8.956147	7.291759	-1.782575	1.812513	7.070391	12.475155	5.656892	
1353	nan	nan	nan	nan	nan	nan	-nan	-nan	-nan	
6366	nan	nan	nan	nan	nan	nan	-nan	-nan	-nan	
8017	nan	nan	nan	nan	nan	nan	-nan	-nan	-nan	
1355	nan	nan	nan	nan	nan	nan	-nan	-nan	-nan	
523	nan	nan	nan	nan	nan	nan	-nan	-nan	-nan	
524	-4.399335	2.066468	7.366441	-6.163652	-13.882945	-2.297481	-7.377498	-11.592626	-1.537917	
7188	3.203642	7.455850	6.401281	-3.918877	-16.332282	0.244883	-5.867690	-2.427104	3.746266	
4688	-8.054549	-1.216112	-7.195907	5.803242	-3.114456	4.165086	6.206007	12.162394	6.928794	
3020	nan	nan	nan	nan	nan	nan	-nan	-nan	-nan	
3857	-11.545664	-5.086983	-10.161159	7.866418	6.939397	5.690777	4.234843	10.100187	5.100264	
3858	nan	nan	nan	nan	nan	nan	-nan	-nan	-nan	
9714	-6.810839	-2.850537	-9.544971	7.632414	-4.611015	-0.809308	7.326410	9.966206	7.017294	
6374	-9.274624	-5.620556	-10.929241	7.241067	0.028384	6.584926	6.094670	10.487296	3.953497	
4694	-6.290119	2.970772	7.240021	-4.777972	-14.897982	4.136156	-8.756686	-6.804146	2.020592	
6375	-9.379341	-10.206534	-8.293312	5.658433	-1.878736	5.110075	3.995393	9.504443	4.444224	
533	-10.302070	-5.034946	-9.446131	9.585422	4.896471	7.033565	9.353272	10.882679	2.685569	
5535	4.310219	-3.795314	-5.419526	5.590668	-2.826903	4.220532	7.052810	8.419043	5.069431	
535	nan	nan	nan	nan	nan	nan	-nan	-nan	-nan	
4699	nan	nan	nan	nan	nan	nan	-nan	-nan	-nan	
3864	2.782700	6.788170	7.082488	-3.711650	-15.006869	2.934409	-14.446618	-12.202438	2.319672	
537	-7.422224	0.748032	7.184313	-8.949548	-11.294211	0.838565	-10.621881	-11.955690	-0.242941	
4701	nan	nan	nan	nan	nan	nan	-nan	-nan	-nan	
2197	nan	nan	nan	nan	nan	nan	-nan	-nan	-nan	
5541	-9.208419	-0.418798	1.579223	6.234171	-4.041872	4.625747	4.303887	11.053316	8.087722	
5543	-7.295354	-12.024544	-6.588304	3.840688	5.858261	8.108079	7.439698	12.776742	6.103919	
2202	nan	nan	nan	nan	nan	nan	-nan	-nan	-nan	
3035	nan	nan	nan	nan	nan	nan	-nan	-nan	-nan	
3872	3.265867	4.978158	8.666731	-16.790406	-20.114390	-0.592057	-7.552118	-13.073291	-2.499236	
8043	nan	nan	nan	nan	nan	nan	-nan	-nan	-nan	
1378	nan	nan	nan	nan	nan	nan	-nan	-nan	-nan	
7210	nan	nan	nan	nan	nan	nan	-nan	-nan	-nan	
8876	nan	nan	nan	nan	nan	nan	-nan	-nan	-nan	
4713	-6.823785	1.195273	7.748550	-10.396334	-15.586117	-0.673043	-7.956278	-15.979327	-2.207400	
7214	nan	nan	nan	nan	nan	nan	-nan	-nan	-nan	
4714	nan	nan	nan	nan	nan	nan	-nan	-nan	-nan	
8049	nan	nan	nan	nan	nan	nan	-nan	-nan	-nan	
2211	-10.140415	-7.179466	-10.867554	7.706917	-0.302032	6.299565	6.327255	11.605426	8.062953	
3880	-9.012797	-6.649300	-10.190993	9.481101	1.505102	7.038393	7.423592	10.106870	7.180829	
6395	nan	nan	nan	nan	nan	nan	-nan	-nan	-nan	
6396	-1.177694	5.839711	7.993866	-9.366297	-14.274314	-3.377281	-11.654745	-13.365268	-2.412476	
3882	2.384037	6.607789	4.929792	-4.698060	-18.379847	0.090974	-11.973329	-15.813389	0.538248	
5554	nan	nan	nan	nan	nan	nan	-nan	-nan	-nan	
556	-9.093121	-4.549550	-7.810956	6.608779	2.726563	6.431640	6.550141	11.877376	5.182342	
4720	nan	nan	nan	nan	nan	nan	-nan	-nan	-nan	
5556	nan	nan	nan	nan	nan	nan	-nan	-nan	-nan	
8885	nan	nan	nan	nan	nan	nan	-nan	-nan	-nan	
8886	nan	nan	nan	nan	nan	nan	-nan	-nan	-nan	
559	nan	nan	nan	nan	nan	nan	-nan	-nan	-nan	
8887	-0.352248	6.433628	6.215823	-9.257225	-16.241006	0.188879	-9.266006	-12.599721	0.680728	
9742	-12.233921	-2.328126	-5.149688	5.618829	-0.231392	6.679538	5.651196	11.697708	8.148611	
4723	-9.525450	-1.427510	-12.794195	4.496296	0.322621	5.465080	4.700125	11.339617	8.863828	
3051	-8.515507	-9.368640	-14.986034	6.720064	1.509909	4.026661	3.493604	8.614955	5.182527	
8893	4.633986	6.469942	6.518470	-11.009532	-13.913050	1.737749	-17.718642	-20.000601	-1.273512	
563	-11.015725	-6.232266	-14.168860	6.666066	2.966270	7.166176	5.531367	7.845370	5.265552	
4727	-11.748483	-4.026376	-14.037155	0.007388	-2.254854	4.981839	5.976332	8.678933	1.957907	
3054	-3.178453	-9.612645	-5.604030	2.084865	-7.405908	-3.512961	7.265070	8.762799	4.825522	
5564	nan	nan	nan	nan	nan	nan	-nan	-nan	-nan	
8897	nan	nan	nan	nan	nan	nan	-nan	-nan	-nan	
9751	nan	nan	nan	nan	nan	nan	-nan	-nan	-nan	
2226	-5.755113	-7.025448	-14.744375	6.998279	3.485078	5.503981	6.894095	12.405025	7.240006	
3895	nan	nan	nan	nan	nan	nan	-nan	-nan	-nan	
3897	-10.251258	-2.325374	-5.486878	7.036004	-0.656061	6.734129	6.549051	12.602559	6.323159	
4737	nan	nan	nan	nan	nan	nan	-nan	-nan	-nan	
9756	nan	nan	nan	nan	nan	nan	-nan	-nan	-nan	
8904	-9.399207	-4.820434	-10.002182	6.983467	1.102616	6.190882	6.794376	10.720584	5.435165	
576	-0.742274	7.348197	8.484918	-10.378163	-13.432633	0.719257	-11.904138	-16.909510	-3.944042	
6413	-8.362652	-2.177898	-8.817469	8.545126	-0.328842	6.048377	6.245345	12.557874	6.541697	
8072	nan	nan	nan	nan	nan	nan	-nan	-nan	-nan	
9759	4.075410	1.552856	6.537076	-8.640807	-18.905683	4.179842	-7.019611	-11.690805	-0.966068	
7239	nan	nan	nan	nan	nan	nan	-nan	-nan	-nan	
5581	nan	nan	nan	nan	nan	nan	-nan	-nan	-nan	
3068	3.231023	9.561691	8.413737	-7.103680	-16.196543	-0.109675	-8.440143	-2.430876	5.123188	
8909	nan	nan	nan	nan	nan	nan	-nan	-nan	-nan	
4744	nan	nan	nan	nan	nan	nan	-nan	-nan	-nan	
3908	-5.586133	2.412921	6.094502	-2.869569	-8.211995	4.372383	1.769981	7.788004	6.184345	
583	nan	nan	nan	nan	nan	nan	-nan	-nan	-nan	
6422	nan	nan	nan	nan	nan	nan	-nan	-nan	-nan	
9767	nan	nan	nan	nan	nan	nan	-nan	-nan	-nan	
5586	nan	nan	nan	nan	nan	nan	-nan	-nan	-nan	
7244	-9.147804	-3.391007	-7.708513	5.998309	-0.514838	7.021354	5.543396	11.645145	6.129604	
8081	nan	nan	nan	nan	nan	nan	-nan	-nan	-nan	
3913	nan	nan	nan	nan	nan	nan	-nan	-nan	-nan	
8916	-3.076836	-5.088991	-10.738875	6.339534	2.143452	9.194196	8.953998	12.119713	6.504200	
9772	-5.776817	6.007418	7.347698	-3.559288	-13.446419	2.078695	-14.003873	-10.138550	4.170264	
590	-13.376455	-4.002688	-12.042520	7.188665	0.311858	6.932623	6.142426	7.243142	2.040687	
3079	nan	nan	nan	nan	nan	nan	-nan	-nan	-nan	
3918	-10.975197	-8.893955	-11.155699	6.658115	-0.681389	4.389625	5.202146	12.463854	5.409536	
6431	nan	nan	nan	nan	nan	nan	-nan	-nan	-nan	
7252	nan	nan	nan	nan	nan	nan	-nan	-nan	-nan	
593	nan	nan	nan	nan	nan	nan	-nan	-nan	-nan	
3919	nan	nan	nan	nan	nan	nan	-nan	-nan	-nan	
1424	nan	nan	nan	nan	nan	nan	-nan	-nan	-nan	
5594	nan	nan	nan	nan	nan	nan	-nan	-nan	-nan	
8924	-10.751177	-4.890795	-13.284173	7.348808	1.933133	7.832888	5.238310	11.984866	8.661616	
9777	-8.334754	-3.216557	-13.587681	9.003963	0.235059	8.394433	7.068218	13.419951	7.168797	
5596	nan	nan	nan	nan	nan	nan	-nan	-nan	-nan	
3085	nan	nan	nan	nan	nan	nan	-nan	-nan	-nan	
597	-7.003413	-2.663008	-14.954534	8.975046	2.354484	7.333726	5.695193	12.447553	6.650380	
7257	-4.710582	-5.607628	-11.312323	6.210749	0.097891	7.071219	7.580257	12.162592	6.407844	
3088	1.235177	5.644231	7.182211	-12.330221	-23.403384	1.031195	-9.469578	-6.284652	2.232638	
1432	nan	nan	nan	nan	nan	nan	-nan	-nan	-nan	
3926	-5.053771	-4.651594	-11.019256	7.270681	3.731603	5.268298	7.122857	12.073038	6.930392	
3089	nan	nan	nan	nan	nan	nan	-nan	-nan	-nan	
601	1.266423	7.334586	6.426255	-0.764233	-16.089329	1.913071	-12.535980	-9.805500	3.117436	
8931	nan	nan	nan	nan	nan	nan	-nan	-nan	-nan	
8098	-11.007883	-4.822868	-10.989610	6.544978	1.616553	7.851899	5.825789	11.666850	7.887516	
5602	nan	nan	nan	nan	nan	nan	-nan	-nan	-nan	
4766	nan	nan	nan	nan	nan	nan	-nan	-nan	-nan	
4768	nan	nan	nan	nan	nan	nan	-nan	-nan	-nan	
5604	-4.542534	-11.651984	-7.623220	5.214440	-5.823357	-1.303853	5.885919	12.589341	7.000202	
8934	nan	nan	nan	nan	nan	nan	-nan	-nan	-nan	
7266	-13.309286	-4.529454	-8.698269	7.024333	2.628856	5.625764	4.670039	11.390548	8.435585	
6445	nan	nan	nan	nan	nan	nan	-nan	-nan	-nan	
5607	nan	nan	nan	nan	nan	nan	-nan	-nan	-nan	
2266	-8.946503	-5.992309	-10.713146	6.422271	-0.275667	3.480804	5.578948	10.108152	4.905783	
609	nan	nan	nan	nan	nan	nan	-nan	-nan	-nan	
5609	-12.867416	-1.631767	-13.681869	7.776507	0.476245	5.842094	6.256914	11.810215	5.840683	
4774	nan	nan	nan	nan	nan	nan	-nan	-nan	-nan	
5610	-8.411046	-6.961687	-9.419421	7.020238	1.780228	6.357083	7.005619	9.691444	5.857619	
7270	-14.420887	-2.600275	-13.559515	7.837527	0.238186	6.961444	6.771378	10.452029	4.116860	
8108	nan	nan	nan	nan	nan	nan	-nan	-nan	-nan	
4779	nan	nan	nan	nan	nan	nan	-nan	-nan	-nan	
9797	-7.543276	-4.117316	-10.102377	7.518617	-0.977735	6.264336	5.974102	11.782052	5.075085	
6451	-9.695001	-0.195348	-13.899572	6.473704	1.889742	7.013744	6.826703	12.739910	6.189060	
616	-15.317885	-4.275432	-10.180778	7.632414	0.615019	6.675243	6.817617	12.890619	7.876364	
8945	nan	nan	nan	nan	nan	nan	-nan	-nan	-nan	
6452	-8.669588	-4.708469	-9.081433	6.319601	-1.623364	3.862952	8.163926	9.683156	4.389146	
3103	-11.744618	-0.694834	-8.085284	7.156589	0.412975	8.562404	7.125966	11.845512	8.451793	
4782	nan	nan	nan	nan	nan	nan	-nan	-nan	-nan	
2277	-11.088249	-5.765649	-9.635429	6.010450	1.052674	6.604447	6.754097	9.686547	3.856578	
9801	2.883195	0.159347	-5.123533	1.409479	-8.228760	-1.116688	6.435577	12.220609	6.591591	
6456	3.718228	6.257841	8.584971	-9.040201	-21.735269	1.569943	-8.345175	-13.293938	-1.846070	
6457	nan	nan	nan	nan	nan	nan	-nan	-nan	-nan	
2279	nan	nan	nan	nan	nan	nan	-nan	-nan	-nan	
1451	nan	nan	nan	nan	nan	nan	-nan	-nan	-nan	
3110	-14.671039	-4.253710	-11.592724	6.940235	-0.993851	6.477374	6.141849	11.140730	4.621337	
3112	2.412754	6.517152	7.465685	-7.228109	-17.280831	0.564723	-6.380423	-4.433500	2.036754	
7285	nan	nan	nan	nan	nan	nan	-nan	-nan	-nan	
3954	-6.540792	-8.213653	-6.374772	7.095702	2.008167	7.549965	8.053388	11.996021	6.606895	
3116	-13.762308	-8.619813	-11.037794	6.220850	-0.297776	6.413903	7.300426	11.181956	4.873805	
5628	nan	nan	nan	nan	nan	nan	-nan	-nan	-nan	
5629	nan	nan	nan	nan	nan	nan	-nan	-nan	-nan	
1459	nan	nan	nan	nan	nan	nan	-nan	-nan	-nan	
3118	nan	nan	nan	nan	nan	nan	-nan	-nan	-nan	
6468	-2.556505	6.705086	5.389505	-6.292523	-19.999084	0.059032	-9.743863	-18.251597	-3.713177	
3121	nan	nan	nan	nan	nan	nan	-nan	-nan	-nan	
5634	-10.375790	3.129815	6.824218	-5.214641	-12.990605	0.669433	-9.454054	-10.170099	-0.599194	
2292	-2.450570	5.481848	6.680955	-9.625082	-11.657412	4.632997	-11.432809	-15.824358	-0.997685	
2293	nan	nan	nan	nan	nan	nan	-nan	-nan	-nan	
1464	-7.332728	-7.696319	-10.887751	5.789502	-0.019271	6.932702	5.160862	10.813482	6.150345	
5637	nan	nan	nan	nan	nan	nan	-nan	-nan	-nan	
6472	-2.388025	-6.432390	-10.059264	8.788549	1.748039	7.217321	6.568718	11.359992	5.581728	
638	-7.585658	-4.474552	-11.434695	5.231826	0.640795	6.376201	6.931613	11.716498	6.277806	
5640	nan	nan	nan	nan	nan	nan	-nan	-nan	-nan	
8968	-12.210849	-9.074812	-6.547991	4.237021	1.294822	8.048240	5.945815	11.118014	6.229222	
8970	nan	nan	nan	nan	nan	nan	-nan	-nan	-nan	
4805	nan	nan	nan	nan	nan	nan	-nan	-nan	-nan	
8138	-9.426936	0.111536	6.197236	-3.106586	-11.274151	3.611709	-8.117534	-11.557739	0.631164	
2301	nan	nan	nan	nan	nan	nan	-nan	-nan	-nan	
7302	-13.271629	-8.297667	-5.258834	6.623811	-0.773983	4.302253	4.548269	9.945115	7.177656	
6479	nan	nan	nan	nan	nan	nan	-nan	-nan	-nan	
4807	nan	nan	nan	nan	nan	nan	-nan	-nan	-nan	
6482	nan	nan	nan	nan	nan	nan	-nan	-nan	-nan	
8141	-9.012159	-1.690797	-4.646022	6.941761	-1.025506	9.399904	5.878003	11.239751	7.546699	
1479	nan	nan	nan	nan	nan	nan	-nan	-nan	-nan	
6488	nan	nan	nan	nan	nan	nan	-nan	-nan	-nan	
8980	nan	nan	nan	nan	nan	nan	-nan	-nan	-nan	
8981	nan	nan	nan	nan	nan	nan	-nan	-nan	-nan	
1481	-13.208298	-3.619455	-17.409435	7.136503	2.517286	5.424180	7.359636	12.700937	5.590783	
6489	-10.564591	-4.989609	-11.266867	5.041935	-3.002063	9.078152	9.115755	11.346427	8.460457	
8148	nan	nan	nan	nan	nan	nan	-nan	-nan	-nan	
5655	nan	nan	nan	nan	nan	nan	-nan	-nan	-nan	
7314	-15.800397	-4.969015	-3.781363	6.912379	0.856490	6.317116	6.197302	10.946649	8.327672	
5657	0.341028	5.820520	8.280465	-4.951271	-17.281757	-0.138399	-9.397983	-9.144371	4.062240	
3147	nan	nan	nan	nan	nan	nan	-nan	-nan	-nan	
3985	-3.991223	1.262398	6.559873	-7.952127	-13.509206	3.912927	-5.977081	-11.828707	-3.912770	
9837	nan	nan	nan	nan	nan	nan	-nan	-nan	-nan	
1492	nan	nan	nan	nan	nan	nan	-nan	-nan	-nan	
2321	nan	nan	nan	nan	nan	nan	-nan	-nan	-nan	
1495	nan	nan	nan	nan	nan	nan	-nan	-nan	-nan	
8994	nan	nan	nan	nan	nan	nan	-nan	-nan	-nan	
8159	-11.340552	-7.739148	-12.397148	6.310087	0.271287	4.501401	7.142522	11.884175	5.730725	
7325	nan	nan	nan	nan	nan	nan	-nan	-nan	-nan	
3991	-12.207289	-2.831830	-12.172138	6.765331	0.426367	6.631773	6.014892	12.395300	6.642945	
1499	nan	nan	nan	nan	nan	nan	-nan	-nan	-nan	
668	-12.063810	-3.587096	-9.709599	7.357309	2.321118	6.422899	5.138015	12.039207	6.810942	
7327	nan	nan	nan	nan	nan	nan	-nan	-nan	-nan	
5674	nan	nan	nan	nan	nan	nan	-nan	-nan	-nan	
1506	-3.406296	1.661975	8.232866	-11.541172	-14.051943	-0.774808	-10.893397	-15.954781	-2.844410	
6512	nan	nan	nan	nan	nan	nan	-nan	-nan	-nan	
4838	-14.639048	-4.119393	-14.546720	3.086929	-1.184659	8.120780	6.217450	11.090284	5.077967	
8167	nan	nan	nan	nan	nan	nan	-nan	-nan	-nan	
3164	nan	nan	nan	nan	nan	nan	-nan	-nan	-nan	
9006	nan	nan	nan	nan	nan	nan	-nan	-nan	-nan	
6514	nan	nan	nan	nan	nan	nan	-nan	-nan	-nan	
5677	-12.607868	-5.548291	-15.260588	7.362010	0.368440	6.802233	2.489043	9.267180	6.387166	
5678	3.913168	6.892881	6.566035	-11.592095	-17.926329	-0.039568	-8.477349	-14.463775	-1.376607	
679	nan	nan	nan	nan	nan	nan	-nan	-nan	-nan	
9010	nan	nan	nan	nan	nan	nan	-nan	-nan	-nan	
9858	4.610659	3.685308	-1.259755	4.745397	-6.239294	-1.142416	4.613634	9.726654	5.873432	
681	nan	nan	nan	nan	nan	nan	-nan	-nan	-nan	
4007	nan	nan	nan	nan	nan	nan	-nan	-nan	-nan	
1514	nan	nan	nan	nan	nan	nan	-nan	-nan	-nan	
8174	nan	nan	nan	nan	nan	nan	-nan	-nan	-nan	
6522	nan	nan	nan	nan	nan	nan	-nan	-nan	-nan	
7349	nan	nan	nan	nan	nan	nan	-nan	-nan	-nan	
2346	nan	nan	nan	nan	nan	nan	-nan	-nan	-nan	
4856	nan	nan	nan	nan	nan	nan	-nan	-nan	-nan	
2350	-5.871332	-5.535087	-10.732373	4.663750	2.014664	6.751092	5.609974	7.328764	3.227337	
696	nan	nan	nan	nan	nan	nan	-nan	-nan	-nan	
7353	-10.906577	-5.681016	-5.056627	7.919276	4.197598	7.681199	6.534097	12.895592	7.390175	
4017	nan	nan	nan	nan	nan	nan	-nan	-nan	-nan	
4018	nan	nan	nan	nan	nan	nan	-nan	-nan	-nan	
1528	-10.933241	-5.109661	-13.218660	4.595402	0.532316	6.758385	6.352297	13.217109	8.296609	
8188	nan	nan	nan	nan	nan	nan	-nan	-nan	-nan	
7359	3.593020	2.214577	6.190419	-9.596531	-18.243027	-1.164610	-5.430699	-8.784120	-2.169327	
9878	2.508829	8.554819	6.874576	-6.361547	-20.523246	-2.865830	-12.711502	-11.941540	0.491513	
8190	nan	nan	nan	nan	nan	nan	-nan	-nan	-nan	
2357	nan	nan	nan	nan	nan	nan	-nan	-nan	-nan	
8191	nan	nan	nan	nan	nan	nan	-nan	-nan	-nan	
4024	2.967827	7.405253	4.923900	-5.222005	-14.991666	0.669199	-9.830523	-14.975274	-4.071234	
7362	nan	nan	nan	nan	nan	nan	-nan	-nan	-nan	
1532	nan	nan	nan	nan	nan	nan	-nan	-nan	-nan	
4867	nan	nan	nan	nan	nan	nan	-nan	-nan	-nan	
705	-7.034999	-5.118780	-14.570346	5.946012	2.356783	6.281979	9.348149	10.606158	4.684374	
5702	nan	nan	nan	nan	nan	nan	-nan	-nan	-nan	
9032	nan	nan	nan	nan	nan	nan	-nan	-nan	-nan	
4028	-10.797010	-5.339885	-10.705070	2.319311	0.715243	6.466850	1.186300	7.328656	7.484516	
6541	nan	nan	nan	nan	nan	nan	-nan	-nan	-nan	
6542	2.508760	1.887872	8.519843	1.486571	-14.588450	1.057831	-0.775243	5.994100	6.818557	
4874	nan	nan	nan	nan	nan	nan	-nan	-nan	-nan	
7371	nan	nan	nan	nan	nan	nan	-nan	-nan	-nan	
7372	nan	nan	nan	nan	nan	nan	-nan	-nan	-nan	
4876	-5.380298	0.020827	-10.894112	6.834985	1.413799	6.418839	6.820064	13.507310	6.626054	
9042	1.003144	8.605092	8.502640	-6.602739	-16.785032	0.693667	-14.586722	-12.778864	2.126475	
8204	-12.099788	-1.185824	-10.891941	5.084429	0.654297	8.084064	4.063373	10.732272	5.850470	
1545	nan	nan	nan	nan	nan	nan	-nan	-nan	-nan	
9045	-4.663971	2.280045	6.916446	-0.029150	-14.294237	1.396397	-0.063890	7.515457	7.748491	
6551	-10.128027	-6.824199	-7.525752	6.727232	0.432364	8.061857	6.510246	13.698036	8.516198	
5715	-12.902706	-1.103984	-9.075358	7.263990	0.204765	4.697470	4.752134	11.997905	7.657770	
7378	nan	nan	nan	nan	nan	nan	-nan	-nan	-nan	
1546	nan	nan	nan	nan	nan	nan	-nan	-nan	-nan	
719	-12.936141	-6.960570	-7.826124	7.541826	2.432760	7.345730	5.262362	12.485500	6.873040	
5716	nan	nan	nan	nan	nan	nan	-nan	-nan	-nan	
4041	nan	nan	nan	nan	nan	nan	-nan	-nan	-nan	
4044	nan	nan	nan	nan	nan	nan	-nan	-nan	-nan	
7382	nan	nan	nan	nan	nan	nan	-nan	-nan	-nan	
3208	nan	nan	nan	nan	nan	nan	-nan	-nan	-nan	
4886	nan	nan	nan	nan	nan	nan	-nan	-nan	-nan	
3210	-10.766175	-2.019039	-10.200246	7.062123	6.316841	6.881738	7.072523	12.082255	6.290073	
5722	-9.753130	-7.228921	-11.048167	5.181758	-2.039641	2.526241	5.637101	12.785932	5.999064	
727	nan	nan	nan	nan	nan	nan	-nan	-nan	-nan	
3211	2.123577	6.040490	6.644946	-3.519359	-11.031575	1.658892	-0.261972	5.366802	5.500088	
7385	nan	nan	nan	nan	nan	nan	-nan	-nan	-nan	
9903	nan	nan	nan	nan	nan	nan	-nan	-nan	-nan	
3212	6.391638	-1.615908	-3.838662	6.048205	-4.788119	7.139595	4.462654	8.530106	7.766618	
3217	nan	nan	nan	nan	nan	nan	-nan	-nan	-nan	
733	nan	nan	nan	nan	nan	nan	-nan	-nan	-nan	
6565	nan	nan	nan	nan	nan	nan	-nan	-nan	-nan	
4055	nan	nan	nan	nan	nan	nan	-nan	-nan	-nan	
4896	-11.699963	-1.095557	-7.017491	7.686923	1.450243	6.783847	5.506014	10.312714	3.394048	
737	nan	nan	nan	nan	nan	nan	-nan	-nan	-nan	
4059	2.603268	5.730813	8.415096	-4.395045	-23.300638	-3.925885	-11.229855	-11.278326	-0.522893	
5733	0.911791	8.639180	5.462247	-8.842451	-10.302379	2.605019	-9.582020	-13.058570	-2.617514	
9064	nan	nan	nan	nan	nan	nan	-nan	-nan	-nan	
9916	-6.396702	0.992514	6.994639	-4.881635	-12.162957	-0.393700	-6.991676	-3.916866	3.023764	
2393	-12.397634	-6.027712	-9.192653	8.080803	0.599755	5.317461	6.851314	10.088664	4.037239	
1568	-5.573005	4.097828	6.515614	-3.387014	-15.579776	-2.094868	-7.564733	-8.418168	3.746938	
742	nan	nan	nan	nan	nan	nan	-nan	-nan	-nan	
2394	-9.485303	-9.460172	-12.109262	6.428579	1.280911	6.079589	5.431315	11.288622	6.243684	
2395	nan	nan	nan	nan	nan	nan	-nan	-nan	-nan	
5739	nan	nan	nan	nan	nan	nan	-nan	-nan	-nan	
9068	nan	nan	nan	nan	nan	nan	-nan	-nan	-nan	
9069	-12.991674	-3.648576	-11.962901	5.691198	5.167899	6.826080	6.304186	9.927583	7.003570	
5740	-11.960575	-7.036159	-10.145624	5.093945	2.573946	5.445301	7.133191	11.339860	5.938407	
7403	-16.026759	-8.427765	-12.149287	5.374874	0.443771	6.275083	6.364915	11.979551	6.069130	
4906	-8.593991	1.122022	6.683394	-8.747940	-12.632178	-1.285196	-5.896849	-10.432878	-2.267261	
4068	nan	nan	nan	nan	nan	nan	-nan	-nan	-nan	
9923	-10.988358	-2.950568	-17.708326	5.973922	2.310826	7.233834	7.216732	12.869760	5.504758	
9072	nan	nan	nan	nan	nan	nan	-nan	-nan	-nan	
3232	2.278969	5.198765	8.135404	-3.202082	-17.901989	2.066374	-9.273273	-7.132204	2.504227	
6579	nan	nan	nan	nan	nan	nan	-nan	-nan	-nan	
4071	3.517590	5.142056	9.332674	-15.205287	-18.781128	-0.907285	-10.006474	-10.804549	-1.301760	
7408	1.152862	4.911080	9.407321	-6.953069	-19.811442	2.973252	-10.999115	-15.721579	-2.833989	
8235	nan	nan	nan	nan	nan	nan	-nan	-nan	-nan	
751	nan	nan	nan	nan	nan	nan	-nan	-nan	-nan	
9077	nan	nan	nan	nan	nan	nan	-nan	-nan	-nan	
7410	-5.181363	6.417815	8.009131	-5.646352	-14.179790	-4.826711	-12.912314	-11.911775	2.649616	
4912	-15.576765	0.927326	-11.211260	4.549359	4.035642	6.786881	5.591451	11.784878	6.201948	
8237	-9.582928	1.145537	7.272031	-2.675941	-20.165315	0.965649	-11.698839	-11.623539	2.478526	
9928	nan	nan	nan	nan	nan	nan	-nan	-nan	-nan	
1579	nan	nan	nan	nan	nan	nan	-nan	-nan	-nan	
2406	-12.155339	-3.027973	-7.939104	7.583379	5.310408	4.183377	4.247722	9.602690	6.107427	
8239	nan	nan	nan	nan	nan	nan	-nan	-nan	-nan	
3240	nan	nan	nan	nan	nan	nan	-nan	-nan	-nan	
7414	-8.150592	-6.175632	-11.162727	6.317070	-1.131707	9.221031	5.680106	11.934024	6.297240	
9081	2.830384	6.168716	6.861774	-1.060586	-16.268683	1.447382	-12.008402	-8.333645	3.755250	
5753	3.290302	7.375114	8.565911	-12.494794	-20.091157	-2.298913	-11.194288	-15.862874	-5.073603	
4081	nan	nan	nan	nan	nan	nan	-nan	-nan	-nan	
9084	nan	nan	nan	nan	nan	nan	-nan	-nan	-nan	
6592	nan	nan	nan	nan	nan	nan	-nan	-nan	-nan	
2412	-8.604435	-2.803974	-7.522654	7.851553	2.638463	5.733595	8.378198	9.676008	4.515854	
6593	nan	nan	nan	nan	nan	nan	-nan	-nan	-nan	
9935	-11.570459	1.825201	-10.883123	5.004933	0.554521	4.880001	3.402058	8.822679	8.725484	
2413	nan	nan	nan	nan	nan	nan	-nan	-nan	-nan	
7419	-5.045385	2.718404	5.475171	-7.169874	-8.453655	1.816049	-2.361597	-0.335514	2.011287	
4085	-13.179663	-2.138991	-12.169240	5.178190	1.817558	4.586412	4.408599	11.072147	6.818404	
7420	nan	nan	nan	nan	nan	nan	-nan	-nan	-nan	
7421	nan	nan	nan	nan	nan	nan	-nan	-nan	-nan	
3249	nan	nan	nan	nan	nan	nan	-nan	-nan	-nan	
6596	-8.710856	-0.143349	-12.870387	7.636958	1.226229	8.894878	7.478894	12.912146	7.449452	
8248	2.514037	8.560886	4.756743	-7.221237	-20.463500	-3.801275	-11.337303	-8.938840	2.568426	
9941	nan	nan	nan	nan	nan	nan	-nan	-nan	-nan	
4090	2.169049	8.648059	5.825843	-8.454027	-20.844052	2.285012	-11.797550	-16.095440	-4.500722	
8252	-7.249868	-2.460728	-10.263420	5.511639	0.582965	5.022887	6.227942	11.873896	7.616512	
6601	nan	nan	nan	nan	nan	nan	-nan	-nan	-nan	
3254	nan	nan	nan	nan	nan	nan	-nan	-nan	-nan	
5764	nan	nan	nan	nan	nan	nan	-nan	-nan	-nan	
4928	nan	nan	nan	nan	nan	nan	-nan	-nan	-nan	
9944	nan	nan	nan	nan	nan	nan	-nan	-nan	-nan	
7429	-11.340079	-7.027427	-9.782810	6.326790	-0.447533	9.806937	6.360222	11.074893	4.638886	
4096	nan	nan	nan	nan	nan	nan	-nan	-nan	-nan	
769	nan	nan	nan	nan	nan	nan	-nan	-nan	-nan	
7432	1.868062	3.341043	7.298750	-3.471532	-21.110201	0.590380	-6.025759	-5.892627	0.866151	
1599	-6.966746	-7.073471	-11.591874	5.420290	2.546748	6.847672	7.192469	11.479095	4.502677	
9099	-12.658239	-3.032642	-9.685539	8.168812	0.444334	5.249843	5.631093	11.965349	7.977988	
9950	-12.046875	1.439552	-12.287640	7.287185	1.081475	6.633870	6.213782	11.910683	6.182436	
772	0.661989	6.840394	6.153354	-9.986777	-18.798006	-1.852299	-14.255216	-14.298895	0.383621	
4100	nan	nan	nan	nan	nan	nan	-nan	-nan	-nan	
5772	nan	nan	nan	nan	nan	nan	-nan	-nan	-nan	
9103	nan	nan	nan	nan	nan	nan	-nan	-nan	-nan	
8262	nan	nan	nan	nan	nan	nan	-nan	-nan	-nan	
5776	-6.094275	-3.331197	-8.158901	-1.786640	-6.323085	2.630373	4.388590	8.956031	7.176900	
777	-1.331463	4.921003	7.700306	-13.366823	-11.698107	-1.583552	-5.344018	-5.092736	1.129091	
8265	-12.697091	-5.749304	-12.075512	5.495026	2.579214	9.020595	6.845233	12.436422	6.081234	
5778	5.873331	8.856113	7.834484	-6.143848	-22.465418	-0.429429	-11.409478	-9.218531	2.183249	
9108	-7.548993	-5.626335	-9.300842	7.287184	4.030536	9.233802	5.765910	11.174513	6.306562	
3269	nan	nan	nan	nan	nan	nan	-nan	-nan	-nan	
4110	nan	nan	nan	nan	nan	nan	-nan	-nan	-nan	
1610	nan	nan	nan	nan	nan	nan	-nan	-nan	-nan	
9960	nan	nan	nan	nan	nan	nan	-nan	-nan	-nan	
8269	nan	nan	nan	nan	nan	nan	-nan	-nan	-nan	
2437	3.738059	1.774958	5.562391	-4.882105	-15.803563	2.175072	-0.258747	-2.438827	-0.976969	
1612	-9.239895	-6.239722	-8.648633	3.845847	-0.045108	7.882436	4.517434	11.511265	6.681066	
2438	2.994253	8.205899	7.546191	-7.412379	-21.904302	-2.309823	-11.284280	-15.159127	-3.520626	
9963	nan	nan	nan	nan	nan	nan	-nan	-nan	-nan	
2439	-8.057349	1.499098	-7.035038	3.728615	-4.946320	-1.264104	7.227909	11.155135	8.302337	
5785	-13.895177	-6.187183	-13.796449	7.803210	0.951716	5.334591	6.194199	13.078709	7.131791	
5786	nan	nan	nan	nan	nan	nan	-nan	-nan	-nan	
1617	nan	nan	nan	nan	nan	nan	-nan	-nan	-nan	
9118	nan	nan	nan	nan	nan	nan	-nan	-nan	-nan	
9119	4.254727	7.332924	7.276799	-4.535045	-23.536983	-0.069057	-7.566898	-9.055367	-1.291487	
793	nan	nan	nan	nan	nan	nan	-nan	-nan	-nan	
9120	nan	nan	nan	nan	nan	nan	-nan	-nan	-nan	
3281	-2.796444	0.160976	6.890154	-5.487678	-11.342685	-0.071936	-3.488079	-4.207133	-0.120448	
7453	-7.930561	4.039896	6.090098	-9.569800	-16.695854	-0.895265	-13.811177	-14.178620	0.198493	
4957	nan	nan	nan	nan	nan	nan	-nan	-nan	-nan	
3282	nan	nan	nan	nan	nan	nan	-nan	-nan	-nan	
6627	nan	nan	nan	nan	nan	nan	-nan	-nan	-nan	
2446	-13.240405	0.038395	-13.329582	5.219978	0.719680	5.771552	3.741095	9.174864	4.666364	
3284	nan	nan	nan	nan	nan	nan	-nan	-nan	-nan	
8281	-9.922676	-8.493930	-10.706814	6.342545	1.599779	6.804613	7.470399	11.605249	6.066142	
9125	nan	nan	nan	nan	nan	nan	-nan	-nan	-nan	
799	-4.528550	-4.252162	-14.166990	9.372733	-0.767361	8.962739	6.199078	11.355221	6.060255	
1625	nan	nan	nan	nan	nan	nan	-nan	-nan	-nan	
2449	nan	nan	nan	nan	nan	nan	-nan	-nan	-nan	
2450	nan	nan	nan	nan	nan	nan	-nan	-nan	-nan	
1626	nan	nan	nan	nan	nan	nan	-nan	-nan	-nan	
3288	-9.371011	-7.046543	-9.376333	7.410227	5.244139	7.383587	6.559647	11.886213	4.846983	
3289	nan	nan	nan	nan	nan	nan	-nan	-nan	-nan	
7460	-11.721825	-4.057249	-9.037881	8.705701	4.405646	6.671556	6.876770	12.400052	5.763948	
1628	nan	nan	nan	nan	nan	nan	-nan	-nan	-nan	
4966	nan	nan	nan	nan	nan	nan	-nan	-nan	-nan	
4131	nan	nan	nan	nan	nan	nan	-nan	-nan	-nan	
7465	nan	nan	nan	nan	nan	nan	-nan	-nan	-nan	
7466	-1.115736	2.030282	-13.116815	7.099794	1.396995	6.510094	6.545166	12.904819	6.912306	
9985	-1.953249	4.637441	7.688239	-8.323926	-15.989330	-1.568382	-11.164463	-15.333949	-3.075723	
2459	nan	nan	nan	nan	nan	nan	-nan	-nan	-nan	
4973	nan	nan	nan	nan	nan	nan	-nan	-nan	-nan	
9139	3.331753	6.174202	7.697384	-4.935861	-23.384609	-2.538977	-6.682171	-4.941397	3.141760	
5809	-12.765694	-6.651774	-8.886813	3.653231	1.229438	5.848523	6.351397	13.090842	6.881476	
9141	-3.003963	4.441866	7.489484	-4.867320	-12.813745	1.872427	-2.165763	-3.066570	-3.141034	
5810	-5.836269	3.253496	3.784140	0.859060	-10.412265	-0.755131	2.786873	7.990117	5.985687	
4141	nan	nan	nan	nan	nan	nan	-nan	-nan	-nan	
6646	-7.150666	-4.320326	-11.146866	1.734795	2.808276	7.033241	5.918122	12.641524	6.697808	
6647	nan	nan	nan	nan	nan	nan	-nan	-nan	-nan	
4144	nan	nan	nan	nan	nan	nan	-nan	-nan	-nan	
3307	nan	nan	nan	nan	nan	nan	-nan	-nan	-nan	
821	-11.156234	-5.277408	-16.414860	5.639718	4.293762	5.248903	5.818915	11.161682	6.893004	
822	-14.401024	-5.563249	-14.906836	8.989861	1.054811	5.287695	6.932571	13.178618	6.580024	
2471	nan	nan	nan	nan	nan	nan	-nan	-nan	-nan	
4987	nan	nan	nan	nan	nan	nan	-nan	-nan	-nan	
9152	-12.169804	-1.710474	-11.092025	7.183354	-1.103917	5.887932	8.179621	12.965011	5.586985	
824	3.625775	9.250657	3.908917	1.287469	-13.053576	-3.423743	2.689630	9.213970	7.668280	
826	nan	nan	nan	nan	nan	nan	-nan	-nan	-nan	
4990	nan	nan	nan	nan	nan	nan	-nan	-nan	-nan	
4991	-8.578288	-6.267935	-11.128313	6.287137	4.403925	6.285653	6.993518	12.636718	6.665050	
5826	1.268583	6.686489	9.010483	-7.848022	-19.583859	-0.761383	-8.942105	-14.037861	-5.866396	
8315	-6.108589	6.016766	6.325385	-2.565862	-14.360262	0.111023	-11.366071	-7.214096	4.408786	
828	nan	nan	nan	nan	nan	nan	-nan	-nan	-nan	
8317	nan	nan	nan	nan	nan	nan	-nan	-nan	-nan	
4160	-9.690335	-3.426288	-12.883757	7.154893	2.227868	6.647871	6.362341	12.874083	6.136693	
9160	nan	nan	nan	nan	nan	nan	-nan	-nan	-nan	
4995	-7.549066	1.196480	6.951241	-5.342741	-16.815263	0.505961	-10.240008	-4.631983	4.149336	
3323	nan	nan	nan	nan	nan	nan	-nan	-nan	-nan	
1664	nan	nan	nan	nan	nan	nan	-nan	-nan	-nan	
3329	-5.418976	0.620326	-15.651625	6.845588	3.327357	9.333135	5.801215	11.751150	6.692981	
2494	nan	nan	nan	nan	nan	nan	-nan	-nan	-nan	
2495	-13.150306	-5.157620	-9.450927	5.970614	-1.638366	3.987552	6.886848	10.118370	4.571245	
