6001	-4.051646	4.842603	8.373324	-7.360481	-17.752715	1.062193	-5.291082	-7.705323	-0.514028	1.561572	7.185208	8.560401	-8.180990	-20.916115	1.062193	-6.436011	-8.850597	-0.514373	2.682450	7.399553	4.626004	-1.763740	-13.559329	1.062193	0.425211	4.331456	5.806457	-2.463487	5.422682	4.625310	-1.578393	-10.752122	1.062222	1.215912	5.136449	5.820750	
1003	2.925664	6.558459	7.023159	-12.408754	-18.090273	1.343368	-7.409209	-13.885229	-5.279475	6.315832	5.168419	0.972901	-5.189251	-12.490614	1.343418	0.784494	-5.691457	-5.279406	1.109173	5.009109	0.883497	-0.345014	-4.762432	6.586463	3.836884	3.739394	1.099055	-2.211343	0.193602	-3.089179	-0.105863	-2.286131	6.587201	5.339564	5.249219	1.106199	
5007	5.466726	0.966975	-2.838163	-7.423024	-14.533567	-0.760466	0.644217	-2.753758	-0.912001	-1.717790	4.954371	6.730906	-11.832108	-20.469719	-0.760466	-8.180069	-11.578046	-0.912004	-5.109861	-4.123384	-4.057039	-0.866761	-7.377657	-0.759963	4.542449	6.931378	4.874902	-12.631303	-5.167061	-6.478225	2.939591	-1.824572	4.153880	4.542449	6.931378	4.874902	
1006	-6.372601	4.738386	7.828418	-1.986420	-14.096855	-2.351757	-8.252809	-13.771122	-1.181642	-10.603644	-0.696821	-2.720971	5.939007	-3.190450	1.825861	4.512587	4.335243	4.159328	-3.814972	-0.684506	-1.344308	-0.863919	-7.356146	-2.351737	-0.772475	-6.021975	-0.912829	3.317107	1.021877	-1.338706	-1.228906	-12.236390	-2.351757	-0.801594	-6.065436	-0.927170	
3013	-0.095841	4.187994	6.623682	-6.737493	-17.404082	0.151568	-5.989156	-7.118990	-0.538597	-5.520676	1.028082	6.621520	-6.737479	-16.380907	0.184632	-5.072988	-6.202821	-0.538597	-4.842608	-3.141284	-9.881619	4.229668	-2.434256	5.660192	-0.141000	-1.245531	-0.513294	3.229095	0.830355	-4.485250	-0.104008	-13.730593	0.488117	-0.143390	-1.248098	-0.513472	
8037	-4.853582	4.027392	4.422907	5.473104	-7.952241	1.001350	-1.088732	3.183354	6.391833	-3.614878	4.610161	6.604654	-5.416636	-19.852352	1.001349	-7.422743	-9.047187	0.495303	1.344002	7.012029	6.605318	-5.416637	-21.362741	1.001349	-8.347501	-9.971945	0.495303	-10.005707	-2.854083	-5.399480	7.861206	-1.463272	7.522429	6.604310	10.876440	6.391877	
4033	-3.852974	3.891202	7.889320	-9.008062	-13.906877	0.772610	-8.353240	-6.863309	0.271954	-8.276274	0.200462	7.281343	-3.591575	-8.435190	1.735968	-1.971038	3.757269	4.510331	-11.498359	-6.418837	-8.242725	8.495172	1.690384	6.203286	4.415006	10.390939	4.757957	1.973012	5.489505	7.897903	-9.031050	-19.437398	0.740649	-11.897002	-10.500692	0.178334	
3035	-6.333495	3.858476	4.832309	-5.444392	-17.476347	1.666597	-7.279684	-8.323929	0.886252	-11.412318	-5.056070	-9.424573	5.407915	-0.684705	6.385353	4.006454	7.953758	5.877802	-6.572039	3.502369	4.757236	-1.133170	-11.796969	1.669344	-0.999285	2.944051	5.873834	-7.276471	2.538143	3.248461	2.932402	-2.997198	6.299128	-0.910335	3.033675	5.874508	
1058	7.805961	0.118533	-5.468086	-6.809721	-16.578555	0.111862	-0.683364	-6.861004	-0.462159	5.431143	6.566477	4.235675	-12.663822	-21.073998	0.111862	-11.823100	-18.000745	-0.462164	-10.105276	-4.837706	-10.006233	5.757348	-0.638068	5.588400	5.790242	5.625501	5.550740	2.806729	-0.122261	-6.567425	-0.263656	-7.166952	0.115310	5.778644	5.613903	5.550740	
50	-8.303163	-3.013443	-8.989889	3.360978	3.290914	8.770227	7.054442	10.217948	7.854213	2.206161	4.939747	6.731074	-0.946863	-19.610906	2.522157	-8.092678	-10.846205	1.937180	2.200061	1.418149	-4.245222	0.533516	-6.914902	2.549622	6.864889	10.027972	7.853790	-1.656758	3.955019	6.730871	-0.946442	-15.158632	2.522157	-7.475435	-10.218932	1.947211	
9051	2.546824	5.612756	7.529686	-7.219007	-19.815172	0.373796	-4.282979	-8.220140	-0.270414	0.809999	5.434092	3.770738	0.739384	-12.155284	0.560600	3.387113	5.666536	5.946169	-5.066506	2.184763	3.770481	0.809241	-6.937281	2.934167	4.869137	7.151114	5.948724	-5.145409	-4.459906	-5.974242	6.858954	0.088492	6.713868	7.027872	9.310206	5.949080	
1071	-8.138999	-9.457294	-5.758930	2.957464	-1.238763	6.016610	4.552287	8.306462	6.065749	4.140624	2.013840	7.146869	-7.467385	-20.887929	0.168397	-2.068483	-4.469001	-0.088945	1.425909	-4.067958	-1.525497	-3.155980	-11.644938	0.168397	3.830616	7.584792	6.065749	2.952064	2.013659	6.232404	-3.165148	-14.825035	0.168397	-0.475357	3.276651	6.063581	
3054	2.095620	5.148306	6.939121	-11.499579	-24.259212	-0.397668	-9.068949	-11.887554	-3.394729	-3.501532	1.100007	6.939118	-11.498864	-20.027980	-0.397668	-8.668463	-11.487068	-3.394729	-4.551478	-2.163554	0.603206	-5.251875	-8.439485	-0.394004	2.207357	3.827160	1.043679	1.242692	1.863524	0.644184	-5.338089	-11.935298	-0.397665	1.110696	2.730081	1.043261	
6057	7.760820	0.860153	-3.170402	-3.019015	-12.639587	2.266707	0.865882	-3.675578	1.375070	7.571526	4.955315	3.081794	1.857695	-9.730429	2.272532	2.646081	3.447771	6.718220	0.423372	-0.425235	-6.906333	4.835060	-1.522255	6.083686	7.410653	8.212999	6.718877	3.976421	5.527318	8.848786	-9.115205	-19.747267	2.266602	-5.713029	-10.254813	1.374746	
4061	-5.495581	4.695603	7.489097	-7.830191	-10.247562	0.405819	-8.554999	-13.489468	1.233421	-10.268267	-1.450966	-10.906208	4.905282	1.437868	5.900100	5.370570	6.057588	6.854907	5.525919	4.193572	-4.663438	-1.796548	-10.894950	0.402748	3.108622	-1.810398	1.248869	3.018940	3.747982	-6.148372	4.020186	-2.286552	5.898703	3.593760	-1.273539	1.300591	
7073	-3.901695	6.479096	7.690542	-13.011246	-15.575589	-1.826983	-7.738689	-10.669221	-1.331056	1.591580	7.630434	7.690542	-13.011248	-21.817664	-1.826983	-7.749580	-10.680112	-1.331056	-7.619598	4.054998	-5.551734	4.983338	-1.080683	3.561162	3.346792	6.734820	4.987504	3.405689	7.437790	-1.097451	1.605923	-4.386267	-0.318355	0.854157	4.234273	4.979592	
8087	7.161267	6.956692	6.347619	-7.135028	-19.113882	1.683959	-4.739793	-10.104164	0.030101	1.282214	2.690870	-5.453662	6.210763	-2.005759	6.502167	7.752747	8.384256	6.025981	-4.029006	0.509940	4.789295	0.379371	-8.290189	1.683982	3.640012	4.271519	6.025979	-5.124338	-3.948318	-5.799823	6.264863	1.091229	6.502991	8.140356	8.771864	6.025981	
4067	-5.860385	0.400911	-5.535635	0.257683	-6.114779	2.226687	7.058379	11.218912	6.802858	-4.957566	6.962550	6.738080	-4.946901	-11.519155	2.225556	-7.381495	-8.464208	1.559612	-10.035945	0.311095	-11.948287	6.187304	0.514909	6.128145	7.058379	11.218912	6.802858	0.589018	8.608402	6.738241	-4.946943	-18.052639	2.225556	-7.401279	-8.483998	1.559606	
72	-6.758966	-0.681245	-0.274457	-7.179154	-9.457660	1.204340	-6.591444	-9.964255	1.590888	-12.776924	-4.331428	-11.411294	6.046866	1.163311	7.841873	5.990315	8.818495	7.791879	-6.841030	1.165527	5.957934	-7.179571	-13.084079	1.204340	-6.783203	-10.156138	1.590764	-7.315550	1.165225	5.700716	-0.466801	-6.373038	1.204350	-0.459305	2.358234	7.781238	
2078	-4.491682	-4.396011	-7.136207	2.349621	0.265316	7.586985	3.142074	-6.667331	-1.976131	7.422359	1.523479	-2.868332	2.348916	-3.861646	6.206136	3.134164	-6.675241	-1.976131	2.746402	6.503608	7.229537	-9.724489	-15.687481	1.765625	-9.063300	-18.872705	-1.976131	7.490321	1.963934	-0.795059	-3.139431	-11.316402	1.990304	3.011384	-6.798021	-1.976131	
1099	2.022880	6.914814	7.385833	-5.408501	-19.165509	1.009288	-10.350085	-15.030522	-1.157090	-3.605092	-1.927152	-5.618452	5.630156	-1.969992	5.251684	0.452974	-4.198269	-1.127896	-7.418154	-1.929676	-8.909052	8.810237	1.348265	5.259084	5.869332	7.821151	5.475165	5.840940	4.393201	-2.284022	-3.154449	-13.020616	1.009288	-0.572043	-5.245590	-1.150201	
9083	-3.238109	3.246633	7.848541	-9.662580	-12.789167	3.467477	-5.454856	-12.229744	-2.471824	-6.476699	-2.101315	-7.634374	7.806813	0.905328	7.959408	7.060446	6.885253	4.127871	-1.949841	-1.959273	-3.164414	1.685443	-3.458243	7.479264	2.124809	-4.627184	-2.448929	6.670608	0.640095	-2.858309	-3.411884	-13.247550	3.467477	2.113690	-4.638662	-2.449288	
3079	-6.482804	1.938983	6.905171	-11.919427	-14.796172	4.435820	-4.537670	-5.870129	-2.097023	-0.337417	3.560377	6.905171	-11.919454	-16.896417	4.435820	-4.660649	-5.993108	-2.097023	-7.713072	1.937209	5.265508	5.091821	-0.629137	6.361492	1.144201	6.042433	4.133668	-0.108884	4.366024	6.669684	-0.531654	-9.876198	4.435820	-0.562623	4.333313	4.131372	
90	1.546156	5.051516	8.152156	-8.119587	-16.766725	0.133937	-7.797166	-9.991430	-0.659539	-9.742197	-5.553508	-10.548353	5.331710	-0.452572	5.763334	6.422819	9.554412	4.666321	-4.178096	0.478511	8.152123	-8.119579	-13.655101	0.133937	-5.515297	-7.709561	-0.659539	-2.695818	0.482731	2.094829	2.518686	-4.868610	0.515597	0.723666	3.854663	4.665723	
6102	-10.828029	-0.824195	-4.845868	5.724400	-0.947468	6.365401	-0.945362	-5.654236	-1.508323	-7.352335	3.528151	8.247999	-2.117333	-12.168128	0.833141	-6.458257	-11.170104	-1.511297	-1.782177	3.619698	8.260637	-2.130810	-12.796558	0.833141	-6.494712	-11.206559	-1.511297	-13.825015	-0.824195	-7.184844	7.184087	2.759155	6.367295	4.894292	5.830118	4.136377	
4101	-5.633965	0.802030	7.006334	-4.967731	-15.451497	0.687663	-6.613217	-3.264746	6.281612	-7.924119	-4.865658	-8.478786	6.783560	-1.700810	7.168264	3.928200	7.299087	6.304027	-5.478148	0.801985	5.905424	-4.893921	-13.656294	0.687663	-2.680658	0.690068	6.303867	0.901000	4.434147	7.006336	-4.967745	-19.319215	0.687663	-8.676810	-5.329192	6.280758	
7104	-4.153072	7.612751	6.964502	-8.586502	-12.174982	0.639113	-11.965793	-13.031769	1.605882	-9.418948	-3.285503	-9.116817	3.081729	2.203594	3.409089	5.564463	8.783009	5.890404	2.084843	7.818281	6.964506	-8.586502	-17.043326	0.639113	-11.985086	-13.051062	1.605882	2.384351	2.417300	-4.788946	-1.745415	-6.302406	0.640187	5.048910	8.267456	5.890404	
7106	-5.529841	2.082902	5.058704	0.340175	-5.638243	7.409489	-4.120209	-4.824450	3.355810	-14.190281	-4.618222	-10.552084	6.102396	2.434531	8.410039	5.846852	10.999258	9.212457	-1.331714	4.105782	5.706155	-5.489209	-11.581683	2.408652	-8.164607	-8.913331	3.311327	-5.529777	2.082924	5.688977	-4.812547	-10.398653	2.412692	-4.137227	-4.842558	3.354720	
2121	-3.661484	0.251200	5.071062	-6.730449	-22.104104	-0.011261	-6.658348	-8.965812	-2.405198	0.343260	5.191156	5.071062	-8.903764	-23.635696	-0.011261	-12.170916	-14.489819	-2.416637	-7.658812	-0.081109	4.968050	3.448802	-4.958913	6.305110	-1.455805	2.317028	3.675100	-7.623792	-0.080984	5.014250	-0.479917	-11.931239	0.012015	-1.455806	2.317027	3.675100	
9117	-1.619833	5.397532	5.965694	-10.325903	-12.561970	0.797224	-8.797820	-9.694328	-3.615258	4.716778	6.460647	5.966342	-10.325958	-17.739368	0.797224	-9.092717	-9.989225	-3.615258	-8.659503	-4.250704	-5.175870	5.896759	1.998869	7.035556	3.897075	8.737410	2.121585	-5.122044	0.422940	5.591846	-2.825289	-7.590138	0.797316	-1.846862	2.978726	2.106837	
5136	3.204154	1.143756	-7.610094	5.953071	-5.074113	0.493467	6.892633	11.087299	6.151490	-1.993764	-0.298233	-12.730681	7.722525	-1.524446	6.808832	6.972704	11.167370	6.151490	2.177852	0.965903	-11.326647	7.648929	-2.502486	6.357568	6.912446	11.107112	6.151490	-2.230912	5.123805	3.233172	-6.895760	-12.681215	0.453382	-8.470600	-9.498664	0.928761	
7118	-8.707136	-5.539342	-2.013885	7.461602	2.042458	7.859043	8.193934	12.198361	9.430348	4.814852	7.382435	8.617236	-1.261667	-20.401863	1.809060	-6.631441	-6.948077	5.109284	2.287504	7.374557	7.185648	0.960396	-4.402067	7.730669	-0.688458	3.101716	9.216095	2.393552	7.375665	7.303868	0.917361	-8.659418	1.944525	-0.688459	3.101716	9.216095	
7119	6.468628	2.898759	0.610790	-2.422004	-16.151554	-5.193003	4.216130	-3.096830	-4.051663	3.323004	4.673181	7.315689	-5.981043	-18.089580	-5.193003	-5.041928	-12.354888	-4.051664	-2.781746	-3.699691	0.599185	1.652850	-5.172581	-4.797567	6.580219	5.391936	2.073014	-12.193216	-7.505729	-8.523166	5.129621	-0.697109	1.339098	6.758519	5.570236	2.073014	
9125	-4.655241	5.199578	7.506565	-6.038983	-9.924419	3.910860	-6.676753	-6.192704	2.540455	0.219988	9.043934	7.506565	-6.038983	-12.067791	3.910689	-9.027495	-8.543446	2.540455	-9.571894	-1.069596	-8.257522	6.692356	3.247904	5.625543	6.355162	10.834190	6.535435	-3.555185	5.413335	6.695368	-0.072106	-4.784210	4.106229	-0.903371	3.575198	6.534976	
2156	-6.800746	-5.443378	-9.709907	5.795429	4.576746	7.689410	3.349908	4.897458	8.338230	0.995500	6.802222	6.138366	-0.256917	-11.808805	3.109405	-8.605017	-11.438640	3.957057	-7.856020	0.360903	1.268445	4.671528	0.887061	7.671338	-3.580241	-6.412668	3.958253	-4.973247	0.968229	6.126945	-0.256694	-9.103381	4.287966	-3.638693	-6.471213	3.958160	
8147	-8.653439	-2.982613	4.242731	-2.902844	-5.921211	1.968666	-5.368968	-5.813770	-0.581587	-6.665311	-9.364296	-4.237304	2.089666	-1.293035	7.644000	-0.460010	-0.864740	-0.541515	-11.876333	-2.982963	3.113863	0.983697	-2.593799	7.420318	-5.368729	-5.813531	-0.581587	1.470397	-2.422497	-1.968761	-2.221565	-5.770836	1.969022	-0.644586	-1.066335	-0.558534	
143	1.355801	7.498474	5.466101	-7.116528	-22.711990	0.378880	-9.790732	-13.244883	0.715172	6.403922	2.039961	-5.988889	-0.508821	-16.520761	0.378880	2.132936	-1.304864	0.731524	3.366804	2.039961	-6.582074	0.838477	-11.569891	0.378880	4.661622	5.651737	5.159439	-7.761659	-3.295597	-10.173663	5.631311	-0.470491	6.682515	4.740597	5.730713	5.159439	
2159	-2.764780	1.412446	6.155464	-6.682274	-13.666573	0.444662	-8.611790	-11.640954	-2.766549	2.405437	7.066765	6.156007	-6.682277	-18.221058	0.444589	-11.803264	-14.832430	-2.766550	-10.145599	-0.044181	-5.764203	6.424765	1.122195	6.696381	2.422007	5.134928	2.975538	-5.167007	-0.015916	-0.063772	-1.523925	-4.233239	6.689960	-2.621921	-5.647363	-2.762826	
4155	0.723324	5.971404	8.376868	-9.040271	-16.316160	2.358560	-7.996492	-12.702870	-3.217406	-4.653198	-0.659197	4.864095	5.137054	-3.286684	6.868118	2.243164	2.784898	2.030707	-3.398014	-0.332947	6.554886	3.407206	-6.126035	2.501764	2.240585	2.782223	2.030610	-3.357055	-0.279592	7.343542	-0.852429	-10.826496	2.358568	2.240578	2.782216	2.030610	
167	-3.427904	1.317859	6.713507	-8.628068	-17.156669	-1.097576	-4.507969	-8.558289	-2.412198	1.662821	0.739147	-5.709003	2.748017	-5.500611	1.660084	6.752288	7.940950	2.826785	-7.847337	-4.408258	-10.046854	8.458121	0.585249	4.903002	6.752525	7.941187	2.826785	2.006225	6.279868	6.715111	-8.628203	-22.318047	-1.097577	-10.698209	-14.754325	-2.417994	
2180	-1.126811	5.673704	6.401801	-4.198998	-15.957967	2.039926	-8.963279	-9.549853	0.480327	1.444320	6.703300	6.401801	-4.199001	-19.047636	2.039924	-8.963310	-9.549884	0.480327	0.803636	6.641169	6.401078	-2.708413	-10.725811	2.041987	-3.020413	2.856971	6.944284	-1.802380	4.837317	6.401075	-2.665877	-8.976056	2.063084	-3.019358	2.858026	6.944284	
3164	3.405879	-1.529345	-6.706224	2.160472	-6.251760	3.063258	8.643513	8.578461	3.310759	6.414046	3.235979	5.779064	-4.973253	-23.621326	3.033216	-3.841566	-10.380713	-3.163356	-2.810788	-7.328078	-7.537161	5.693255	-3.452178	5.663305	8.644063	8.579033	3.310780	3.391679	-1.585036	-7.008125	4.084446	-4.033681	5.636956	8.643554	8.578514	3.310771	
6170	4.777805	7.196246	6.028650	-7.449866	-17.801895	0.057003	-7.304947	-8.764294	1.283835	2.652117	0.624433	-6.415195	-0.032156	-9.071177	0.057003	5.141957	8.074296	5.675522	-7.686388	-1.508719	-10.916908	5.604647	0.245489	5.642344	5.174853	8.107603	5.675933	0.788007	0.617808	-10.911303	4.743163	-2.336720	5.593204	5.142270	8.074613	5.675526	
5189	-8.331633	-7.877100	-8.551721	7.219770	0.620126	6.476125	4.638014	6.814969	3.482696	-6.848624	-1.451656	6.618154	-8.415322	-7.094202	3.335332	-3.991669	-7.090730	-1.793319	-7.907108	-7.547913	-2.884511	0.386729	-1.959499	6.208149	-1.500870	-3.646774	-0.840163	-6.848624	-1.451482	6.774752	-8.415571	-12.600667	0.299630	-3.991711	-7.090776	-1.793324	
3180	2.517046	3.298215	-0.520114	-4.177346	-13.297323	2.142766	-3.417267	-4.419069	3.068221	-8.287340	-1.516416	-14.440530	4.863220	0.296681	8.520887	4.065102	8.490934	8.495854	-5.132964	-1.516416	-8.644457	1.659827	-2.725718	8.506480	-2.081834	-2.944295	3.207561	-3.909032	-1.308028	-0.624711	-2.467973	-7.951025	2.142770	-2.210706	-3.103678	3.177051	
7212	3.387179	8.033147	6.510288	-9.637669	-21.237235	2.595206	-12.066988	-13.065979	1.413356	-9.879183	-3.464019	-10.259050	4.835517	4.202375	8.160425	4.333227	9.085219	7.164339	1.963272	1.694347	-5.430456	-1.461014	-11.243816	2.595206	4.310621	9.062466	7.164191	1.652021	1.621693	-5.430904	-1.159419	-6.006589	6.923792	4.313767	9.065633	7.164212	
4199	-7.870661	-3.652335	-9.543924	3.326244	0.784532	7.289795	7.724460	10.397223	6.703314	-4.372689	2.170702	7.981513	-8.500535	-12.767357	4.966838	-11.182542	-12.597314	2.615779	-8.361850	0.418409	7.331275	-6.339374	-7.563442	4.966987	-1.314559	1.347472	6.692582	1.654498	6.235322	7.995132	-8.500535	-16.510943	4.966838	-11.321375	-12.736147	2.615779	
8216	-3.467164	-0.747373	4.351848	-3.023084	-14.538852	-0.327959	-4.446844	-3.802169	1.215601	2.273416	4.864272	4.352259	-4.077925	-20.108590	-0.327968	-6.074762	-5.430122	1.215565	-7.973612	-7.556684	-8.040994	9.352943	-1.330200	5.700933	6.081325	10.106013	4.595614	3.820811	-1.175767	-6.756649	8.460674	-4.434272	2.618448	6.080594	10.105282	4.595614	
7226	-5.114096	-7.384440	-0.475383	-4.287617	-4.861058	4.088353	-5.318285	-3.126706	3.098920	1.304008	-1.814982	-0.274426	-10.015996	-11.476363	2.601536	-5.449861	-3.265055	3.092147	1.299529	3.366592	5.407003	-10.020610	-13.429169	2.601536	-12.273881	-10.100165	3.081058	-5.116587	-2.187524	5.400528	-9.685266	-8.195594	2.605520	-7.704537	-5.530817	3.081062	
1247	7.641550	-0.020965	-1.844316	-5.304370	-17.416342	-0.331399	-0.171179	-4.287549	-4.623759	-3.902221	1.693496	7.119218	-10.752078	-16.350173	-0.331399	-4.960053	-9.076424	-4.623759	2.142332	3.533045	7.124140	-10.993655	-22.708545	-0.331399	-10.066111	-14.182482	-4.623759	-8.538712	-7.624104	-8.405803	1.475571	0.029609	5.925059	6.449908	7.593403	0.636106	
8230	-4.815845	-4.673770	-7.251953	-0.795390	-5.248164	1.276088	7.188419	9.739691	6.072304	-7.047117	-4.708787	-10.781032	4.480892	-0.052259	7.779276	7.188419	9.739691	6.072304	1.377139	0.061599	-6.619538	-0.835877	-10.915667	1.255483	7.187607	9.738879	6.072304	1.016196	6.376460	3.776451	-6.936590	-19.959783	1.255483	-5.637095	-6.532590	2.625537	
7235	-5.960757	-1.020506	-8.059270	2.386955	-1.428982	6.442423	7.623162	9.205649	7.006766	3.131559	0.951264	-3.472474	-3.576590	-8.888731	1.612265	6.289267	7.871753	7.006766	-4.323339	4.336476	3.807524	-9.365604	-17.823384	1.401355	-3.267477	-8.100823	0.590934	1.752297	6.219483	7.171496	-11.394672	-19.574537	1.401354	-6.224093	-11.057442	0.590931	
9224	-3.033736	6.594270	7.178634	-11.372817	-9.631636	4.709764	-10.985206	-11.576082	0.958507	-6.282895	2.517597	-0.157159	2.937003	2.715657	7.830559	5.401552	9.925793	6.073624	-3.033695	6.594310	7.178634	-11.372886	-11.272166	1.729393	-10.985255	-11.576130	0.958507	-6.282895	-0.008848	-6.003994	2.937034	2.719554	7.830559	5.608964	10.133205	6.073624	
1260	1.986138	7.365355	6.620549	-6.282927	-12.866023	-0.085734	-11.300411	-14.822039	-3.089259	-4.846044	-3.074788	-4.467309	3.341509	-0.641258	6.281492	0.112009	-3.407572	-3.087212	-4.313037	2.586891	6.620530	-5.574811	-10.923144	-0.085734	-5.819986	-9.341613	-3.089259	-8.689826	2.586758	4.390302	1.651021	-5.801294	-0.073349	0.588138	3.555912	3.400143	
9227	3.429280	6.563287	7.053194	-6.314055	-21.322750	2.550711	-8.038880	-10.445592	0.263630	-8.185317	-5.195520	-11.999444	8.597845	1.699010	9.045707	6.456335	9.585930	5.799937	1.040539	1.793253	-0.947783	8.364411	-2.666444	9.044244	6.203260	9.332855	5.799937	0.969602	0.385087	-7.712510	8.433582	-2.524519	9.044812	6.377349	9.506944	5.799937	
2266	2.073492	4.030498	5.295091	-2.320071	-11.334129	4.784361	-9.324762	-7.004450	3.151718	-7.407958	-7.633753	-10.544545	7.632167	1.343211	6.941285	4.003119	9.246359	6.074646	-1.575706	-1.947050	5.292980	-2.229079	-6.223615	5.125199	-8.366133	-6.045776	3.151763	1.687033	4.014584	5.291413	-0.270286	-6.971221	4.998901	-3.427847	1.796826	6.056079	
269	0.837244	7.057212	8.759014	-8.568180	-19.068497	-1.052795	-8.006007	-11.243593	0.282309	-5.635946	3.059433	8.759014	-8.567509	-15.012181	-1.052795	-7.637886	-10.875472	0.282309	-7.139094	0.660974	1.843693	-0.341025	-6.175530	-1.052320	3.063988	5.768414	6.224320	-12.285468	-3.623136	-7.431427	4.435444	-1.862666	5.102742	6.283648	8.988075	6.224322	
5271	3.675638	5.636637	-0.505690	-4.749114	-14.728344	3.669350	-6.542660	-4.899196	2.887993	-7.351781	-1.050989	-8.991354	6.911451	1.893064	9.018928	4.887502	10.300495	6.657522	3.675594	6.933063	5.913083	-6.910124	-15.783708	3.669350	-13.970911	-12.327447	2.887993	-0.427302	2.949634	5.434099	4.630742	-4.253520	8.520958	-2.326532	3.077117	6.648178	
3244	-0.194625	1.780810	6.149308	-5.028065	-15.220975	-0.134959	-12.548191	-8.634868	2.624631	-8.954656	-0.796822	5.961197	-4.854083	-9.222453	2.593304	-3.602386	2.878476	5.192169	-10.370705	-7.258988	-8.814340	6.521429	-1.110093	5.821413	3.222517	10.048088	5.536879	-8.969675	-0.796822	5.960658	-4.844912	-5.753162	5.820483	-3.602355	2.878515	5.192177	
273	4.183843	7.008472	-6.412821	-5.300441	-12.508002	2.529879	-0.813045	-4.616197	-2.775288	-6.827674	4.670166	3.688574	-8.371233	-14.926270	2.279114	-6.047461	-9.850613	-2.775288	4.183830	7.007138	-6.438000	-4.696251	-8.367250	7.472335	-0.813041	-4.616194	-2.775288	-0.471594	7.680362	3.688609	-8.372511	-15.108718	2.276887	-6.504814	-10.307966	-2.775288	
1281	5.101275	4.318536	-4.673309	-2.046182	-5.633972	1.080956	7.936459	9.666320	6.858948	-5.195180	-0.297960	-8.349447	3.887202	4.213917	6.113580	8.875781	10.605645	6.858952	1.391779	4.318530	-8.227401	3.388913	-2.240426	5.695122	7.936736	9.666596	6.858948	3.270080	7.155662	6.349672	-9.945339	-12.736297	1.080859	-5.091363	-9.189055	1.031394	
7272	3.490304	7.073475	7.905127	-8.528722	-12.802072	3.786310	-11.210409	-9.554157	-0.856799	nan	nan	-2.890217	4.020712	nan	8.464830	2.823293	9.906682	5.338279	-3.870707	-2.120808	-2.044315	3.053660	2.244556	8.464837	4.051240	10.806249	5.188101	nan	2.499042	-3.568830	3.004189	nan	8.462005	2.784765	11.124249	4.785011	
2278	7.806779	4.254910	-6.172976	5.281200	-9.935708	1.160790	0.283519	-2.027738	-0.395144	3.079942	6.964081	3.582252	1.794781	-13.155916	1.160788	-9.452684	-11.771559	-0.402763	-6.277374	0.068822	-11.825499	8.145900	-0.108167	7.275002	5.709593	9.724699	5.931218	-2.260693	5.011551	3.582252	1.849977	-10.078460	1.160789	-8.552149	-10.871024	-0.402763	
282	-7.313501	-0.927883	-7.346953	5.094128	-1.962065	1.614067	8.305286	12.609446	5.932651	-5.921228	1.717763	1.541560	4.212801	-3.658740	1.613918	6.382871	10.689177	5.934732	-0.533633	3.852502	7.472574	-2.178145	-10.339891	-2.123177	-1.844664	2.461380	5.934470	0.745086	8.387471	7.474715	-7.740166	-16.180532	-2.124601	-6.032913	-7.965961	-0.304622	
6272	3.138887	6.156898	7.605804	-3.743040	-13.943335	1.222717	-10.733578	-11.042490	1.431108	-3.443567	0.964694	7.592440	-3.739043	-10.394861	1.222767	-4.723722	-5.032515	1.431227	-4.500492	-1.284187	-4.038889	8.328482	-1.448281	5.498006	5.348379	9.880328	6.271970	-2.371360	1.190865	4.865521	7.805261	-3.700531	4.979491	0.271703	4.803042	6.271359	
2287	2.510509	3.184076	5.303935	1.966073	-11.250039	1.958798	-0.575635	5.004423	5.189730	2.649866	3.262320	6.648810	-4.912827	-22.053923	1.958798	-6.988358	-7.366009	-0.768208	2.512503	3.183083	5.284383	1.997838	-11.176801	1.958798	-0.542828	5.041938	5.194025	2.507758	3.185197	5.327486	1.926566	-11.344422	1.958798	-0.615487	4.958702	5.184380	
2289	-7.150463	-5.077107	-7.457501	-1.151111	-2.928174	6.555247	1.374173	-2.395882	-3.676614	3.453324	6.519970	6.242788	-12.277726	-20.585252	0.250475	-9.318350	-13.088721	-3.676930	-2.857495	4.487573	6.239503	-12.277726	-14.151596	0.250475	-8.811859	-12.582230	-3.676930	-10.872019	-6.309731	-9.487157	-0.171294	-1.104334	6.834093	4.890156	5.737972	0.941257	
7297	3.770674	6.916299	7.041618	-8.961740	-20.686796	-0.160784	-10.132957	-11.734946	-1.553343	-8.008361	-5.475135	-3.808840	1.320810	-2.658626	5.570319	0.471980	-1.089594	-1.512928	0.444186	0.866131	-3.111680	-2.404197	-10.121971	-0.160749	0.468957	-1.093212	-1.513523	-4.636412	-5.392678	-3.112719	-1.528086	-5.285394	0.481904	0.469600	-1.092444	-1.513397	
5314	-2.319579	2.840868	5.680591	-9.386888	-14.103874	1.575441	-5.507604	-10.402032	-2.041905	1.510868	6.961634	5.680591	-9.387838	-15.675713	1.575441	-11.309743	-16.204170	-2.041905	0.259226	2.259940	-1.395598	-1.564094	-5.509570	1.576187	2.071400	3.326238	4.107359	-10.177160	-4.427212	-5.780442	4.104328	0.561732	6.625031	2.093709	3.348548	4.107361	
6296	2.791030	7.965148	5.843151	-8.846083	-26.240008	2.387021	-10.699330	-15.437823	-2.223985	-4.263378	-3.236662	-9.551004	3.367346	-0.363982	7.325104	6.800225	7.715579	3.429861	3.250361	1.918358	-4.074961	1.248631	-8.594880	2.388034	6.799606	7.714959	3.429861	3.165679	1.875310	-4.223491	2.956897	-3.141537	7.324739	6.799707	7.715061	3.429861	
2313	-3.980071	1.337435	-0.687296	-1.628731	-2.524683	6.707620	-2.303671	-5.225709	-0.232854	1.167579	7.126262	5.940105	-12.487908	-16.881204	0.804117	-13.126437	-16.053483	-0.237862	-3.151214	3.216750	5.938695	-9.932795	-13.336048	0.804117	-7.147006	-10.074046	-0.237856	-7.055840	-2.802129	-8.810788	5.332281	0.707238	7.336439	3.617979	6.629448	5.700653	
7316	3.098297	8.850033	6.336953	-7.783435	-17.375558	1.048939	-11.511687	-12.901109	0.235502	-3.256371	4.352244	6.336952	-7.358023	-11.385898	1.048939	-9.993692	-11.383114	0.235502	-8.692053	-1.844461	-9.967362	8.191485	-0.549152	5.986983	6.004616	9.225279	4.845587	-4.594618	-1.844458	-4.799482	2.950486	-1.502428	5.986939	-0.094043	-1.482565	0.236402	
3291	-11.235740	1.397731	6.946652	0.283051	-11.213389	-3.599129	-2.112020	4.322365	6.877414	0.234051	-0.104384	-3.855908	1.072159	-6.494156	-3.597199	3.992819	10.444151	6.894361	0.867166	6.207654	6.972356	-10.679805	-19.858112	-3.599129	-8.180330	-7.488511	1.134848	-11.317711	-4.909586	-7.305089	7.014816	-2.103249	2.768516	6.390556	12.841633	6.894120	
3307	-10.474764	-4.966481	-11.552502	3.566164	0.978213	6.661008	5.717717	9.092037	6.700228	1.781414	6.849150	5.683398	-8.149079	-15.058360	0.770660	-11.910546	-14.987883	0.248570	-4.073222	2.092191	5.683388	-6.948366	-8.708381	2.660371	-6.958705	-10.036043	0.248570	0.819402	1.156599	-6.453399	0.871887	-5.744858	4.880479	5.622157	8.996478	6.700228	
7345	1.598523	4.105010	8.463433	-10.315172	-20.863956	-2.635692	-6.063103	-8.480847	-2.240904	-4.223340	1.364572	8.177531	-10.292657	-17.917212	-2.635690	-3.709007	-6.126750	-2.240904	2.197959	4.062905	3.684530	0.814457	-15.414741	-2.635612	2.798335	7.205869	nan	2.197958	4.062880	3.691387	0.747357	-15.410303	-2.635612	4.515958	7.042784	3.851839	
2348	0.579967	5.508664	5.485613	-9.418158	-23.039367	2.651001	-12.650100	-17.108554	-2.394934	-3.478641	2.681406	5.470182	-9.418158	-18.382907	2.651001	-7.637665	-12.096114	-2.394928	-6.102302	-3.533576	-7.569301	7.698291	-0.954239	6.708003	2.906274	4.758452	3.915699	1.053008	1.188123	-1.744375	1.813385	-6.702465	2.651055	2.891944	4.744079	3.915656	
3325	0.360954	-1.071223	-10.747397	5.393537	1.933271	6.014706	2.215412	3.270641	2.508136	0.768574	5.641042	4.751374	-9.208668	-14.487917	-0.510791	-14.046581	-14.909252	0.590235	-3.654999	0.638708	4.751358	-9.208404	-13.049160	-0.510791	-9.768754	-10.631425	0.590235	3.936154	-0.055770	-6.054532	-0.954827	-6.620409	-0.340723	2.215406	3.270635	2.508136	
8337	3.329528	2.552197	7.139812	-6.702276	-17.340706	1.467228	-8.047537	-13.464111	-1.646849	4.351260	-2.390313	-4.693649	5.721852	-5.920085	1.467931	3.949354	4.726538	4.546910	-8.324029	-8.964186	-11.060435	8.534953	0.175445	6.047277	3.949964	4.727233	4.546995	3.779724	-2.390422	-9.282391	7.774059	-2.840111	5.049799	3.949355	4.726539	4.546910	
2357	-11.284115	-1.987604	-13.258514	7.567724	0.433641	5.703409	4.955517	8.339986	4.654501	-3.537267	5.741009	4.966336	-6.794337	-15.412550	-0.227994	-6.404339	-7.276127	0.398244	-1.681272	0.686549	-5.441977	4.645781	-2.923365	5.588810	-0.929173	-1.405471	0.793734	2.308268	0.687711	-4.854139	-0.991343	-11.405280	-0.227971	-0.929362	-1.405829	0.793565	
8344	-7.467544	1.587705	-0.902821	6.901545	5.493391	7.443540	7.201973	8.683739	4.264436	-4.857590	4.071640	5.033960	-2.465990	-3.669714	6.602490	-3.979854	-9.130892	-2.368368	-7.468362	0.336163	-5.944925	6.901545	5.707066	7.443817	7.313767	8.795533	4.264436	3.190371	5.467561	-5.124841	0.974920	-0.966002	7.278502	0.765981	-4.219582	-2.202893	
2365	-6.216510	-3.570444	-4.520112	3.867168	-1.428744	6.274636	0.612648	-3.022993	-0.145126	-0.002070	5.172391	4.606962	-7.578984	-16.873646	1.334515	-6.666065	-10.406742	-0.250161	-5.232427	2.349409	4.559628	-7.578984	-14.227471	1.334515	-5.528662	-9.269339	-0.250161	-12.766301	-3.577011	-7.546628	5.267440	2.803005	6.274636	5.386878	7.839936	5.943574	
370	-7.986406	-6.224085	-11.442487	7.251303	-0.398004	7.378577	6.642690	10.930084	7.238106	-6.032162	-0.015307	6.561334	-4.182246	-17.140820	3.176557	-5.268183	-7.311408	0.907488	-6.236239	-0.017218	6.474127	-1.847007	-5.519135	7.378386	-5.228144	-0.940755	7.238101	-6.235084	-0.015308	6.561311	-1.852494	-10.273804	3.189046	-5.237355	-0.949967	7.238101	
8347	1.904444	2.282278	-3.263546	3.396478	-6.500767	4.076323	5.889247	9.703468	6.146844	-6.931370	-4.117750	-9.718592	7.173653	-0.211178	7.027066	5.889498	9.703720	6.146845	3.994534	8.260735	9.238574	-5.376723	-22.458594	4.076072	-5.956829	-6.856038	1.433415	-2.218546	1.860477	9.151913	-5.055906	-15.761063	4.076072	-4.943755	-5.737139	1.539240	
9338	7.129171	4.839255	-5.526213	-6.485421	-16.486795	1.708042	0.933186	-3.436913	1.452113	-4.615513	1.983365	6.370978	-13.082060	-15.781183	1.708042	-4.048172	-8.418274	1.452111	2.173775	4.838887	-5.832417	-0.530988	-6.988093	1.708060	5.078101	5.575186	6.319297	-8.547620	0.258285	-8.364381	5.601460	-1.234266	4.640770	6.535315	7.032401	6.319298	
8355	-4.415532	3.281179	6.121250	-1.505198	-8.905882	3.566238	-8.424469	-8.430698	2.587173	-4.954429	0.623845	-4.239065	6.982101	0.338410	7.922699	-1.903648	-1.909875	2.587175	-7.566267	-1.528068	-8.113396	7.736698	5.785086	7.926359	4.285500	7.358857	5.666759	1.178810	6.081255	6.124765	-1.505224	-13.280065	3.566191	-12.221630	-12.227858	2.587173	
8366	-3.334399	0.751976	7.144338	-3.284321	-9.083139	1.106272	-7.530054	-7.866560	1.889693	-7.418228	-5.749824	-9.605364	8.605445	0.664727	7.709759	3.945951	7.643306	5.923555	2.935107	5.357102	7.144899	-3.290817	-14.214949	1.106272	-14.441704	-14.778248	1.889656	2.261565	-1.151439	-7.319149	8.216877	-1.775252	7.689405	3.945901	7.643256	5.923555	
3361	2.495989	8.917686	7.960360	-9.775850	-23.092652	1.242999	-10.526340	-13.908886	1.627836	-1.745313	1.209037	-7.471343	0.324004	-0.915469	7.395554	0.189206	-3.189390	1.631787	-7.061272	0.843674	-10.333186	4.491494	1.613663	7.398854	2.469133	4.330034	6.871283	-1.605938	4.253211	7.891419	-9.762303	-16.747322	1.243012	-5.681760	-9.064306	1.627836	
399	4.169543	6.299883	6.931626	-8.676374	-16.902685	1.177881	-8.675462	-9.410928	-0.429025	6.481251	0.899673	-10.461079	6.265094	-3.068974	4.378408	5.573601	10.820722	5.553565	-4.193755	-1.594145	-10.477247	6.828516	1.257427	7.207153	5.588118	10.835237	5.553564	3.718738	0.899673	-10.473829	6.478137	-2.319710	6.623452	5.573601	10.820721	5.553565	
7401	-8.158703	-4.231248	-1.395417	-0.944481	-5.774426	4.480106	4.119644	8.666027	8.811003	-9.582645	0.237822	6.476229	-7.868028	-16.062456	1.844001	-4.441233	-5.872528	2.833325	-9.779761	0.237809	5.905363	-1.985290	-12.206928	1.931272	-0.326275	4.220107	8.811002	-12.483684	-4.235303	-7.359790	4.586973	0.438579	7.430347	4.119661	8.666045	8.811003	
5401	-12.697884	-0.498583	-4.163172	4.020464	-1.107913	6.786166	4.972016	10.658862	4.550002	-6.961185	4.913150	7.005797	-5.462662	-14.146653	2.021835	-7.613844	-7.610842	-1.133843	-1.795933	5.525833	7.019454	-5.462716	-14.412901	2.021835	-9.016163	-9.609068	-1.729751	-5.807627	4.913321	6.916921	-2.936868	-7.177276	2.021923	-5.235488	-0.307770	3.790839	
1425	-5.958645	-2.702233	6.579621	-2.241940	-7.825870	5.584949	-5.031611	-11.386645	1.058968	-4.316663	-4.629873	-7.145347	7.587854	-1.511273	7.410214	1.337125	-5.017909	1.058968	4.797226	1.697128	-1.856944	1.641228	-8.857654	5.584481	1.308539	-5.046495	1.058968	-13.327022	-4.927497	-10.629970	7.919956	1.257114	7.424513	6.767819	5.082345	5.728529	
407	1.355624	6.984483	7.199535	-10.583027	-8.059272	3.743323	-13.451828	-14.504082	-1.500006	5.683967	2.106269	-3.355082	-7.469216	-9.348697	3.743323	-2.013300	-3.065528	-1.499980	-9.474851	-2.019679	-10.062606	3.240797	1.406615	8.147133	2.502276	7.344492	4.394464	-3.918698	6.134113	7.194548	-10.581288	-6.580427	3.743344	-13.209125	-14.261380	-1.500006	
2401	0.455873	2.472011	-8.855465	6.134383	-3.693482	1.622602	5.298427	5.279837	6.605184	-10.380632	-2.269974	-14.144864	6.247196	3.049406	6.998191	5.552048	5.536233	6.607960	0.537797	2.472012	-7.836723	-0.122825	-8.706209	1.305755	5.298427	5.279837	6.605184	2.021301	6.997868	3.656878	-5.686307	-21.427601	1.305755	-6.938114	-10.765388	2.796500	
8388	2.050753	7.944541	7.277466	-4.342183	-16.711626	-1.149414	-5.928635	-5.990607	1.640070	-11.933333	-2.961592	-9.112017	6.304855	2.359553	5.432964	3.401658	7.670105	5.970490	-3.576419	2.148824	7.277384	-3.711189	-11.118360	-1.149414	-3.377641	-3.439389	1.640295	-5.939350	2.072367	4.434778	4.157800	-3.953818	2.559829	-0.570969	3.697476	5.970487	
2415	-8.423550	-0.844098	-0.305161	4.301678	-2.372787	6.370376	-3.509283	-3.177300	1.179531	-4.567784	0.014691	6.212284	-4.089393	-9.025467	1.944460	-8.396651	-8.064670	1.179530	0.726982	5.876583	6.212285	-4.394758	-11.081738	1.944460	-12.634816	-12.302834	1.179530	nan	-1.066391	-0.480883	4.974004	nan	6.402224	-3.294169	-2.962184	1.179533	
2418	0.550221	6.620334	8.477251	-5.251442	-21.567831	-0.596504	-7.845036	-7.659953	2.503522	-6.026272	1.958555	8.477251	-5.246323	-16.528570	-0.596504	-7.202582	-6.971540	2.549482	-7.749606	1.958447	8.015764	-1.802654	-11.399478	-0.596502	-1.587152	3.048059	6.953650	-4.989847	-0.308926	0.687520	0.609761	-8.056864	-0.574864	4.691530	9.694124	7.321032	
5419	3.234643	2.279034	-5.557599	0.636252	-10.439001	-2.168447	6.597819	10.100420	7.325113	8.690388	7.567913	6.216963	-4.534847	-19.203383	-2.168473	-3.002561	0.174863	6.999937	-2.947229	-4.012740	-6.595955	4.943554	-2.773604	3.657845	6.858678	10.361432	7.325266	-2.557379	-3.771908	-5.875205	1.208023	-4.044924	1.254041	6.858659	10.361413	7.325266	
9391	3.112212	1.572884	-3.976958	2.092670	-3.448555	7.778809	4.646931	8.559923	5.338830	3.657708	1.908713	-3.474838	-0.874051	-4.533399	7.769210	4.646285	8.559277	5.338830	6.713779	6.360746	6.880711	-9.739062	-21.286217	2.058140	-14.538042	-15.943677	0.020203	4.357519	2.039520	-3.290542	-1.066783	-11.356929	2.058140	4.645768	8.558759	5.338830	
8404	-10.725539	1.367492	-11.451282	3.649922	5.785310	8.293414	6.672091	9.719527	7.509564	1.722646	8.166039	7.167799	-8.811234	-19.302577	2.525310	-9.008726	-10.182936	3.287917	0.874043	6.867427	-4.934208	3.189681	0.531403	8.293414	-3.142836	-4.317046	3.287917	2.752170	7.318679	-4.933793	-1.597617	-3.868159	7.549633	-3.144416	-4.318626	3.287917	
2429	6.709817	1.544123	-0.164542	-1.126640	-16.918810	-1.202832	-0.004487	-3.075174	-1.688350	-3.271621	-1.785493	7.098735	-6.561638	-15.952855	-1.202832	-4.711299	-7.872939	-1.779303	2.548891	3.074243	7.099058	-6.582678	-18.097607	-1.202832	-4.736410	-7.898054	-1.779308	-12.014267	-6.435618	-7.740727	5.773474	0.386809	5.189983	4.533881	7.568593	4.417050	
4405	-4.902232	5.793419	7.072909	-13.331388	-8.431786	2.708898	-9.982980	-16.585457	-0.841914	2.417246	2.071316	-4.861669	-1.368084	-1.906635	6.695382	0.671366	-5.228372	-0.139175	-11.696167	0.318099	-5.654875	4.784925	2.864732	7.243916	4.851507	3.768616	4.677672	-4.300971	0.333249	-4.891445	-1.362605	-1.279047	6.871688	0.671516	-5.228130	-0.139083	
2433	2.480055	2.692907	6.582181	-9.985815	-26.621572	1.288467	-4.961644	-8.457138	-2.667886	5.654875	2.692928	5.245950	0.937441	-18.359881	1.288467	0.332499	1.604803	2.099911	-5.181005	-9.869504	-2.677643	5.786532	-2.515635	7.779406	5.789154	7.093751	2.132205	1.861381	-3.441279	-1.724369	0.974569	-12.011702	1.288467	5.736698	7.041295	2.132205	
1453	-9.384429	-10.926808	-10.746603	7.355005	3.524072	8.363180	4.796535	7.250516	3.749907	-3.342216	-6.308446	-10.690061	5.221911	-1.493088	7.854973	1.150698	-2.532446	-2.387217	2.759187	1.382107	7.441429	-5.296833	-7.146833	4.788220	-5.533172	-9.219434	-2.390335	2.857670	-5.219524	-10.668622	5.219684	-2.584440	7.441496	1.150698	-2.532446	-2.387217	
1456	2.356882	7.498323	5.782114	-7.222756	-15.783952	-3.585168	-6.384901	-10.463424	-2.647584	6.267936	2.873961	-5.101171	2.695834	-4.416324	-3.405409	2.731402	-1.333239	-2.633702	-5.566947	-0.337975	-7.890014	7.537672	-0.263714	2.499703	6.887467	8.644755	3.188227	6.452721	2.875105	-4.143616	-3.519988	-10.659571	-3.585168	2.696342	-1.370272	-2.635675	
4419	-10.655112	-5.575352	-6.774281	6.205421	3.654320	6.628169	4.129953	7.869688	5.382543	6.398121	6.851323	5.387371	-4.281613	-21.698755	0.578395	-12.590592	-10.285084	3.948315	1.442027	1.556764	-1.146012	0.676303	-8.451717	0.579636	4.084225	7.823946	5.382528	-4.915053	-4.167529	-1.151715	0.833679	-4.875427	1.858167	4.085260	7.824981	5.382529	
8422	1.405280	7.854116	-3.803783	4.556518	-6.303286	-3.257727	3.846581	7.158005	3.049843	5.546316	7.869306	5.604836	-9.817080	-22.663633	-3.258203	-1.567184	-1.883802	-0.578199	0.053013	7.854108	-7.503899	8.488989	-2.034368	3.083591	3.846587	7.158011	3.049843	4.772664	7.869346	6.313593	-10.092451	-23.122325	-3.258203	-3.211273	-3.574181	-0.624489	
4426	-15.463200	-1.275270	-8.614101	5.114887	0.722876	5.990316	5.257115	7.867839	5.441614	-9.550736	-1.131915	-4.669844	1.467518	-2.214436	5.989770	0.561892	-2.954450	-0.685452	-6.586424	2.330960	9.023596	-6.867705	-10.377351	0.925224	-5.562941	-9.079333	-0.685503	-0.965680	4.446856	9.026581	-6.982849	-10.990376	0.925209	-6.509675	-10.026068	-0.685503	
9420	2.803307	6.199089	7.379706	-8.745347	-15.758148	-1.241834	-9.262594	-12.428159	-2.106775	-11.202741	2.294473	3.994805	3.069670	-2.177033	5.074865	-0.046063	3.274952	4.379806	-11.271432	0.577617	-4.822586	4.028004	0.357599	5.199214	3.882185	7.204299	4.380906	-4.768217	2.295943	5.548276	-0.988309	-11.499497	-1.241834	-0.049214	3.271794	4.379799	
9425	-9.748772	-3.983231	-8.012860	7.341795	-0.813392	5.923885	7.591584	11.605622	6.786306	-5.544944	0.391146	4.169284	1.073995	-6.546488	-0.142936	1.196303	5.210235	6.786200	-6.143658	0.443162	8.870932	-9.111159	-16.174172	-0.146722	-5.097631	-7.594054	0.275844	1.655585	6.188789	6.976514	0.697149	-12.036716	-0.146722	-0.783213	3.224238	6.779719	
7458	7.290186	6.897828	5.014150	-8.994234	-13.256858	2.548667	-5.706876	-7.884484	1.040628	-3.815749	2.966043	2.621078	2.929033	-5.587284	2.563180	0.584444	3.553666	6.187457	5.587219	6.897827	4.965675	1.112551	-9.186416	2.548667	-0.717693	1.734693	5.670621	-9.085405	-2.943654	-7.805481	6.591954	2.359306	7.354718	6.576995	9.816664	6.457904	
9430	4.664571	-0.160831	-9.397810	7.465299	-2.705069	6.421622	5.908419	6.599744	5.410040	-3.916568	2.384531	5.098123	-6.975885	-7.667565	5.533038	-4.483325	-8.127286	1.074754	-4.437149	-3.264117	-10.584018	7.938282	-1.719352	6.959984	6.021727	6.715473	5.412462	1.970948	5.238528	5.099488	-6.976378	-12.653502	5.532967	-4.494759	-8.139084	1.074391	
4441	8.120016	3.119792	-4.967752	-4.333350	-18.524796	0.255930	1.997620	-4.575463	-3.514174	4.527249	3.043159	-5.339874	-1.287332	-10.640296	0.255930	6.543146	5.670865	2.186628	2.826100	7.170412	7.033436	-5.204038	-25.480227	0.255930	-1.559684	-8.132769	-3.514177	-6.207820	-1.490633	-9.680920	1.955896	-1.921209	6.549246	7.313707	6.441426	2.186628	
7465	0.296297	8.098782	6.867961	-7.369378	-12.112499	3.744175	-6.858548	-11.388782	-0.034897	-9.609042	-3.300514	-10.534831	7.534150	-0.039617	7.619602	7.049648	8.971880	6.417569	-4.451518	-1.192128	-6.873910	4.877925	-1.753192	7.578815	-0.921804	-5.158027	-0.034164	-3.873860	6.850556	6.867961	-7.368797	-11.061666	3.744175	-6.858548	-11.388782	-0.034897	
484	0.212912	2.706203	5.314571	-9.034054	-11.123938	0.800572	-8.904712	-9.703786	0.252763	-5.893541	-3.359791	5.310918	-9.010395	-10.604674	0.800843	-8.147852	-8.946925	0.252763	-4.813262	-3.359344	5.272886	0.729219	-10.034317	0.801479	-1.912188	3.275211	6.239236	-10.076677	-6.418444	-3.343304	6.553402	-2.176682	4.947491	2.986964	8.174354	6.239229	
7485	4.925335	-3.224429	-2.856765	-9.831107	-12.898233	0.241145	-2.510358	-3.282403	-0.493456	-6.383456	-8.804601	-3.113789	-9.823201	-4.761917	6.766522	-2.510298	-3.282341	-0.493456	1.049019	3.164269	3.729259	-9.975395	-14.382282	0.210567	-12.324128	-13.099906	-0.497189	-3.666941	-2.407415	3.728827	-9.975395	-13.241090	0.227964	-8.102497	-8.878274	-0.497189	
1511	3.080579	7.610834	7.585279	-9.971958	-17.197662	3.521089	-9.948822	-12.932050	-0.303569	-4.529084	-4.312282	-9.559468	7.465665	-0.870240	6.584738	6.014742	9.302148	5.967065	0.806151	2.017340	-6.744386	7.048241	-2.471838	6.560218	6.002963	9.290369	5.967065	2.524323	2.027532	-3.208489	1.005453	-4.883717	3.641424	5.988868	9.276274	5.967065	
5499	3.186845	4.412073	8.024167	-7.304654	-18.259080	-0.760570	-7.603328	-7.818395	-0.436073	3.853747	4.422371	6.364710	-4.198877	-13.503933	-0.760570	-1.353931	3.574309	4.707234	-3.952330	2.594277	5.159799	5.239490	-2.553740	4.459691	1.004623	5.946201	4.720572	6.487656	4.437207	6.371115	-6.290597	-13.525053	-0.760570	-1.432708	-1.524413	-0.312712	
6479	-7.169397	-3.417621	-5.916259	9.406265	-0.072393	4.906315	5.086935	10.473537	6.077881	0.730851	7.242156	6.751701	-2.084645	-9.915491	-0.244243	-11.238210	-10.679211	1.250278	-3.272707	2.830159	6.741912	-2.084331	-8.936283	-0.244239	-8.057373	-7.498260	1.250392	-3.873136	2.656024	5.336052	2.485152	-5.500862	-0.187033	-2.168862	3.010634	5.870775	
8481	6.727472	2.615863	6.874360	-7.621929	-14.499192	-1.912290	-5.069659	-8.861348	-0.852522	-5.301480	-5.011926	-0.595361	5.869936	-2.515009	3.968563	6.537483	8.419543	4.821226	-5.342253	-5.364069	-5.463032	5.946087	-2.234656	3.989465	6.538878	8.420938	4.821227	3.433850	2.615554	3.451359	2.224277	-5.640438	-1.843837	1.377211	3.023920	4.585877	
1516	-11.072742	-8.010127	-10.281388	7.973781	1.976489	7.758141	5.587135	8.892634	7.280036	4.420744	-2.188779	-10.254211	6.737093	-3.540422	7.502042	0.254187	-2.238008	1.482343	5.918042	-2.184841	-5.725811	1.338479	-7.753769	1.640223	0.254186	-2.238008	1.482343	2.376669	3.886740	5.089438	-2.222899	-15.234758	1.639995	-10.985426	-13.477657	1.482306	
3486	6.307400	1.459384	-5.607578	-2.850274	-11.886484	2.159318	1.017906	-1.254271	-0.923788	0.242482	6.666451	4.854848	-9.392539	-15.190706	2.159246	-10.273795	-12.553946	-0.931763	-6.966291	-4.133955	-11.052999	6.486855	2.170982	6.511968	3.990528	7.674988	5.032849	-4.752506	-4.129958	-9.221102	2.468817	-1.013725	6.372105	1.071953	-1.198530	-0.922094	
502	3.506686	5.484197	-2.680686	-6.661357	-6.495222	1.274994	-4.688205	-8.164349	-2.873324	-8.998419	-2.937176	-13.788840	6.357326	3.232217	6.111547	7.330025	10.302512	3.575308	2.346291	7.873617	3.952169	-11.613527	-11.112993	0.860126	-10.703184	-14.179328	-2.873324	-2.126754	1.796527	3.952152	-8.558290	-8.029140	0.916099	-5.852750	-9.328895	-2.873324	
6492	-6.496697	1.829538	4.622901	1.521487	-3.813119	7.626730	-7.228874	-8.204001	-0.821223	-8.276000	-0.850622	0.330238	6.927100	-2.492939	7.627326	-3.426865	-4.401991	-0.821223	4.428959	8.140411	6.797195	-3.482539	-14.789270	1.413472	-13.297469	-14.272596	-0.821223	-7.460941	-1.013882	-3.509680	7.653399	-2.093917	7.627331	-0.811209	-1.786280	-0.821167	
4487	3.628549	5.612858	1.583680	1.344613	-7.930208	-0.267272	4.127252	9.229765	5.491840	2.357986	5.682133	6.842060	-8.130534	-23.085198	-0.291954	-4.593949	-6.117587	-1.134311	4.704612	5.682498	6.682716	1.335782	-12.873587	-0.291953	-0.563392	4.538748	5.491467	4.227546	5.641233	1.968444	6.357669	nan	5.725930	3.601829	8.704344	5.491842	
9479	2.213908	5.423913	6.720373	-5.844224	-23.541559	0.063152	-7.375792	-9.136304	2.295288	5.655257	-0.594263	-4.731481	0.695192	-7.704008	0.097087	6.002182	8.127012	6.180630	5.039027	-0.595412	-5.190912	0.819839	-4.236009	6.299760	6.002394	8.127223	6.180630	-6.214783	-7.141559	-9.119217	4.826165	2.029311	6.302185	6.139872	8.264702	6.180630	
4500	-9.415279	-6.865176	-7.956435	7.497285	3.154224	6.139591	6.279201	10.778451	5.227527	3.307083	3.556059	5.941387	-9.328004	-19.825388	0.365622	-5.647514	-7.620696	-1.244906	3.425709	0.383968	-2.804980	1.124318	-7.892775	2.348444	5.594793	10.094043	5.227526	3.449251	3.447575	3.752680	1.107482	-13.622807	0.446948	1.850135	6.349209	5.227350	
519	0.394778	1.962985	0.918173	-7.501851	-12.304733	0.592345	-8.153059	-12.908119	1.160720	1.083243	0.698986	-1.361815	-7.510769	-13.662388	0.592345	-2.686482	-7.441543	1.160720	-8.321729	-5.272263	-11.754833	8.072600	0.905644	7.220831	3.174469	5.055081	7.796393	1.319366	0.699249	-6.261476	5.224750	-5.511982	0.630582	0.965063	2.845026	7.795744	
8504	-9.418953	-4.675474	-8.469058	6.499436	-1.076620	5.433140	4.065537	7.785892	6.480705	1.218663	7.458661	6.478902	-5.462866	-19.613291	0.394220	-10.740825	-9.186632	4.314544	-4.257215	2.297554	6.471531	-4.915256	-15.037006	0.394222	-7.462563	-5.902591	4.320322	nan	-4.394625	-4.679441	7.173531	nan	4.845144	4.065513	7.785868	6.480705	
6517	-7.579706	-1.363874	-9.742182	1.052000	-1.913706	8.176082	1.716187	-1.239327	-1.425669	-9.179734	1.689823	6.180056	-8.097826	-8.367256	4.082009	-4.933034	-7.888906	-1.426026	-13.098598	-1.583194	-10.319551	5.675359	0.741271	8.176139	6.476284	7.604120	2.657681	2.677829	3.571961	-5.632081	0.505376	-3.718081	8.147051	1.063428	-1.892406	-1.425989	
2521	-1.172597	-0.671797	-7.846749	1.946812	1.339184	7.108505	-2.271858	-5.400216	-0.478100	-5.376624	-2.577870	-13.601003	8.069288	3.868293	7.108505	6.387705	9.186982	5.449535	2.192122	2.038050	-3.405315	-4.039015	-5.601021	0.954816	-6.226682	-9.357944	-0.481004	2.427849	7.907848	3.529939	-6.508400	-8.164589	0.954288	-11.564556	-14.695831	-0.481017	
3510	0.662407	6.731763	6.195172	-6.532629	-14.626006	1.673859	-9.292100	-14.494728	-1.113126	-9.039877	-5.745226	-7.686536	9.146186	0.529500	6.813484	6.180420	7.091895	5.000977	2.269775	4.328080	1.145896	6.229576	-6.128019	1.674153	5.498846	6.410321	5.000977	-4.277824	-2.544763	0.972549	7.423263	-4.564630	1.856775	6.119158	7.030633	5.000977	
4516	-1.869975	3.465679	7.525645	-5.006871	-8.869427	3.693749	-4.880534	-3.981479	1.547143	-6.845620	1.441539	7.419328	0.066383	-3.988608	7.043586	-4.311746	-3.412608	1.547226	-6.818447	1.441567	7.525645	-4.582858	-8.492874	3.694532	-4.311754	-3.412616	1.547226	-1.886279	3.418757	7.492736	-0.875763	-4.276840	6.413117	-4.796610	-3.897550	1.547148	
5551	-13.048201	-5.594867	-9.989126	3.780043	-2.431358	5.961377	5.929701	8.755113	3.991035	-7.211611	1.689994	4.634722	-11.026508	-16.221702	0.924900	-4.990947	-8.648826	-2.492256	-13.047344	-5.594852	-7.475971	2.304651	-4.096258	4.256462	5.929701	8.755113	3.991035	-7.589733	1.517087	4.634721	-4.971522	-15.618801	0.924900	-4.988967	-2.231587	3.923003	
8525	2.262567	5.982298	6.260400	-9.459543	-16.772858	3.756942	-9.153533	-14.044830	0.794509	7.204563	0.608233	-4.575360	-4.725424	-9.728834	3.756942	2.864305	-2.007641	0.813862	-8.664756	-5.917617	-5.925896	5.027561	0.957372	8.848089	8.277384	9.601519	7.009942	1.364278	0.185379	-4.578214	0.716652	-6.723605	3.757287	8.206985	9.531120	7.009942	
8529	-3.104848	-2.651890	-7.064885	3.012577	-2.220358	8.558396	-0.471308	-7.279503	-1.923066	4.401932	-0.232421	-2.258413	-0.588379	-13.913598	3.092258	-0.486956	-7.295157	-1.923073	-8.201349	-1.830194	4.558040	-3.925546	-14.791109	3.069206	-6.406098	-13.214596	-1.923370	-9.179419	-6.812685	-13.061395	7.282368	-0.216546	9.026558	5.986566	4.643953	3.542515	
5559	-0.543306	5.320363	5.453971	-7.602106	-9.954353	1.384103	-6.265863	-8.823323	-2.207290	-6.328755	1.194331	-1.899810	-1.621224	-2.341555	5.903468	-2.035999	-4.593141	-2.206971	-9.501621	1.194148	-9.889227	8.930420	2.801963	6.680584	4.513573	7.192757	3.029354	-5.532671	1.227916	5.453847	-7.600797	-9.053807	1.388893	-6.159097	-8.716557	-2.207290	
4539	-5.172780	1.347136	5.070958	-8.015926	-14.307155	4.485601	-5.380020	-8.095164	-2.637926	1.960742	0.812005	-10.820827	4.147174	-2.485661	9.601859	4.413288	7.035217	2.699147	1.286492	5.577699	5.070958	-8.464094	-18.499964	4.485600	-7.268557	-10.104899	-2.759124	-5.398207	-3.744316	-11.402265	4.338337	-1.320156	9.602831	4.550729	7.173983	2.700473	
560	2.886419	0.991136	-3.271669	-1.655039	-12.338670	-1.420437	6.816346	12.662814	6.342922	3.211205	6.803501	1.821058	-2.162283	-15.931306	-1.420437	1.148718	6.995208	6.342943	-1.198838	-0.699371	-3.271669	-1.125192	-9.745629	-1.420436	6.816409	12.662877	6.342922	-7.186718	-4.626054	-3.757940	3.202127	-2.876610	4.027138	6.817105	12.663573	6.342922	
6565	-5.532813	2.262694	7.122376	-6.699035	-14.274022	1.109149	-6.444222	-7.801365	1.050388	-11.902380	-2.973989	-8.766331	6.478605	1.052496	7.226308	5.995985	8.773805	5.185351	-4.871644	2.262730	6.096241	0.674807	-6.727633	1.109151	-0.326931	2.390928	5.125390	-10.725709	2.247767	3.165365	6.311728	-0.207594	7.226221	-0.313413	2.407772	5.128716	
4547	-0.101794	2.408553	8.955377	-2.460075	-16.754347	1.286980	-2.700989	1.214941	5.043700	-7.481623	-5.552263	-5.683800	6.015889	0.073235	6.931709	4.846342	8.762272	5.043700	-0.004422	2.832037	9.071240	-10.770301	-20.922128	1.286980	-7.613078	-9.171255	-0.430407	-5.704659	0.355228	9.065102	-9.202103	-16.158083	1.286980	-4.837663	-6.395788	-0.430355	
6571	-3.817712	-5.049530	-2.111238	4.680361	-2.582937	6.320345	0.318301	-5.654737	1.502166	5.363304	1.189280	-0.600882	0.563127	-13.090029	1.188062	0.301137	-5.671901	1.502165	1.534348	3.372632	5.153250	-5.461975	-18.765614	1.188062	-6.210063	-12.183126	1.502141	-8.904189	-6.008467	-6.372198	6.957622	0.695387	6.556609	5.319376	4.578495	6.734324	
570	6.545435	4.453726	-7.230106	-2.463148	-10.217499	2.472501	0.245227	-5.246353	0.788787	1.428056	4.442500	-7.230399	-0.219975	-5.878555	2.815095	6.353092	6.357755	6.285030	-6.492021	-0.822763	-13.129094	6.356110	1.050392	6.847147	7.789316	7.793979	6.285030	0.984152	8.088340	3.832433	-5.228181	-14.358225	2.471545	-7.192876	-12.696879	0.776363	
6579	3.026960	3.371547	-9.965218	8.392887	-3.564709	6.037750	4.951843	2.340538	5.051907	5.946381	3.373575	-8.094992	-4.274088	-12.884141	1.505250	0.672308	-7.184924	-0.194020	-0.527453	4.544001	4.165010	-9.754130	-10.097481	3.059414	-6.664103	-14.834093	-0.506778	-0.388674	1.983436	-11.531057	8.650213	-1.463931	6.145134	5.747609	3.328479	5.244081	
7584	2.224407	5.217645	8.773626	-2.485661	-15.166532	0.633747	-7.927970	-10.147349	5.493662	-3.225438	0.085069	8.773499	-0.588947	-9.067459	0.633747	-3.739095	-5.958474	5.493662	-10.143362	-5.277235	-6.733100	6.762051	1.475465	4.883612	6.746583	5.344769	6.311227	1.492271	0.030982	-0.567380	0.885647	-5.387023	0.637104	6.143198	4.741383	6.311226	
5586	2.250050	5.296040	6.622418	-5.293888	-17.291974	2.162294	-5.288018	-6.133764	-1.001814	-6.135094	0.080800	3.563811	5.163240	-2.873603	6.939467	2.965255	7.787309	4.665986	0.737218	4.834627	3.781489	5.009924	-3.289205	6.937899	1.560370	6.381935	4.665498	-4.259740	0.088903	6.496546	-3.621405	-11.467943	2.162294	-3.282545	-4.041573	-0.915096	
2578	-4.216567	4.790300	7.394142	-8.157637	-15.657152	0.360399	-11.099734	-11.821357	2.057337	2.000306	8.634334	7.394142	-8.158365	-22.021348	0.360399	-11.101483	-11.823121	2.057323	-8.841333	4.160034	1.381857	2.089492	-2.076317	5.563903	-0.101740	4.600297	7.480971	-8.720980	4.160409	1.561560	2.086466	-2.121172	5.559556	-0.166375	4.532081	7.477135	
2583	-4.020442	-1.171409	-6.592991	3.772838	-2.130599	5.766141	0.258360	-1.932952	0.119597	-8.820988	0.152208	6.966199	-5.215202	-11.393247	-0.438816	-6.261985	-8.455370	0.117525	-12.259972	-3.631343	-6.817305	5.663275	0.713273	5.768022	4.980505	8.527474	5.857878	2.970601	3.019228	-5.638902	3.040522	-2.761274	5.761037	0.240062	-1.951403	0.119444	
4573	-2.808044	0.807134	5.975885	-6.156376	-16.348217	0.416803	-6.219439	-6.479952	2.033804	-6.553118	-1.912221	-12.093418	5.572841	0.456240	6.820730	3.544047	8.859906	7.610176	4.650743	4.638669	-7.403494	1.097100	-7.135763	0.416832	2.288752	7.595716	7.601281	3.821074	7.076128	5.977207	-8.419397	-21.846188	0.416803	-8.752850	-9.366594	1.680572	
1614	-1.967708	2.723510	8.902878	-7.049425	-14.283018	2.978170	-1.988708	-6.925935	-0.494884	-1.697072	3.041181	8.892703	-0.509826	-14.282363	2.978170	-1.827379	-0.926607	5.343116	-7.413583	0.338207	-5.903003	6.048447	2.309903	7.455868	7.860013	8.760851	5.343182	-3.213942	2.196563	4.039210	-0.055559	-8.321660	2.978170	2.288627	3.189465	5.343182	
9571	-8.614396	-0.696791	4.869780	5.947807	-0.751882	4.635378	-1.600686	2.833674	6.116890	-8.406117	-6.259184	-6.046968	6.993045	3.997889	4.635378	3.799475	8.233836	6.116890	2.175722	4.130586	6.956891	-4.606567	-17.516429	0.646077	-8.849721	-10.795705	-0.263455	2.947854	4.130599	6.955105	-0.742672	-11.751632	0.646077	-2.654039	1.780305	6.116873	
1627	0.795918	4.494794	4.116689	0.357443	-7.181929	0.999891	2.081900	6.090031	2.851321	1.577150	4.926881	7.645082	-10.611732	-20.306430	0.999890	-6.367738	-7.971288	-2.760360	-4.530034	0.414302	7.547224	-9.795505	-16.877192	0.999890	-4.944035	-6.538893	-2.751668	-5.989645	0.192200	3.137830	0.594013	-5.287873	1.002248	3.667412	7.675756	2.851534	
5615	-13.441982	-3.887013	0.249524	5.544009	2.832469	4.742393	2.552944	6.289468	4.801054	0.650184	4.791181	8.370524	-5.744222	-14.900818	-0.847660	-3.344693	-3.194922	1.214301	-9.483741	-0.492477	5.194085	-1.135993	-7.777145	-0.847660	1.145870	4.882070	4.800730	-11.735423	-0.494555	3.802772	5.168533	-3.387980	0.074694	1.274108	5.010388	4.800810	
610	-5.112980	0.916695	6.687475	-1.489691	-6.451089	-1.130995	1.372710	4.775099	3.056082	2.836359	7.130838	7.015801	-11.233117	-15.552597	-1.837085	-7.962492	-10.978734	-3.362548	-3.786402	1.311530	7.015801	-11.010112	-12.462244	-1.836867	-5.403927	-8.420169	-3.362548	1.513770	6.988237	7.004472	-1.494099	-10.436576	-1.833416	-1.216222	2.186046	3.055961	
5625	-4.756241	1.413532	5.863589	-2.597713	-9.209141	1.463344	-5.801285	-5.821430	-0.652103	-0.125425	7.831354	5.863597	-4.409575	-9.458535	1.463308	-9.914941	-9.935088	-0.652106	-5.289131	1.411409	5.861178	1.388907	-6.496431	1.589577	-5.795543	-5.815687	-0.652103	0.125733	7.918170	5.863499	-1.279254	nan	1.478753	-9.914941	-9.935088	-0.652106	
4611	0.653450	5.504805	5.419502	-6.681594	-8.869524	2.231295	-3.493909	-11.662286	-4.668965	5.426395	1.141328	-5.917496	-4.362883	-7.733775	2.231295	2.715745	-5.452589	-4.668921	-10.182694	-3.171914	-12.312831	7.895530	-0.987884	4.838918	7.492081	5.947393	1.954725	-1.410156	4.409800	4.908918	-6.085817	-8.004756	2.231295	-1.140200	-9.308578	-4.668965	
6627	0.411041	5.249786	6.813623	-7.711489	-24.614038	1.231411	-7.559030	-10.458726	-1.354693	-5.384721	1.000358	6.813622	-7.623294	-19.570366	1.233835	-5.031150	-7.802407	-1.226254	0.726088	5.806603	6.174433	-1.903633	-20.812375	1.232394	-1.154920	0.970388	3.670146	0.677379	5.737029	6.145935	-1.883883	-20.632371	1.232534	-1.139022	1.012785	3.696727	
1650	-12.703056	-7.700395	-9.047815	5.602308	2.808670	6.078033	4.724931	8.497261	5.965636	-7.628440	-1.096797	5.846006	-1.809181	-3.157069	4.979140	-5.386363	-7.165246	0.414423	-4.566399	1.525553	6.594232	-5.795646	-8.640918	1.120405	-5.685713	-7.464596	0.414423	1.971695	5.275742	6.594243	-7.135295	-15.405196	-0.052734	-11.066269	-12.845152	0.414423	
1655	-4.197370	-1.349871	5.224727	-0.171622	-5.400231	5.211289	1.153117	4.052408	6.445430	1.117844	2.333746	6.454552	-0.550701	-11.974025	3.815789	0.299516	3.198805	6.445428	-10.285023	-7.564432	-9.250012	6.176844	1.340345	9.026021	6.502829	9.402119	6.445431	0.932090	2.317388	9.386402	-6.322317	-16.847019	3.815517	-5.540057	-5.652334	3.433863	
7643	8.491384	1.677835	-4.695947	-2.016152	-10.243029	1.134393	2.083607	-3.184134	-1.597930	1.893847	7.887599	6.792181	-4.138928	-17.840346	1.134393	-8.138611	-13.406352	-1.597931	-5.701988	-2.936692	-12.145201	5.745290	2.717507	7.535862	4.758789	5.837253	4.748275	2.132274	1.348004	-4.952897	-0.450087	-6.213157	1.142761	4.757703	5.836168	4.748275	
1657	-0.316130	6.600247	6.866670	-5.223480	-10.677496	2.034690	-2.739227	2.634655	7.402947	1.658099	5.470126	-2.442951	-0.420729	-10.635200	2.034737	2.378022	7.789102	7.440145	0.953961	7.043210	6.868071	-5.826367	-18.691359	2.033921	-2.742315	-1.428013	3.343367	-0.103243	6.754055	7.239917	-5.861296	-17.611427	2.033921	-7.345133	-6.030870	3.343328	
9610	-0.117532	7.789186	5.325066	-11.987182	-16.152336	0.781910	-8.907335	-13.722590	-0.398592	0.999127	1.776108	-5.965907	6.670952	-4.422383	4.217560	5.065847	5.733063	5.083881	1.006566	1.776648	-5.684291	0.362997	-6.804417	2.481890	5.065840	5.733056	5.083881	-9.287215	-4.417175	-10.852197	6.924353	1.254909	6.309013	5.069554	5.736771	5.083881	
645	-8.033705	-6.599378	-9.049939	8.439030	-0.409635	6.706787	6.418385	7.748577	7.204567	1.605426	5.644338	7.723150	-1.544226	-18.650014	1.297006	-9.037153	-13.750818	1.160710	6.932945	-0.326185	-3.888605	5.039645	-8.842448	1.297011	1.978283	-2.730271	1.165820	2.647804	-0.492754	-7.468419	7.092823	-4.240126	2.466176	6.404818	7.735011	7.204567	
2639	1.660188	7.570395	7.802533	-7.321337	-20.903182	0.207601	-13.203968	-14.206298	1.224963	-2.922847	1.930387	7.802531	-7.321267	-15.684732	0.207636	-6.554606	-7.556925	1.224974	-4.976832	1.924503	7.570451	0.378552	-9.216034	0.458762	-0.801155	3.227903	6.256351	-9.981683	-4.371955	-3.861012	5.033894	0.434892	6.318922	2.630529	6.659587	6.256351	
6649	-4.002948	1.157903	6.952082	-3.928147	-12.503617	1.127024	-6.300047	-8.829334	-1.858708	1.608388	4.388702	6.952413	-3.987160	-17.276947	1.127024	-10.416663	-12.945950	-1.858708	-6.932229	-3.530740	-7.403722	5.540667	-2.397162	3.694165	3.313715	6.602037	3.958902	0.990586	1.316051	-4.948200	1.630886	-9.815762	1.127024	3.313424	6.601747	3.958902	
657	-9.787520	-3.666554	-7.800734	5.656379	-1.467197	5.056063	0.197094	-1.470470	1.424371	-12.457387	-3.894706	-14.607700	6.278414	1.834809	5.056063	6.122112	9.129969	6.099790	1.789675	1.224399	-5.500520	1.571440	-8.477324	-0.039801	0.196377	-1.471342	1.424215	1.349083	4.926706	0.336361	1.225957	-9.252798	-0.039856	-0.630618	-2.373016	1.349536	
1676	1.209614	6.384629	7.558501	-6.940734	-14.231545	2.551132	-9.705980	-9.684874	-0.483474	-5.010149	3.965951	7.558484	-6.939086	-11.192115	2.551132	-7.944408	-7.923300	-0.483473	2.230841	6.444048	7.558058	-4.124613	-10.802563	2.551132	-3.441721	2.637461	5.574602	-4.896687	4.035944	7.542719	-6.939153	nan	2.552214	-7.991952	-7.970845	-0.483473	
3643	0.704757	-1.065735	-7.602041	6.521173	-1.358634	7.181881	6.559241	8.927762	4.743024	2.783422	4.756823	6.239999	-8.539120	-15.305419	2.528175	-5.474842	-8.614692	-0.765347	-2.878634	2.090504	6.232296	-8.525995	-11.138035	2.528176	-4.450974	-7.544480	-0.719003	-5.052054	-6.278123	-7.638772	6.521362	0.409167	7.239021	6.560281	8.928810	4.743032	
4644	1.732613	3.453182	7.257155	-1.802086	-20.923614	2.937364	-5.063529	-12.506974	-3.351518	2.325413	0.801214	-2.769945	6.385685	-3.095473	8.488967	6.539098	5.115262	2.668091	2.403841	1.076789	-1.854435	-0.032154	-13.288239	2.937364	6.487658	5.057778	2.662047	-7.469901	-5.946002	-3.996054	6.385784	-1.107611	8.835931	6.573024	5.153045	2.671948	
664	3.823194	7.394600	7.344544	-3.022260	-16.912769	1.540347	-5.893615	-7.668172	4.733707	3.813310	0.932247	-8.867898	5.832963	0.348594	6.838003	7.677314	7.505751	6.336702	-2.782108	7.271860	7.344544	-3.022260	-14.393506	1.540347	-5.797742	-7.572288	4.733718	-4.576640	-3.491066	-8.867898	5.833096	2.886421	6.838581	7.794110	7.622547	6.336702	
4649	-9.000227	-7.188933	-8.395844	5.709162	4.191056	7.284482	5.490227	7.885068	6.704614	1.215863	-1.455048	-2.939236	-0.539854	-7.607810	3.331799	5.427053	7.821893	6.704613	-4.772996	-0.877404	6.287468	-11.079652	-13.956710	0.942846	-3.278026	-6.206421	1.381378	1.427194	4.072217	6.316233	-11.080443	-19.335416	0.862357	-3.828512	-6.756911	1.381374	
2663	7.274144	1.294652	-6.758917	-4.086376	-12.414728	1.402286	0.812892	-4.306911	-2.432107	2.043123	0.703025	-9.066705	1.413977	-2.571866	7.295706	0.812926	-4.306877	-2.432107	2.795778	6.570896	4.659036	-8.392556	-13.093335	1.402286	-12.141484	-17.261287	-2.432107	-7.740429	-5.071571	-11.454064	3.131981	1.080193	7.341522	5.904366	6.334506	3.117835	
3655	4.161360	-1.268675	-4.437518	-0.220762	-4.461433	5.852835	0.317825	-5.353956	-2.521493	-7.474413	-2.544267	6.804520	-8.433703	-7.207973	5.616067	-5.652498	-11.324279	-2.521493	4.161753	-1.268675	-4.426431	-5.021995	-8.499241	5.616064	0.317820	-5.353961	-2.521493	-10.048481	-7.537168	-10.844629	5.591031	1.203165	7.373819	6.616174	7.521801	4.055915	
3657	3.255773	7.166418	6.020675	-9.347760	-17.290884	0.467575	-10.825504	-14.107639	-0.677999	3.414800	5.178717	-4.421284	1.476421	-6.163218	0.962872	3.127589	6.129894	5.606442	-4.783965	-1.111882	-10.102656	7.330093	3.117302	6.764081	4.464779	7.467085	5.606442	3.446297	6.378509	1.161275	1.476008	-6.284835	0.838086	1.839465	4.841769	5.606441	
2666	-4.368008	-0.809750	3.247477	-4.735441	-11.059606	1.100350	0.443498	-6.026987	-3.278804	-4.343203	-7.406577	-4.827552	-4.428175	-8.893000	1.101094	2.604884	-3.828007	-3.241211	-8.756321	-7.641396	-5.093679	2.172898	-3.883294	4.988499	6.934429	6.089217	2.346468	-10.741184	-7.641924	-9.287928	2.508089	-2.597417	6.844371	6.934429	6.089217	2.346468	
3659	-4.157344	0.697665	7.851152	-12.553257	-10.727353	-5.387941	-6.911997	-8.349177	-1.526937	5.811068	-0.054863	-1.761887	-7.387231	-10.649822	-5.386963	-0.405521	-1.842525	-1.526761	-8.342045	-5.808780	-7.899720	5.419515	0.847720	1.221893	5.263289	9.698518	4.345472	-4.008082	0.697667	6.636379	-2.384647	-8.776295	-5.272541	-1.016334	3.410624	4.337201	
686	1.737725	7.228258	4.870499	-3.896842	-22.253675	0.337815	-9.476929	-14.655649	-1.903710	6.931176	2.283765	-3.997098	-1.404414	-17.844966	0.350355	-0.030725	-5.209433	-1.903698	5.159179	2.283739	-6.675164	1.848399	-9.021179	2.629111	4.910298	5.565267	3.929978	2.232012	2.278929	-8.868726	5.995114	-2.363488	6.139868	4.910415	5.565384	3.929978	
1696	-11.557814	-1.428433	-12.553989	2.525376	-1.111274	4.658653	5.431719	9.093521	4.747537	0.156176	5.946295	5.769774	-14.645880	-17.384666	1.181165	-8.564102	-10.193383	-0.543546	-1.103930	3.374133	-8.069260	-3.708463	-5.455901	1.181923	5.385819	9.047621	4.747537	-5.451430	4.121347	5.440764	-9.119198	-8.073391	1.181165	-1.490152	2.170637	4.746525	
7685	4.517421	6.582471	7.094208	-3.738797	-19.747476	3.724158	-6.685602	-7.820380	2.258880	4.957907	0.123705	-2.999615	2.589448	-7.041427	3.817252	6.829141	9.325112	5.889628	4.464610	6.582310	3.291537	2.354065	-9.751798	3.726414	0.744644	3.199977	5.848991	-5.601913	-6.545339	-7.261014	6.365469	0.933716	7.412484	6.947632	9.443603	5.889630	
2676	-4.509265	5.041753	7.043799	-11.204619	-16.740049	4.363820	-6.317527	-8.150944	1.239650	-4.968167	-0.617726	-6.213543	-1.027822	-7.103690	4.363907	6.017142	10.508186	7.564111	-7.499380	-1.280366	-11.558210	4.245316	-0.569250	7.851376	6.018625	10.509670	7.564113	-4.937719	4.845960	5.579861	-1.156250	-10.415798	4.363820	0.134883	4.523389	7.461574	
6690	-4.392155	-9.189495	-5.135518	5.016831	-3.834258	5.841003	-0.118101	-1.943260	-0.737993	-6.013259	-2.828728	6.738080	-4.252993	-12.803463	2.628592	-4.906081	-6.796095	-0.802849	3.903870	-5.377174	-5.116716	-1.057056	-12.052852	2.628592	-0.118105	-1.943265	-0.737994	3.650979	-5.379659	-5.116747	3.435364	-5.681063	4.695059	-0.118105	-1.943265	-0.737994	
7705	-12.964884	-2.232461	-7.609267	6.233891	3.659529	5.513142	3.149928	8.795011	7.271712	0.612050	6.887216	6.780028	-3.978558	-17.433024	-0.761002	-9.935945	-9.742900	1.819675	-5.509742	5.786417	6.780028	-3.978520	-12.607234	-0.761002	-9.932569	-9.739523	1.819675	-6.584690	3.033549	6.675222	-0.352216	-6.491709	-0.760968	-1.771437	3.873645	7.271711	
9682	-2.279641	4.765581	6.679571	-6.820119	-15.170689	1.298944	-8.667958	-11.378746	-0.562612	2.072514	7.902950	6.687005	-8.130244	-17.580177	1.298944	-10.610634	-13.321423	-0.562612	1.095771	4.214712	-0.866909	4.729488	-1.660329	6.964272	2.583653	6.315367	5.879890	-3.916981	-1.770767	-7.580457	5.066237	0.162906	6.964346	4.030011	7.761725	5.879890	
3689	-5.730483	-4.062842	-4.250099	5.647565	-2.523525	7.220686	3.202522	-1.308266	0.620709	-11.801522	-5.252853	-9.179841	7.933073	0.926648	7.476400	6.352343	7.516280	6.295434	-4.567603	1.290248	8.747384	-3.226455	-12.324222	3.686044	-3.281282	-7.795510	0.617269	1.358714	6.261095	8.898608	-5.933974	-14.507582	3.685940	-8.617363	-13.131591	0.617269	
1734	-3.106083	-0.908849	6.748058	-6.679118	-13.674467	3.873733	-5.325671	-5.119716	0.448269	-5.036116	-1.002523	5.239863	-0.166507	-5.996314	3.874211	0.327076	4.336931	4.252169	2.032378	3.867533	6.748174	-6.679121	-18.449097	3.873733	-5.398013	-5.192058	0.448268	-0.028910	0.941951	5.239999	-0.252918	-10.411468	3.873733	0.327073	4.336928	4.252169	
7725	-9.358306	-4.096320	-7.830651	6.810114	1.259625	8.219350	6.077755	8.298148	4.200381	0.935934	4.897727	7.049165	-3.908909	-18.383726	3.011278	-10.173069	-12.754470	-0.601413	-4.106508	0.083501	7.049162	-1.720044	-13.392114	3.011297	-4.603631	-7.185028	-0.601409	-8.163571	-0.173220	3.247191	1.239091	-5.660369	3.675143	1.962917	4.182649	4.199720	
1751	-6.798710	-5.013548	-13.165900	6.627920	0.045418	6.557221	7.226011	7.309575	6.441610	4.427466	0.828396	-6.886383	0.004426	-10.508282	3.413815	7.216052	7.299616	6.441610	-4.005621	1.834492	4.134169	-2.899604	-15.330053	3.413812	-5.240414	-7.695881	3.902580	1.048635	5.683826	4.134180	-4.704884	-18.941790	3.413812	-10.233816	-12.689282	3.902580	
9702	0.674940	-1.040482	-5.502178	-2.035526	-11.347503	0.249368	8.349237	8.087247	3.134864	5.649006	6.134080	6.475760	-11.441583	-25.867738	0.249368	-5.275201	-11.996945	-3.324891	-3.038923	-3.436417	-5.502178	-2.025416	-6.503167	0.252236	8.349252	8.087262	3.134864	-7.772001	-5.447661	-12.054293	1.819622	2.909469	6.112395	8.349289	8.087298	3.134864	
6733	4.504428	2.399508	-4.474946	-0.043387	-5.167797	6.323081	5.699138	5.972509	2.430267	5.345025	2.399508	-4.436665	-1.740200	-12.693862	4.325106	-0.296833	-6.649802	-4.196073	2.364256	2.399353	-6.406638	5.212585	-2.628118	6.326881	5.717585	5.991079	2.430390	-2.955037	-2.035565	-10.929489	5.734794	1.351766	6.326885	6.232857	6.508770	2.432808	
8719	1.826861	6.519881	7.354656	-8.863491	-21.297845	2.476404	-8.753253	-11.183922	-2.580271	7.436190	0.243170	-5.112942	-4.578282	-10.157435	2.476404	1.657897	-0.754478	-2.561977	2.038412	5.229994	1.105862	-0.588852	-10.135931	2.476404	5.239774	8.795957	3.406581	-4.343954	-2.779001	-10.421458	1.784296	0.147433	7.230063	1.666129	-0.745683	-2.561415	
2722	-5.483902	3.612869	7.589668	-6.134656	-17.129367	3.055041	-6.722520	-8.941016	-0.094979	-10.162329	0.278529	-7.508464	6.592628	2.140639	5.232921	5.369389	9.320378	6.074508	-5.542132	3.612069	6.156638	0.163561	-10.751434	3.071228	-0.527246	3.423737	6.074501	-7.088681	3.605511	5.907716	3.926152	-5.093068	3.639756	-0.524792	3.426191	6.074501	
757	0.775009	5.569227	7.653602	-13.995773	-12.696782	2.147846	-6.516619	-6.559900	-0.249993	2.352973	1.218697	-5.299471	-1.530060	-5.482294	2.420835	4.249768	10.407653	5.951195	2.738356	5.569602	7.646425	-5.702796	-7.916112	2.149757	-1.810140	4.347765	5.951199	-7.308978	-3.118983	-11.386538	3.862617	0.454459	8.034256	4.250058	10.407944	5.951196	
759	-9.725634	-0.838566	-11.439879	6.503997	0.259660	6.077377	8.109173	8.364520	6.975436	1.520253	6.367715	5.525917	-8.003990	-22.091630	-0.369184	-3.612155	-8.028408	2.303836	1.118744	1.687156	-6.117599	0.220607	-10.090317	-0.369152	7.948932	8.204278	6.975436	-2.358031	4.101528	5.427018	-7.915175	-16.428758	-0.369184	-2.249498	-6.665751	2.303836	
8727	-5.938855	5.847720	7.511401	-5.436044	-20.117952	3.048088	-9.758938	-8.751870	0.270916	-8.037125	4.398116	6.165726	5.839254	-3.137305	8.206150	-0.736299	4.088072	4.088219	-0.300146	7.100605	7.511404	-5.588524	-20.682234	3.047852	-10.140572	-9.239647	0.164774	-8.113182	4.340482	7.244838	-0.496673	-14.520818	3.082351	-0.978619	3.843957	4.086425	
1768	1.564110	7.190510	4.965083	-3.766054	-17.484730	0.080678	-9.204517	-10.021453	2.511438	1.513552	2.213889	-9.693276	5.609858	-3.098409	4.566569	5.273809	8.048172	6.102736	4.173625	6.017701	-0.979076	-3.404464	-11.748774	0.080678	-4.965655	-5.782590	2.511439	-5.284612	-4.209947	-12.711586	6.798392	0.504882	5.905303	5.637938	8.412301	6.102736	
7749	-7.406232	-5.031450	-0.796194	-4.032724	-9.026801	0.162058	-3.439831	-5.698655	-0.106508	-8.118861	1.103371	4.974659	-7.205623	-15.866637	0.162058	-8.763172	-11.620502	-0.705014	-11.050146	-5.046397	-9.924807	8.261417	-0.407432	6.197333	3.217526	6.757600	5.692391	-9.186050	-5.046397	-8.587373	5.436736	-3.638820	1.379634	3.217526	6.757600	5.692391	
3730	-3.138866	-3.849421	-8.939513	1.928765	-2.896781	8.966092	-1.955442	-0.725418	1.211889	-3.415338	1.091712	7.225702	-2.152056	-10.502618	2.589161	-6.319453	-5.097894	1.203423	1.994208	6.980473	7.270170	-2.152061	-14.069586	2.589161	-11.866016	-10.644457	1.203423	3.292895	1.485122	-2.445558	-2.151989	-10.314865	2.589161	-3.308610	-2.086976	1.203499	
3731	2.794959	3.582313	5.333093	-5.879155	-16.619949	1.614988	-4.554416	-5.123774	1.141948	0.468931	-0.497134	-5.152862	-1.794326	-6.416389	1.616502	5.654709	8.746386	4.802982	0.662369	1.153356	0.291441	-1.795330	-9.737254	1.614988	5.201984	8.293658	4.802980	-9.061903	-5.463169	-8.575495	2.520171	-1.606357	6.500564	5.666133	8.757811	4.802982	
4738	6.151161	0.224973	-2.099861	5.905914	-3.041159	6.953567	0.801484	-2.601810	0.775977	-7.679156	-6.372734	-5.891869	9.404292	1.343257	7.161383	4.581928	7.054334	6.651676	2.041734	6.322054	6.730817	-2.591642	-19.666599	0.744741	-11.592372	-14.996356	0.775288	7.114002	0.226666	-0.967464	3.321415	-8.820249	0.980443	0.620615	-2.783000	0.775655	
2735	5.725211	0.723245	-2.928081	-2.782587	-14.349675	-1.493667	-0.199882	-4.854085	-0.819707	-5.546112	2.098001	6.966312	-8.899026	-15.956024	-1.493709	-6.791662	-11.445865	-0.819707	0.459130	6.239603	6.966312	-8.899063	-16.947154	-1.493711	-11.779044	-16.433246	-0.819707	-10.126369	-5.664648	-8.392088	6.373866	-2.069512	4.615706	5.344413	6.211322	4.701405	
3738	2.674156	6.859691	7.812735	-11.614847	-16.669022	4.673888	-10.017287	-13.082309	-2.894486	-2.808769	0.534583	7.767666	-11.614750	-10.364219	4.673891	-6.070626	-9.135648	-2.894486	-8.638529	-6.015451	-6.910808	5.633439	2.375221	8.454912	5.556338	8.802264	3.416463	0.888094	0.384904	-2.014800	0.096334	-7.467706	4.675077	5.551764	8.797691	3.416463	
4750	2.483615	7.866560	6.741121	-3.259004	-20.800072	1.188668	-9.953450	-14.506834	1.588972	1.460364	5.095956	-8.555722	7.655977	-2.322472	7.696161	5.665671	7.475787	7.952472	-5.050128	1.834723	-9.510411	7.662533	-0.710439	7.799188	7.809761	9.619877	7.952472	7.971139	5.297191	-2.534604	1.699216	-11.260801	1.188668	-0.638083	-5.184813	1.595625	
8747	6.922042	2.260705	-5.628146	2.047518	-3.746951	7.115056	2.334664	-1.843421	0.301154	-11.448270	-3.302826	-12.079815	6.118212	1.442071	8.153603	6.875158	7.522360	5.126440	0.704943	7.951601	5.987000	-7.465005	-14.693387	3.014827	-7.518997	-11.697336	0.300899	-4.918946	4.290064	5.987000	-6.631333	-10.453531	3.357132	-6.355685	-10.534023	0.300899	
9741	-5.041840	4.750758	4.612345	-4.772366	-13.710556	1.523631	-7.036131	-10.221298	0.895823	-3.807913	3.207714	-0.882475	5.916683	-1.593748	8.132956	0.567514	-2.617457	0.896019	-10.144334	-4.234290	-4.312773	6.558135	2.169626	8.149570	6.493873	8.914137	6.501254	1.020010	7.050589	4.613133	-4.772396	-19.507263	1.523631	-11.059322	-14.244489	0.895823	
2748	2.159357	6.784255	5.948351	-9.474978	-18.847235	2.116919	-9.009656	-10.017538	1.573131	-0.144236	1.749794	-3.587293	4.254425	-1.967117	6.776528	7.161694	10.598095	6.017415	-8.333859	-3.718358	-6.407007	4.501925	1.848440	6.910507	7.162298	10.598701	6.017415	2.431922	2.628213	-2.365086	-0.077893	-9.360356	2.130254	7.155391	10.591788	6.017410	
3763	6.499476	1.312903	-4.742726	-5.612161	-20.156671	2.955473	-0.710807	-5.294517	-2.911641	2.100111	6.645893	5.104963	-9.401605	-25.078549	2.955473	-9.507301	-14.097960	-2.918590	-6.398412	-3.794898	-10.830479	3.897393	0.104780	7.001316	2.840554	4.681600	3.513114	2.237140	1.312098	-4.776054	0.883698	-10.651483	2.955474	2.818138	4.658371	3.512302	
3767	0.727487	-0.805076	-6.823632	7.009104	-4.434415	6.138609	3.910037	6.921298	5.705147	2.439750	5.676435	6.169943	-8.079334	-18.984413	3.246079	-7.500302	-11.032638	-0.838451	-3.205872	-2.781106	-6.973791	7.640002	-3.856551	6.309877	3.910415	6.921676	5.705147	-9.168436	-2.828342	-7.445387	8.034051	1.311832	6.748344	3.911366	6.922628	5.705147	
1801	4.887035	1.458104	-6.292427	1.506115	-5.709945	1.688964	1.669183	2.103584	2.941583	-4.219829	0.610727	2.588843	-4.484306	-17.967386	1.608247	-3.821893	-7.989161	-1.660086	1.208609	6.489392	2.589636	-4.514191	-21.131442	1.608247	-5.179346	-9.393791	-1.707263	-8.443010	-4.698160	-7.888551	6.653995	-1.596891	7.039917	5.013456	6.132521	3.626247	
6793	4.403910	2.849739	-2.780777	-2.172232	-10.984997	2.403122	6.619980	11.277175	6.549351	3.373721	1.963146	-6.719367	3.393557	-2.111145	6.240431	6.726743	11.383938	6.549351	4.544624	7.889573	7.009488	-9.262021	-19.746817	2.125698	-3.727689	-3.939584	1.680260	4.397592	7.858603	3.055478	-2.282617	-14.792589	2.146948	0.988358	5.645553	6.549351	
9767	2.504416	4.321791	7.339551	-6.823477	-17.487904	4.833140	-7.708345	-10.227693	0.598459	2.158621	-1.330927	-3.033772	7.212832	-3.083061	5.027659	5.494960	7.667968	5.290815	7.220597	-0.509800	-1.167187	-1.661135	-12.962017	4.833140	-0.776081	-3.295429	0.598459	-6.275396	-6.351604	-8.464388	7.287921	-0.711186	5.452806	5.495039	7.668047	5.290815	
4791	0.768052	2.632071	-5.124353	-0.292865	-9.135529	1.355799	8.104744	11.099166	6.828930	1.115899	8.107547	5.960250	-7.430453	-17.350362	1.354150	-3.889979	-7.368073	0.356413	-7.109084	-1.199574	-11.746895	5.142270	1.668534	6.884109	8.221100	11.215523	6.828930	-3.294984	-1.054015	-5.131108	-0.292159	-5.341301	3.303004	8.212084	11.206507	6.828930	
808	0.924867	6.733429	5.409318	-6.841093	-15.737469	-0.276447	-8.694925	-10.374498	1.600955	-2.640883	4.003493	5.409318	-6.796274	-13.615313	-0.276447	-6.792614	-8.472187	1.600955	4.698402	6.808536	5.408903	-1.288641	-11.421987	-0.276447	-2.593438	1.537475	7.411442	-4.932272	0.087179	-8.907094	6.558708	0.523901	5.962130	5.777257	9.913892	7.417163	
1817	-6.650690	2.633835	6.474560	-6.183222	-13.634792	-0.263220	-8.230008	-8.587420	2.026918	-12.524133	-3.657633	-9.259441	6.461155	0.208983	5.414793	4.839638	8.904923	6.449615	-6.914941	2.561732	2.932236	3.283551	-1.996370	5.399668	-2.007553	1.977780	6.369663	-4.822793	3.253588	3.897929	2.647758	-3.338119	3.547912	-2.379592	1.581210	6.345131	
1819	-6.826544	0.236339	6.292343	-1.522777	-9.653892	0.711006	-4.301914	-12.106317	-0.138687	-8.134512	-5.975023	-8.639909	7.227689	-0.774339	6.764805	1.181162	-6.623191	-0.138636	-6.863354	0.236023	6.269804	4.988597	-4.327248	1.669541	-4.301778	-12.106181	-0.138687	-12.830842	-5.975260	-10.818462	7.666251	2.450072	6.765241	7.103517	4.952074	5.514274	
7807	-2.999900	1.799225	6.863071	-0.679708	-10.168504	2.139907	-5.625377	-2.842233	3.114010	-12.405652	1.719427	5.577449	8.141620	-2.215845	7.997805	-0.839022	5.126858	6.296746	2.570255	7.731371	6.863118	-0.679773	-14.756711	2.133503	-6.438760	-3.655617	3.114009	-9.457159	1.719428	5.963611	2.754590	nan	7.787453	-5.625374	-2.842231	3.114010	
3787	0.854030	5.038170	6.956160	-11.327301	-17.720970	0.672795	-3.785307	-7.243440	-1.020101	0.427586	4.617973	4.199759	0.302944	-10.210484	0.672826	2.622393	5.535777	5.351416	-9.277310	-7.465409	-9.890115	6.943005	0.708362	7.224344	6.995815	9.909199	5.351416	0.404843	-1.670964	-3.415775	0.340265	-5.824331	0.929335	6.969291	9.882675	5.351416	
4802	0.609300	4.392036	7.591786	-5.630564	-18.175442	-0.027152	-9.055969	-10.872987	-0.102531	5.634016	-0.619014	-5.092933	2.775807	-5.712707	0.912703	5.219371	8.529948	5.025064	-6.148953	-4.878623	-11.027638	6.502039	0.099347	5.682024	5.219380	8.529958	5.025064	-5.866882	0.621776	7.560162	-5.630530	-15.375363	-0.027150	-4.180629	-5.997647	-0.102531	
4804	-7.012319	-2.517484	-2.418233	5.330385	-2.294823	7.561100	6.270638	8.150327	6.929869	-6.598222	1.252765	6.846187	-1.078353	-18.509478	2.518982	-3.834814	-7.548456	1.336538	-3.732335	0.641441	2.275321	5.287882	-4.407430	4.008396	3.714051	5.593707	6.929836	-4.083991	0.043619	1.994120	5.320794	-3.448137	7.189210	3.935882	5.815553	6.929851	
8791	-2.054344	-2.826987	-6.493695	6.280492	-1.500801	1.092935	6.693808	8.794648	4.501381	5.169492	5.217660	6.550589	-9.106908	-19.919362	-3.185169	-4.587926	-8.663425	-1.674958	3.906195	5.184887	4.525549	0.881917	-9.846446	-3.175623	0.954488	3.055012	4.501065	-5.259678	-4.885520	-6.494212	6.340190	-1.347333	1.099819	6.693809	8.794649	4.501381	
4811	-3.830475	2.716053	5.686984	-4.155816	-17.927076	0.601137	-6.469608	-8.324268	0.269647	1.783420	1.220582	-5.065499	5.891334	-5.340017	0.606909	5.714504	9.145046	5.554849	-9.037644	-2.732428	-10.989405	7.535102	0.108575	7.140144	5.714508	9.145049	5.554849	1.677263	5.551220	5.695075	-4.164241	-21.088341	0.601137	-11.162283	-13.267155	0.019436	
8805	-7.258057	-0.233682	8.704618	-3.801475	-13.741837	-1.122832	-2.952369	-2.433007	3.941482	4.587126	0.446089	-3.036622	1.903602	-6.062640	-0.127059	5.798807	9.663419	7.286732	0.573171	5.634928	8.672523	-3.327298	-12.558731	-1.122688	-1.506310	1.466706	6.395136	2.638012	-0.044215	-7.027196	8.199917	-1.748939	5.128889	5.874046	9.738880	7.286954	
7826	-5.758190	0.920948	6.306525	-11.241783	-13.974972	2.653036	-8.003435	-11.333841	-2.131774	0.869883	6.121096	6.306525	-11.241846	-18.017588	2.653036	-8.113419	-11.443825	-2.131774	-6.893715	-4.920145	-5.669689	1.046069	-2.784124	5.100497	-0.860124	-4.190530	-2.131774	-13.371113	-4.925195	-10.206267	6.525830	0.432058	5.315801	5.425689	8.269775	4.042719	
2797	-11.222156	-5.050224	-5.907555	2.675952	-0.149554	5.749679	6.340252	9.997588	6.659017	-4.786189	1.251282	5.552415	-7.978361	-9.216321	0.587303	-5.751725	-7.579573	1.173832	0.655661	6.762130	5.555416	-9.014635	-13.567130	0.587303	-8.868753	-10.697524	1.172910	-3.666329	1.269088	4.836397	-0.905665	-5.252429	0.633108	-0.622536	2.994363	6.618579	
8809	3.988313	-2.008430	-8.577636	6.410253	-3.867610	3.816953	4.533961	7.153607	5.892603	2.828445	4.604365	4.627496	-10.644349	-16.374913	1.217913	-12.697332	-16.571941	-0.601652	-2.525912	4.549232	4.627496	-10.644349	-10.946828	1.336249	-12.697311	-16.571921	-0.601652	-6.545122	-2.316470	-13.927526	6.420682	-0.433683	4.421933	4.534062	7.153708	5.892603	
1847	-5.042909	-2.401441	-10.264841	7.207951	-3.786707	-1.609746	5.950045	11.452308	6.364127	-4.425956	6.211766	5.544452	-7.434114	-19.602053	-2.023554	-11.451037	-10.653980	1.658921	-5.684649	-4.543707	-10.264950	8.124792	-2.323384	3.355681	5.950045	11.452308	6.364127	-4.721690	5.265415	5.536324	-3.965855	-15.080488	-2.023554	-4.421128	0.905521	6.188513	
3819	-1.437962	2.040589	8.192279	-7.630753	-15.946231	1.599068	-5.001452	-10.894087	-1.504071	-4.693191	-0.649973	8.192268	-7.627308	-15.826841	1.599068	-4.995897	-10.888531	-1.504070	-11.761095	-4.021917	-3.780642	7.671071	-1.886426	7.975319	6.616914	6.602146	4.373796	-11.866645	-0.793416	2.371504	6.685591	-3.167143	7.975319	1.712322	1.619707	4.295949	
1856	2.119778	3.005594	-5.073319	2.947545	-4.243073	1.133168	5.434869	8.657338	5.599429	-4.921977	4.588833	6.415860	-9.287986	-12.868233	0.702697	-6.694393	-8.779384	0.291969	-5.258107	1.155660	-5.525667	7.117984	-3.098304	2.831840	5.457948	8.680642	5.599654	-5.255235	2.789729	1.198868	7.099316	-3.111929	2.826977	4.651403	7.863638	5.589195	
5855	-4.556043	3.653764	7.836094	-8.574533	-17.753508	0.112837	-14.861281	-16.685321	-2.318836	1.876708	5.569223	7.836094	-8.574533	-21.498431	0.112837	-14.861283	-16.685324	-2.318836	-9.342344	-3.054471	-8.698876	5.924546	-0.062351	6.714281	3.333690	8.008989	4.180504	2.643844	-0.624851	-3.695334	-0.442818	-10.689865	0.112837	2.684604	7.359416	4.180017	
3829	-4.887964	0.737499	7.235437	-6.266641	-10.305984	4.761309	-7.169726	-9.569386	1.098564	-11.258980	-5.753327	-9.088090	4.932247	1.123716	8.530825	4.160116	8.089227	7.427335	1.560759	6.522061	7.250467	-6.532249	-15.084250	4.761309	-10.376666	-12.776326	1.098564	-8.817424	0.719417	6.248237	-0.647626	-4.960270	4.767666	-0.768786	3.153934	7.420943	
1860	0.872992	5.881462	6.394441	-0.910248	-19.114226	1.555333	-9.464686	-12.887089	-0.794645	-10.009396	-3.393808	-7.064808	7.038676	-0.398933	7.154100	7.194564	10.386983	5.820176	2.162711	1.986645	-4.975422	4.559274	-3.710669	6.140722	6.950765	10.143184	5.820176	-4.541464	0.501918	3.763216	4.168180	-3.968301	5.552220	1.253069	4.445488	5.820176	
2818	-13.410418	1.271148	-6.946881	7.195179	0.517742	7.354162	6.804541	7.788845	3.559918	-4.623559	3.519582	8.638001	-3.741899	-11.254836	0.921539	-4.918474	-10.409799	-2.915711	-2.013443	4.617977	-2.159181	0.521691	-3.455521	7.138676	-1.325854	-6.353255	-2.451787	0.802051	7.320280	8.692736	-7.172704	-14.329845	0.921539	-8.706711	-14.231071	-2.948747	
1870	2.257313	7.953182	7.926467	-14.182141	-20.907243	0.002238	-6.708402	-12.626304	-1.654003	-4.511799	0.015098	-4.607895	1.870203	2.394142	5.996847	6.412060	7.110682	4.962521	-3.502581	5.216478	7.919209	-14.182028	-15.707611	0.002238	-6.161530	-12.079431	-1.654003	-2.068098	2.368580	-1.739175	-3.045310	-4.471295	0.167991	6.304792	7.003344	4.962450	
1874	8.438577	5.565243	6.986653	-4.282270	-21.025194	0.664275	-1.639427	-4.648784	-2.872469	2.293021	5.498293	2.889708	2.280985	-9.677617	0.667991	5.370287	10.009692	nan	2.293043	5.494051	2.660935	2.477896	-9.119566	0.674800	3.869083	10.066479	nan	2.293015	5.512884	2.483160	2.256706	-9.735029	0.667959	6.136400	9.956553	4.404431	
2837	5.216600	4.463619	5.212624	-1.207783	-12.745741	0.506253	1.432263	7.412692	8.174905	3.229613	4.463782	6.713921	-8.076445	-18.517022	0.506253	-6.037601	-5.196119	3.035958	0.809615	0.017290	-5.068289	2.583585	-0.171652	6.854776	5.228460	11.208889	8.174905	-5.220858	-4.478196	-5.137730	2.617344	2.614055	6.855045	5.229042	11.209471	8.174905	
5881	8.495098	3.147488	-1.724102	-3.507700	-10.456430	1.632647	1.991516	-5.359717	-1.933424	-7.694870	-2.668401	-7.759021	6.201295	3.879965	5.662397	6.286984	4.168371	3.299196	3.178503	7.035578	6.786140	-8.673133	-16.841270	1.632643	-4.827919	-12.179152	-1.933425	-3.424946	1.219728	6.786113	-8.485704	-11.306270	1.632643	-3.639763	-10.990996	-1.933425	
5882	-12.233502	-5.319357	-8.675376	7.796175	3.540776	8.122076	5.980314	9.980297	7.286704	-0.133803	5.712416	7.375489	-3.065650	-11.155640	3.034414	-7.371503	-9.791156	0.867067	0.499466	5.731328	6.737250	5.319582	-4.791837	3.209416	-1.007071	2.555113	6.848904	-3.916949	0.647395	7.375488	-2.948090	-9.904366	3.034414	-5.560388	-7.799505	1.047604	
1892	0.549022	7.201897	6.202583	-14.357080	-15.641028	-1.121559	-9.203316	-11.403038	0.080245	-4.888067	4.720257	5.505747	-0.362384	-8.397295	-1.121559	-1.281903	3.081585	6.643455	-8.995158	1.755706	-7.656672	3.894697	-0.446451	5.030094	3.840339	8.214795	6.654424	-0.796934	4.536983	-1.985595	1.070943	-6.225144	-1.121532	2.443256	6.817712	6.654424	
8870	3.617461	2.142351	-5.567039	3.350210	-5.928171	3.351057	6.918067	9.248531	5.464520	1.639756	2.138028	-10.166067	7.301268	-2.040196	5.645307	6.918895	9.249360	5.464520	-5.642574	-2.507841	-10.651252	7.311493	2.048578	6.327931	7.212544	9.543009	5.464520	3.885861	8.527951	5.973806	-4.605547	-21.509197	1.719176	-2.735852	-3.772046	2.097862	
6878	-8.550502	-2.604269	-11.601129	6.985964	0.090485	6.795454	7.274809	10.129420	6.895708	3.901644	3.591802	-6.678351	1.756194	-13.774152	0.934403	0.604642	-2.753153	0.683302	-3.472033	-2.076566	-10.341814	6.388904	-2.193928	6.795436	0.827155	-2.530356	0.683586	3.960061	7.967280	2.111119	1.726827	-15.260226	0.934403	-1.653818	-5.011944	0.682971	
2851	-1.971962	5.572058	-3.365896	-1.248298	-14.403517	1.962252	-3.140948	-2.342465	0.680147	1.496882	6.069118	-3.368021	3.830862	-4.552056	8.361725	-4.149294	-3.350846	0.680113	-2.239643	5.091282	3.172870	-1.250013	-17.072968	1.962252	-3.246658	-2.448188	0.680135	1.809188	6.069521	-3.365809	-1.255912	-14.970437	1.962252	-4.150016	-3.351568	0.680113	
6883	2.489475	8.238094	6.474123	-6.937762	-16.440600	0.718148	-10.417935	-14.237785	-4.296191	-2.974772	3.121545	-3.169141	-2.845950	-2.325627	6.406907	-3.732255	-7.552104	-4.296190	1.961065	3.084974	-8.155588	6.059209	-1.107902	6.407304	2.031256	4.209421	1.701826	2.416704	3.084974	-8.155555	6.054800	nan	6.407299	2.031256	4.209421	1.701826	
4875	7.311665	-0.373604	-5.784294	-2.801539	-14.429399	0.958663	1.747431	-1.005152	1.273653	-3.711113	-0.362708	5.858024	-7.921655	-18.583715	0.958663	-7.355642	-10.132428	1.249449	0.749371	4.821230	5.858041	-7.921655	-20.256264	0.958663	-11.635650	-14.412436	1.249449	-6.555479	-6.461061	-7.238933	4.876484	-2.060357	7.116667	3.546024	6.824155	7.304366	
9866	-9.463287	-4.611235	-12.280398	6.528163	1.870957	6.326712	5.576358	9.246394	4.254549	3.404726	0.118038	-6.305867	0.506999	-10.430909	1.227774	5.576247	9.246283	4.254549	-2.739133	2.649248	4.753647	-3.579062	-22.491142	0.852216	-2.369929	-5.249156	-2.294712	-2.952278	-3.844808	-6.305867	0.507863	-9.900470	1.366451	5.576341	9.246377	4.254549	
2855	-4.682496	-6.830491	-7.859330	8.273244	-2.953078	2.991973	3.650468	8.311363	5.895701	2.551550	-0.296440	-5.683416	3.129354	-6.281800	-0.476547	3.645171	8.306050	5.895685	-4.274823	-1.520699	6.465861	-2.046480	-10.804417	-0.547732	-5.251814	-5.250569	1.236052	0.761775	4.491736	6.465906	-2.771620	-13.466330	-0.547732	-7.395848	-8.675251	-0.044596	
9867	-2.487596	0.736640	5.561332	-11.498056	-12.054530	1.624684	-5.302610	-7.469463	-0.143345	-5.659873	-5.477567	-7.177027	-1.143693	-5.583311	1.630572	3.570775	6.003948	4.456682	-10.715193	-5.477577	-13.474486	4.955192	-0.999769	5.905847	3.571209	6.004384	4.456684	2.460069	6.632861	5.561333	-11.507225	-14.794527	1.624684	-10.772859	-13.600500	-0.804133	
3875	1.790955	5.841612	6.418773	-11.457545	-18.840423	4.925832	-11.868060	-14.204228	0.304725	3.055961	1.896410	-0.778193	-0.160105	-6.091034	7.868586	3.395467	6.852817	6.098243	2.339076	0.726158	-6.462945	5.682143	-2.924962	8.088471	4.119866	7.577216	6.098243	-1.611986	-0.869734	-7.405070	6.485842	-0.058945	8.091466	4.186857	7.644207	6.098243	
6896	4.581117	4.585897	3.671736	0.962792	-16.183632	-0.858476	0.468791	3.511310	3.456235	5.536869	4.626714	4.979514	-3.112870	-22.794900	-0.867308	-0.952627	-4.224734	-2.858391	-6.364189	-6.948865	-1.952732	6.792864	-2.511919	3.850707	4.972541	8.043944	3.485118	0.003829	-2.465890	-1.313368	6.761822	-2.659629	3.804727	4.962707	8.034110	3.485118	
4887	1.519943	8.099902	7.481609	-7.771138	-20.522896	-0.331542	-11.943331	-14.685821	1.148606	1.018229	2.675308	-4.523320	-1.668835	-7.095024	-0.324608	7.082966	10.644196	7.452326	7.583264	2.676061	-4.295594	-3.637878	-16.980324	-0.331542	0.440578	-2.301834	1.148685	-9.162941	-3.076017	-7.429127	4.744402	0.412095	5.787508	7.151730	10.712960	7.452326	
5913	0.838922	8.013408	5.085944	-9.768233	-20.621341	-0.068009	-7.780796	-15.722450	-1.632177	2.388802	1.641228	-5.793167	6.149025	-4.019213	6.105211	5.458118	4.086437	4.937797	-4.420273	2.343188	5.015918	-9.767130	-15.448933	-0.068009	-4.127271	-11.939936	-1.503187	-5.424295	-4.120629	-7.204829	7.332034	-2.650809	6.146213	5.909334	4.543067	4.943211	
9885	0.713852	8.016611	5.170997	-7.677203	-17.637209	-0.373447	-10.001628	-12.785006	-1.629116	0.711748	8.008885	-0.032984	-7.676933	-13.095515	-0.373447	-4.635708	-7.419086	-1.629116	4.789788	8.523831	-0.996147	1.047881	-4.977343	0.175122	1.091349	3.768815	3.831728	-3.212936	-3.683790	-6.802666	4.789484	-0.603247	5.938173	4.943303	7.620769	3.831728	
2875	-4.928767	-1.975738	-6.848342	9.223593	3.188848	4.436964	6.360555	10.657364	8.675849	2.590062	5.015403	6.570006	4.206394	-8.650340	2.001202	-10.591176	-10.188455	4.781761	1.113864	-1.088703	-6.725061	9.223494	1.914246	4.436960	6.360546	10.657355	8.675849	-3.475772	4.618991	5.682452	4.245019	-5.147021	2.007305	-10.032563	-9.629842	4.781761	
8912	-5.919418	-1.232029	-13.623480	4.911519	-1.064326	5.526239	3.253146	4.467905	5.348737	4.832369	2.130324	-8.380762	3.692476	-2.582557	5.417888	-0.638831	-3.834905	0.937904	3.255994	8.683791	5.089614	-7.193314	-10.205723	-0.992379	-6.706340	-9.902635	0.937683	-1.245970	5.331926	5.089614	-7.193314	-10.205721	-0.992379	-6.705510	-9.901806	0.937683	
1933	4.466769	2.812203	-2.854768	-3.622698	-16.071175	-0.004601	-2.141145	-3.449879	2.048404	2.450928	2.809246	-9.190552	4.374428	-4.401252	4.483619	3.741523	5.490726	5.106340	4.427987	6.335333	2.997426	-4.872158	-20.407731	-0.004601	-9.792294	-11.101028	2.048403	2.649763	2.810496	-9.144389	1.699072	-9.794807	-0.004597	3.740719	5.489922	5.106340	
9900	-0.032068	5.282012	4.863168	-4.140422	-16.468784	0.963479	-8.276486	-6.561214	-0.763729	-1.254999	3.105229	4.752301	0.210913	-9.238380	0.963482	-0.538666	6.603909	4.663638	-1.264323	3.089746	4.759996	0.201560	-9.241671	0.963482	-0.556644	6.585252	4.663394	nan	nan	4.598598	5.013254	nan	6.687867	-2.541551	4.599251	4.663384	
7939	-4.029963	-1.252564	4.988840	-9.929849	-13.131000	2.446426	-6.629276	-10.323268	0.075095	-6.183225	-5.897597	-9.490898	7.083589	-0.540565	7.393558	4.625610	6.875057	6.018534	1.408521	0.539292	-3.719265	2.408855	-5.716532	3.120365	4.516808	6.765115	6.017394	-3.220120	-5.865525	-3.849920	3.140197	-5.395208	3.543958	4.625165	6.874608	6.018530	
6937	0.557201	7.177772	6.691854	-8.244938	-16.955426	-1.729778	-10.200166	-14.004656	-0.372334	-11.508714	-1.611676	-7.536422	4.172018	-0.350060	4.615408	6.203786	8.070851	5.299221	-6.695346	1.710141	-0.889843	-1.240082	-5.728924	-1.703692	5.958062	7.825127	5.299221	-5.255379	4.754520	6.620733	-7.263260	-15.966075	-1.729778	-5.429340	-9.233830	-0.372334	
951	-11.943937	-4.917620	-8.343720	6.428271	2.001664	6.246633	6.102531	9.627866	7.044441	-4.063841	1.548746	6.681360	-3.035802	-9.340030	-0.266274	-5.151667	-7.934728	0.736046	2.381105	7.313154	6.681673	-3.158776	-12.910607	-0.266500	-11.697265	-14.485769	0.730602	-9.597370	1.171938	3.248851	2.544071	-1.846174	6.246628	-5.148608	-7.931634	0.736081	
5961	2.265728	7.951988	6.068275	-6.211582	-17.714794	-0.177794	-3.674210	-6.869930	0.028699	3.516662	7.948152	3.772913	2.419319	-9.731445	-0.173394	2.186214	5.119797	6.158003	-3.212500	-1.555763	1.328813	7.346363	-0.908484	4.993364	7.506095	10.439699	6.158023	-3.992636	-3.971170	-4.719345	7.443833	0.087888	5.053386	8.165079	11.098683	6.158023	
4936	1.647716	7.252671	5.997257	-5.295539	-20.561364	0.315920	-9.696382	-14.381040	-3.495360	-4.757554	3.132908	5.997257	-5.295539	-16.425427	0.315920	-9.696329	-14.380987	-3.495360	3.070523	2.700796	-3.930921	2.904945	-4.892127	0.535840	2.289179	3.333955	2.234074	2.438065	2.614976	-4.850695	8.042848	-2.719843	6.561550	2.289583	3.334492	2.234207	
8946	1.133231	1.551745	-3.955278	3.143967	-5.148040	0.411957	6.711674	9.273036	5.507007	0.607151	8.044215	4.919038	-8.895243	-19.949996	-0.478877	-9.854899	-13.057857	-0.257314	-2.993716	3.505180	4.864989	-8.843060	-18.041279	-0.478877	-5.737475	-8.940434	-0.257314	-2.658327	-2.976452	-4.820171	4.237085	-3.946404	1.640782	6.743848	9.305210	5.507007	
7955	2.358129	7.906331	6.336851	-9.095481	-15.694794	2.048542	-12.252107	-11.778194	0.740231	-11.741349	-2.969808	-9.970442	3.377103	1.083179	6.875855	5.373922	11.750082	6.642490	-11.741349	-2.969808	-9.970442	3.377103	1.083179	6.875855	5.372878	11.748739	6.642230	-11.741349	-2.969808	-9.970442	3.377103	1.083179	6.875855	5.373359	11.749358	6.642350	
3966	0.294418	3.773182	6.221312	-5.372327	-20.669605	-0.859795	-11.436670	-12.472918	0.720566	-5.822194	-0.356739	6.160623	-5.347249	-14.966229	-0.830012	-6.361687	-7.397935	0.720566	-8.058242	-5.369964	-10.699384	6.674417	0.797811	5.600556	5.361018	9.398532	5.794327	2.960852	0.729955	-4.375112	0.366045	-7.994929	0.986211	3.955637	7.993151	5.794327	
2926	1.957287	3.436532	6.096863	-3.162900	-16.479977	1.136067	-9.882261	-9.392684	2.832411	-14.063640	-7.110572	-6.545605	7.848285	0.019335	7.078001	3.584494	9.481732	8.240072	-3.128296	-2.569527	6.091649	-3.048239	-10.114757	1.136067	-8.030902	-7.541111	2.832625	-11.802675	-3.082176	5.181202	5.679783	-1.431684	7.077210	-2.550991	3.232842	8.126666	
3973	-4.443823	-6.908902	-11.205199	7.318354	-3.467342	2.901552	6.065533	10.582879	5.607386	-5.311957	-0.807246	6.513096	-5.051085	-16.357234	1.019622	-6.192819	-4.779247	2.503611	-5.146706	-0.793200	3.242251	4.060710	-5.083454	1.035559	-0.476882	4.040464	5.607385	-9.560015	-7.108619	-12.921875	7.943774	-0.232455	5.722245	6.065545	10.582892	5.607386	
973	-4.676630	0.654015	7.036495	-8.664485	-10.992801	2.023739	-4.743235	-7.715609	-1.102740	-9.866538	-4.831251	-10.283869	6.941870	2.204766	7.857007	5.189616	8.097529	4.777547	1.713738	4.651165	7.036824	-8.795520	-14.581302	2.023735	-5.630047	-8.767942	-1.268261	5.957862	4.651174	6.412744	-0.311461	-10.800936	2.023740	-0.954931	1.376579	4.201144	
8978	0.695280	4.955762	4.690966	-5.186781	-19.130041	0.755887	-8.258518	-10.180493	2.428822	-6.915675	-5.762294	-9.273708	6.849653	1.438859	6.464136	5.546223	8.964798	7.769372	-3.470186	-5.724908	-4.157884	5.207646	-1.599548	6.261072	-0.741251	-2.577263	2.514785	-5.323971	0.857230	4.690966	-4.968699	-13.809066	0.755908	-7.161227	-9.083202	2.428822	
4969	1.659076	8.673542	6.625208	-7.505336	-17.501554	-0.544828	-8.728464	-12.108679	-0.664008	-9.531388	-2.295175	-11.160945	7.219483	0.989193	5.656452	6.894939	10.012707	5.833976	6.026878	3.311033	-6.212880	-2.162834	-11.891095	-0.544737	1.301630	-2.078565	-0.663987	0.515802	3.310545	-8.411226	3.812174	-2.592941	5.656452	1.301800	-2.078395	-0.663987	
8997	-4.912889	2.613348	7.626660	-3.791005	-16.304247	3.808665	-4.645125	-5.271887	2.407123	-9.685638	-5.290555	-8.835741	6.097768	2.375772	7.080169	4.060991	8.426254	7.399148	-4.397864	2.957443	7.484760	-2.115223	-9.788003	3.809445	-1.266147	3.001991	7.302024	-9.553104	1.201924	3.461272	2.436156	-1.729909	6.820823	-1.170730	3.110576	7.315192	
2964	8.868942	0.530551	-6.300720	-5.996200	-20.094619	2.057425	1.859616	-3.929042	1.065139	4.677068	5.826834	5.122850	-12.087869	-26.169005	2.057425	-6.476578	-12.265334	1.065042	4.511388	0.530343	-6.300970	-1.098372	-14.698104	2.057425	8.345840	4.851842	3.359799	-7.307424	-5.610408	-7.143142	4.579480	-0.843415	7.072215	8.351185	4.857196	3.359808	
995	2.534136	4.724529	-3.554640	1.578790	-9.456002	-1.250856	6.741143	8.947997	6.485688	1.082861	8.168563	4.972917	-9.579844	-21.135307	-1.267173	-8.695582	-12.867700	0.106715	-9.170968	-0.314472	-9.484712	6.635564	-1.050371	5.302970	8.069798	10.283302	6.492337	-2.874997	5.196286	4.972915	-9.497840	-18.567957	-1.267173	-5.733509	-9.876955	0.135387	
9998	-4.482862	1.328386	3.872693	0.108738	-9.084719	2.227425	0.793960	4.279329	7.975546	2.302723	7.182792	7.342238	-10.488073	-17.478575	2.227358	-11.233684	-13.736989	1.986871	-1.880903	3.601442	7.342187	-10.488069	-17.182899	2.227358	-5.344536	-7.847841	1.986871	-8.820781	-3.471936	-5.107013	5.035510	1.625341	6.711715	6.897029	10.382778	7.975926	
