0.2873449707108584	0.3633990939754752	-0.7187427744637529	0.6025793262657929	0.8364992748245943	1.0606191149128723	0.8202035486138328	0.8783568521743709	0.9053131046504856
0.3361912737675365	0.6740507816633449	-0.4997529811266313	1.7543748018016991	0.9563125375853216	0.4581624498921959	0.3235643343760564	0.6406501108822437	0.9479120318856822
-0.5611946911324677	0.4114261397360343	-1.6640169824257691	0.7639909338282302	1.3457415711011034	0.6851902969696918	0.2854046572719175	0.6466057838732056	1.3737796814536676
0.3361912737675365	0.6749453183940649	-0.4996906345362831	1.7543748018016991	0.9562379758337136	0.4581102505463165	0.3211968186531543	0.6387181129255655	0.9478238631836708
-0.02609526577277559	0.6484786408818868	-1.7565147072780871	0.4950206382661842	1.02072928054642	0.6336766204641653	0.18602570296311272	0.6066103433099871	1.0443992320731703
-0.5612225036364701	0.41141918460595095	-1.6640173417721114	0.7639921888484951	1.3457415711011034	0.6851918136577076	0.2868884403230653	0.6477056267374074	1.3738343960737105
-0.014706368784944752	0.5707542596854327	-1.105749262189298	1.5557640798353431	0.5352807679679884	0.7119166148412629	0.17561292094238895	0.6323467965939967	0.99279396572402
-0.16098052016493955	0.4507167395968954	-0.5387763768163113	0.8907693159181451	0.88099499372337	0.7094375882793311	-0.0569519811177396	0.5569824850209687	0.8143921009236554
-0.13264302819925072	0.8012946190332431	-1.1363937792210572	1.0112274159544967	1.0204881074607288	0.6934623134082214	-0.12451427883911027	0.4717416236059162	1.5758007534339429
-0.3773158783329764	1.0096160128147798	-0.558968227450094	0.6236015432114269	-0.32403785500338605	0.14646650545436088	0.040052160174469005	0.5643856910354335	1.2494380498400142
-0.04204843182831011	0.7577872040543474	-1.6068381518227868	0.8009669683800791	0.9182483659387805	0.9340951047693654	0.05023583757858623	0.4894213914002841	0.8778129113072232
0.10167149680038164	0.8907751763580838	-0.5512672556664778	1.7629669842896272	0.7174988782386459	0.5107060839511628	-0.06551505121394338	0.4303740932476415	1.4837729511073978
-0.04204843182831011	0.757884709628016	-1.6071784528087218	0.8009669683800791	0.9159285256840624	0.9340537750209332	0.04827560205998999	0.4879039512701344	0.8777866482896025
0.16969010155028366	1.0520039193552593	-1.1555126216774347	0.9889627289467048	-0.2162113874403847	0.23985303109256575	-0.4550810750771731	0.34738426237689923	1.0391206781864497
-0.8405935007210237	0.5318564909217793	-1.449715041794052	0.6283314008344146	1.079186965649269	0.5767340855965168	-0.21098812127672856	0.35125835357118423	1.2367498857796628
-0.2824767488899582	0.7054826195400259	-0.8097048327232577	0.9333245430571896	0.2569525598747314	-0.033309179270186166	-0.16038701450488688	0.526998415148308	1.2241245653686177
0.5167711786310365	0.3923539692749721	-1.2329199562410904	1.1374046433375695	0.8342336468455656	0.6814455942585202	-0.3625174890248185	0.28894311528561706	0.8893617606508049
-0.3315725020794343	0.9094859475598148	-1.716917255806959	0.132246676806804	-0.8169827647536044	-0.13815466204025775	-0.17477560537331727	0.2116933743098732	0.9287281481338954
0.16969010155028366	1.052004053107761	-1.1587780018877758	0.9889627289467048	-0.21621218234178785	0.23985303109256575	-0.4595754478580216	0.3439216895697233	1.0391019188881494
0.16969010155028366	1.0520039193552593	-1.1484624261192975	0.9889627289467048	-0.216209638657298	0.2398531574832339	-0.4460860964104457	0.35429844429905955	1.039159134747965
-0.2837017926709073	0.4398040067436165	-0.4002602203796833	1.5018440166883475	-0.5376973363907712	0.4308232636715471	-0.1234785192153941	0.4007812426488245	0.8396511834299806
-0.7281238309500697	1.17845273185563	0.014225122777202703	0.3193121536021422	-0.5720690320397741	-0.5923823738943824	-0.5477760124160227	0.258800451806107	1.0110686488181877
0.031330224565058185	0.4380045005870511	-1.0738249331602765	1.2532665454091354	0.3675298632331949	0.7213880787190061	-0.14807024693779278	0.3806269369614107	0.8196722180852348
-0.02091675000814762	0.41797131840197216	-1.0733850932375892	1.2538429134657474	0.4284881491698193	0.7234587370326662	-0.13438888544988906	0.3872776646167513	0.819046908141893
-0.1814132241713328	0.8199438640842367	-0.5133454361883973	1.0983330386985612	0.3771807611678608	0.621582297444319	-0.17155065764135025	0.3876532524878663	1.1013605907420156
0.3116550396163345	0.8599924393716816	-1.5120528281568857	1.3484667351061326	1.1255742319267887	0.6610227581715534	0.053988166806908884	0.3178105168258614	0.7697949957645097
-0.025771002160218853	0.6604100327873732	-1.347058595851567	1.0961260855628991	0.7603198988614349	0.6273192962549977	-0.15331928150817994	0.3799260205210089	0.9530470771404056
-0.1353701627971432	0.4881345369303126	-0.4290837498230296	0.9900514590264236	0.7445657479540018	0.6415109460194497	0.1568838085684955	0.5553251221261177	0.8936479476574424
0.2798422782551656	0.8911079525820718	-0.15468400825173895	0.8063111584226894	0.8611203919029863	0.5506112831645921	0.03194213039511157	0.255775341172513	0.7434197350093196
0.3475230365417188	0.6650979242160533	-1.3333944511945592	0.5192704535778331	0.4715409630417434	0.6511991698927935	0.024482319889295005	0.07276439774707748	0.19591585729754896
0.12432337990521007	0.719437820547266	-0.7047492888842429	1.6217392401359338	0.8361461796213508	0.5972417298217041	-0.13032520502394848	0.41223167935307375	1.3918989750269146
0.039760216088308716	0.6027653796465561	-1.094394995819082	1.1105098728178415	0.7026300885139515	0.7632180814152363	-0.008229319364338638	0.42368613245941295	0.6909112084470118
0.5689280320672421	0.95331624107758	-0.9531575095339984	0.8389467053887064	0.40142096149390205	0.5280164234482381	-0.15361831852268895	0.2128081972683564	1.012869854109984
-0.09421390929676428	0.7632975396153837	-0.4319856512083725	1.3154932739338163	0.8415186002441358	0.5642426430978498	-0.22186215306970464	0.3236716415405977	0.8683088254783694
-0.04389009391505196	0.8950652878469967	-1.6282841211903754	1.1754110495268242	0.618712506372192	0.6470735257083039	-0.3620791953223125	0.2273985919956908	1.087857960480462
0.10912718828031838	0.7125114472517597	-0.8659809853149737	1.0003225448735968	0.9118765952720564	0.6434697485919398	0.08002536678856094	0.3333044934720288	0.085970736509456
0.33431964316873003	0.8142230020856775	-0.04956945365636067	1.0829791207789234	0.7603788805455429	0.5165109545505515	0.0012202198887547586	0.13874769665485542	1.0931152538291091
0.8862003572806523	0.8702476449270805	-1.3872974805432805	1.3852582816790546	0.6857969384419921	0.7756216823996511	-0.29104034526347794	0.25485938439318684	0.9914908198020956
0.5726023010068643	1.0157379985656465	-0.3784099863772721	0.9820905517316928	0.5688450027717535	0.4714667107766986	-0.08932323202593064	0.2669411560854145	0.5725100212951063
0.06570453910494174	0.6519417606533889	-1.2213114523338635	1.2149592481113936	0.7901323580229929	0.511922594130555	-0.027248499162575303	0.09064911059944092	0.5975887018827774
-0.26492296244903724	0.6739550148721971	-1.7556777896474185	0.9785742987047724	0.4750814538910148	0.6998560381297698	-0.39517318236013016	0.04192993614542384	0.8347893986204972
0.06744206600227873	0.8469890211658476	-0.09613588841231922	0.9594848129669395	0.6332502991526483	0.5391856931690744	0.03702834409994759	0.506903487080981	0.9666732061157696
1.1718526682536556	0.8234533959737952	-1.3137985764690907	0.8565687586819151	0.3418197312325977	0.6046325505230159	-0.3438985961910975	0.18076566704888772	0.8562322145426067
0.08159863053957166	0.757427276072534	-0.8380301284633312	1.4322594181061747	0.6591136881437573	0.6234066203460691	-0.3105113491629453	0.11217474622205602	1.0313499515205398
-0.02243479528475137	0.7911793185945206	-1.0811440994554486	1.160465954458448	0.8373652404130979	0.8455229260655209	-0.0912279777070608	0.2539081484063135	0.3964077338113818
0.40535234718960494	0.700798071923886	-0.5755721845315324	1.0660328958983134	0.7807078480079208	0.8112255544000859	-0.11105670102449436	0.2887606403690436	1.042262547996771
0.3642760815883341	0.5650271113192982	-0.6507463612524276	0.9033988985979547	0.4503398297599174	0.5476198688346336	-0.10619138248085896	0.05470632829639875	0.6634107024487778
-0.27508961846639984	0.7350928820973772	-1.3293108393633366	1.1893847589102415	0.9856647488345021	0.6749438055158415	-0.08179820195772244	0.17913457359473312	0.4334751692877757
0.10920652937700777	0.5810612274589521	-0.8081892895255999	0.7907128253064809	0.706549270391645	0.6786449034465568	0.13662606519262555	0.150512389684792	0.8949167015324828
-0.1060747564494134	0.8169395153932325	-1.036522626775915	0.2301586515409809	1.075971271513292	0.4946800000315217	-0.012531530077907345	0.3342554038046785	1.315264114920646
-0.18441783700683198	0.6414677360053674	-1.128332922075863	1.1659698458297547	1.0463293981928323	0.7275367319353242	-0.05628488685253095	0.32956012121010875	1.1663518670482864
0.3079613666041522	0.7066439925114438	-1.3436245025336262	1.0088708016522572	0.9613695413313684	0.5678016779177457	-0.19122628981815828	0.2087733414390652	1.0028076791566976
-0.11021860394498566	0.8406459425298318	-0.5369093928961144	1.2936725503446995	0.7451752783498756	0.770036605171895	-0.12750708141543146	0.4237532172294561	1.1306379149442565
-0.5376092565367011	0.6735512160698579	-1.4785597726715802	0.5876467814000639	0.9149027849135416	0.6836857424579533	0.19670240377244225	0.18544358141820366	0.9227970833212974
0.29178052609724797	0.8018617296400394	-1.4442680699410366	1.0521708833184642	0.4778378539962983	0.4865717858987056	-0.3697068435830949	0.050375018572305516	0.7998855355480665
-0.012518020601799159	0.8837222731960612	-1.925412698570425	1.040177909667977	0.5511628980013158	0.6032631076353575	-0.3917208023080283	-0.0057367238582083	1.0861633705340052
0.3453180870964941	0.4151135624527246	-0.4896470839487476	1.2793863409153456	1.3806345630902392	0.7025726791475205	0.12381673030117503	0.5704749908094426	0.8076446939800246
-0.33364701303689515	0.7387754897240099	-1.7138371186359518	0.7892579430645046	0.7558846669928686	0.6973402318834531	-0.28323239303766873	0.2340925231113504	0.983014743520096
0.030750473997129237	0.9667254643732768	-2.080013556624208	0.7101031874530531	0.2667379551267968	0.6729499927283186	-0.4862396069895644	0.2563995117675742	1.4288007033683228
0.5288077404407561	0.6606442334176799	-0.8905575800146288	1.0316054937492192	1.0658817469844122	0.637498547873478	0.09600765619440746	0.014747903763252568	0.3777669317453873
0.6792535518203255	0.994617943552542	-0.06739806307155541	1.0663560636165008	0.6877223486205066	0.4070547402122493	-0.2686825015732069	0.32610829499230864	1.1094086423677978
0.6752280691673688	0.8165189975281929	-0.6451125293015383	1.6366975129170909	0.8160532978756841	0.4281844793052773	-0.011226682749218692	0.42624544900197947	0.9686657562502288
-0.1714589349480981	0.3533253905647513	-0.4429025930802961	0.717317985200357	0.9115150741139404	0.9033724403666572	-0.0008668061077776684	0.35144126269338904	0.6168038511317312
0.14917784084639482	0.5783108747684916	-0.9157707567592518	0.8815031875480158	0.1732201897598871	0.6835014648640256	-0.19067929684499949	0.18520270584421406	0.7236555636301114
0.7034601323388154	0.4111530171277612	-1.9901496607860525	0.7992648471459359	0.8660773970525272	0.7957100887791195	-0.3094866875067223	0.22214437820216967	0.8301717973438889
0.0860106854380831	0.8778216478353478	0.1770927434301826	1.1525357951602042	1.051325830451966	0.5713794185565042	-0.05730574783495485	0.2339381630094065	0.8650856653754133
-0.1363597704976987	1.070386060660552	-0.4635279950757798	0.5612446063342724	-0.4017173688944179	-0.08357259928796765	-0.21053234447474692	0.2526591559077441	0.8317441391964223
0.12727128972867313	0.5834121951796263	-1.4557682309261306	0.6467839637878584	1.0054007198501904	0.769213928313956	-0.1160831681372094	0.2770635748661892	1.0277022059660543
0.33377891634672713	0.7876549401772842	-0.3794948529839653	0.4680973160354318	0.2226167937691472	0.3033854489984813	-0.11674859010594645	0.2544511225483128	0.8960710236878923
0.07572588017891127	0.9325666804939158	-1.1123030207758728	0.8300071960424931	1.0809583239358689	0.8296766960664279	0.06084078166658977	0.3417294938884607	0.5090251166423462
-0.6879537355373468	0.544454772800258	-1.257303402281886	0.9302020526383521	0.8735882614298498	0.8489651759081955	0.03835021844725597	0.38565080466750223	0.6502041564453962
-0.10572591434494744	0.7708752875936957	-1.019592562889053	0.8215041199933655	0.8189225739802036	0.5185147522008456	0.035122230176249776	0.20814558864754534	0.2922482932740597
-0.14525783137125556	0.5827097270412078	-0.511382866141211	1.7564681756033955	0.8792056706650607	0.746415074059468	0.39115566924525175	0.4802988396370933	0.6074426486249307
-0.27014912599184004	0.7072707567339551	-0.4425994844407646	0.4219762625690072	0.4087502703907634	0.20309963596677288	0.13377175916954162	0.4150571639476559	0.5649884806416179
0.3116584892292341	0.7355364053926924	-0.6023472601519393	0.5450868479350265	0.6495530910084798	0.8146253369783163	0.4816602022602349	0.6176642417214088	1.1051349615600274
0.7033087805728482	0.3354532475480704	-0.047791587628995866	0.6005490172324027	0.33850562830292064	0.5613800208585719	-0.0779820214095758	0.12622042998486574	0.4962913049561314
0.1049576842888058	0.7536206798769154	-1.0229368196214772	0.5301856785759177	1.023784563579258	0.5059623894002079	0.2368463366535873	0.4107210779616178	0.5824080523882655
0.5717220029150629	0.9066055874377964	-0.7634210238653328	0.7030349133216652	0.8014345841323953	0.6484087167249374	-0.1996812687515172	0.11658909777314427	1.1937248098180793
-0.0070299020794374655	1.0017830650634094	-0.7871398588464801	0.6184230158437709	0.8279687109274143	0.30399920208223485	-0.1950503757678069	0.25022934119472684	1.1343585091071406
-0.5817205346871485	0.7454156326660857	-0.240998999615664	0.8529985397836077	1.3680522277613338	0.631539607049811	-0.030643869107691513	0.2991228492097297	0.7246904515863423
-0.7178892606787474	0.6247730162602969	-0.2993816404645628	1.0884437927669557	1.4793788051823304	1.0219153853893446	0.2315792108759167	0.6395797940009735	0.5827735460501489
0.542342512252907	0.8089282755572252	-1.7676835509357982	0.5540881670292819	0.8055437474454223	0.5938162899378723	-0.27648513285569737	0.13905522279325686	0.9981938297397492
-0.007852203554365276	0.6508465951702643	-0.47469324527007	0.6670384220864976	1.3098080531753495	0.662501402596354	-0.26613057715757504	0.2841570837140958	0.7915958016291829
0.017544493414465814	0.9779664258654892	-0.7760581566767196	0.10729812896272424	0.2777664171929821	0.35891480980734725	-0.3924710553159601	0.2022133627606761	1.003197559906371
-0.4783446913218002	1.1308886035031185	-0.5697649679705971	0.9378664613955224	0.4819376374727693	0.4798251784321326	0.021688064512236	0.5039374284132504	0.9961697014531512
0.7462622823938873	0.6578937469747178	-2.0977038176977074	1.0958703751839451	0.8984883889007191	0.6548451614922659	-0.16724920706254134	0.33766218118822633	0.9811757069767272
0.3730613832402373	0.9461483107641788	-0.3216517706676765	0.2988399492875594	-0.4727826671907896	-0.11159176730239606	0.3005024538712499	0.560615700641264	0.7601005030579083
-0.18230085269054566	1.0679802544142207	-1.4314528810171565	0.1581857493948822	-0.14285709106373431	0.1285729994151856	-0.294647488752677	0.19485878777692225	0.6378883644563054
0.07705268754039679	0.6594920893688726	-0.6968043209343647	1.3306463886110846	0.6222653976833512	0.9656979537839476	0.04948588862455836	0.4013618841293431	0.7453469402546994
0.16707270776275782	1.0574917844960263	-2.1269026843953407	0.2498201127644991	0.7003355261238512	0.6490730260758864	-0.4307845836954844	0.1411157456168136	1.1062902216803518
0.8959843218669723	0.9043210947104188	-0.5717694018666335	0.6097254116535987	0.8540818579393676	0.5981873847995961	0.19585835013514996	0.2372388856674979	0.466263608821881
-0.5043957367375128	0.36407146780103294	-1.3793244835787213	0.8444430666384248	1.02646290436676	0.6129069683842373	0.25176139685666155	0.3966220954575602	1.2065577331303134
-0.02196392312396416	0.6376747825649126	-0.5419878550753431	0.9818025245809197	0.4284286905448697	0.486915694906303	-0.1236674887166827	-0.004605075431510457	0.8199539202147103
-0.03546807962163162	0.9554858404060804	-0.1507380260695272	1.3801114435730852	0.8584941966475255	0.6208186450283308	-0.14364261398885556	0.14351950799195004	0.71455417740477
0.02124032243471033	0.7660791903912192	-0.6498249972313738	1.2687594568231004	1.3386230700563362	0.6483275739160885	0.4866801322140156	0.7670407485314503	0.5046835897057235
0.31336712561853736	0.5716887884141322	-0.8593941668649288	1.8265987080007584	-0.22371462076423776	0.37603518413043535	0.28248543574034585	0.4534144552152102	1.2553125241027394
0.5732767003287244	0.8224296543265266	-1.1708333529713602	0.4196177657363704	0.6719329040907773	0.6066742653737066	-0.34127491505413965	0.22072821653553173	1.254883248826635
0.1792358272457291	0.9930459504012032	-1.579208370927779	1.4780362822649764	0.9084209998926328	0.7242357868594612	-0.12455198152319685	0.14638863025248258	1.1241543887967151
-0.4707665385839298	0.8597350995585975	-0.7733733004819836	1.4482119806921243	0.4683224072607153	0.5087705372615827	-0.5192107562501969	-0.0720515387655196	0.9992834323160222
-0.37229000793915307	0.7718761575631904	-0.4871454943884648	0.7720619691511978	-0.16287270839302267	0.016902294183051947	0.05426151126653631	0.4790986952720503	0.805222243259518
-0.5708755985334139	0.6100671962140615	-1.6699196054405234	0.60844497722843	-0.5657818388823367	0.4816191675735653	-0.3046692574529549	0.0914173289127014	0.9685819647178212
0.640557303518931	0.6276321097345605	-0.8156883086649757	0.8130462246737713	0.6586337266765839	0.6632620216363107	0.042752006814359686	0.510812748931405	1.096405947405946
0.6524800281029657	0.7015313031376731	-2.0152931243403147	1.076860896987994	0.07288582690109581	0.7217889899178664	-0.5666340436451799	0.02907017651323028	1.0506642123955132
-0.1897841410736787	0.8365227541629193	-0.18836194743003648	1.2034535360787175	0.5091981451699129	0.4986725548426192	-0.058256828446428266	0.4877366735506578	1.361797179664378
0.07629700671459133	1.2668552440175511	-0.9136666042532924	0.6141572019636952	-0.8760649243987043	0.3909823973081242	-0.6031953093763917	0.11844055058520755	0.5383549668798273
0.34662699959106336	0.8874491529007245	-1.0710347884873153	1.3113570408960815	-0.4273166916394272	0.4654302924735546	-0.4267967647185728	0.22376765595496004	0.7630272662477202
-0.38112834738938656	0.5939688788736381	-2.0963393796368885	0.7719490173273654	0.3073564629419611	0.6040709967851418	-0.3952900910861889	0.24087286114764805	1.3840025610623927
-0.1381471011812728	1.0804025180005898	-1.0895215407280012	0.6116998722852047	-1.0180533926205788	0.09519676293805276	-0.3060264020531184	0.31501814041066944	1.1686667644585382
-0.017235150641113688	0.6616887067026971	-1.1157974842792804	1.2749617669717717	0.8729741206058382	0.5918574873653821	0.02578914356835916	0.040462212560063465	-0.20489562284072585
-0.10315875554527112	0.6812423861695294	-1.5381672455274067	0.13340349173588906	0.6995226599490724	0.6649408688792056	-0.1280212365669665	0.17046630947333913	1.157510609759375
0.9473520763524079	0.6933031167440661	-0.8888276867239298	0.9435473106241672	0.25787559938397564	0.6079486624790374	-0.3273773712405461	0.1180388018248038	1.1249572867639666
0.33066801231376075	0.7673202798535923	-1.3490427266792768	0.9473437469252056	0.3917438318129347	0.5089075447456826	-0.02868013696920015	0.2844243372801898	0.6342027876502484
-0.3399792087156129	0.7397631181958456	-1.2176732502936305	-0.129583494713694	-0.7921509988033991	0.0338234768133897	-0.22228205151102332	0.2244754111340556	0.8278856641910309
0.3167779303729573	0.4492504109218228	-0.3463595267821856	0.9904765971411271	0.8861583552771479	0.933772808565994	-0.09225659206403476	0.0988807809585156	0.6915215109517135
0.1750822777138769	0.5095535287844992	0.2843209732095851	0.5795198976753122	0.576815797100892	0.4280597317159725	0.057452709015167726	0.39837617765679373	1.345037622562928
-0.05164805772531087	0.5773386278343402	-1.1455722034900715	1.5559824533614193	1.2773787785948871	0.6749882950309736	-0.025608128350906825	0.3445944911954954	0.9259430176462504
-0.28936390104388954	0.7811842616547393	-0.16220440849846762	1.08409452003927	0.8002705305177404	0.5114677141164633	0.3725416412739935	0.020438385664869458	-0.5382680508995181
0.6664281066606427	1.0841269901602244	-0.8820646088931022	0.8711693506876025	-0.44226099699741306	0.21607578667717686	-0.4403897985473867	0.1008405680755998	1.6032452941922484
1.0817720642047464	0.4682095605190305	-0.009589478004104715	0.8140502408856161	0.6299676743185327	0.6557292642148473	-0.2608389750406386	-0.0059967044799773	0.20215551256718625
-0.2668107631083104	0.9576550384770764	-1.4087247639010816	1.1380820405254988	-0.3471655113256912	0.1561470194969575	-0.2370251692314287	0.26427469930331315	0.8963599168817158
-0.5115485090847086	0.7874600627824487	-0.2747579713940969	0.4269216699224757	0.021590680380744614	0.5483093299285123	-0.2683422652547162	0.3021654366199853	1.0200255884466172
-0.3864230719885679	0.9238559150745256	-1.2082961074974536	0.9390835172973184	0.5416344148827225	0.8509530483343231	-0.3987670995045086	-0.03177560136445102	0.4973437015907758
-0.03820965947354092	1.0492314975020345	-1.3404060170209244	1.4945611340916782	0.8150436141135052	0.7679287880018459	-0.23838033748121676	0.1397390966626282	0.471726941796859
1.024243732282345	1.1088887245344703	-1.1015849771042825	1.0510937621761942	-0.09126544632003823	0.5637852352703985	-0.3998691428792801	-0.03592997229377038	1.1082089852414958
-0.08460695297235199	0.6668742911898412	-0.2773732940716434	0.12602271755856467	-0.4785181987744968	0.09461700894398836	-0.03696013288085094	0.5010419281606133	1.05734533648515
0.1550965141787803	0.5755483506003853	-1.418740465147107	1.6281828279305142	-0.17264109275506231	0.6445596153220071	-0.28779532997385204	0.3221380272506804	0.8001753667068054
0.3249554533521228	0.4386506589222947	-0.5711921119681065	0.6249820655027134	1.18932341668959	0.6051058835746339	0.8099727428546074	0.5640930364399057	0.8821506863841859
0.4277293392665013	0.8926301898028143	0.005869601631515831	1.6781097303499637	1.0905352960400494	0.6931890567840296	-0.10967614427372872	0.2498499540243375	0.4350468858303654
-0.4109558565268704	0.7300716794347029	-0.9970809519440716	1.5073118262270413	0.6189838857111999	0.5995200480028698	0.2265972876601265	0.4250154529997815	0.6067191650204844
-0.15721009326574248	0.29557707923519183	-1.17870896707722	1.2339087990897002	0.656939791786643	0.6784061514747262	-0.35969754109287794	-0.04453050033667425	0.6296802334850279
0.18924035145681334	0.5032643524066293	-0.22150535892451267	0.6699604230180323	0.1438622552206043	0.7583837647553334	-0.12844660797855578	0.3948191651248	0.9759040314993834
0.3191984806244033	0.8838783623654319	-1.0439219273053677	-0.1491163163600695	0.6412886601010476	0.4100341474287488	-0.05673230217215471	0.239843033941501	0.06532425280019254
-1.1787665992911336	0.0888783708031013	-0.5992299306345287	1.1153266405941675	0.8403823681785884	0.6626529450072727	0.21257371350335655	0.3204178130906918	0.12356437030317212
0.18326303470513566	1.0365791796129082	-0.18441416851611445	0.9321225473985713	0.4984854179410269	0.2703958415747262	-0.31195150047888	0.2476718700260935	0.23640092426927825
0.8096704795035543	0.4934178944961288	-1.5929763666776435	0.98823952351911	0.637255807322715	0.9816088958050512	-0.3297730119495611	0.2902145779256087	0.9268050074031476
-0.7694508402889759	0.14942157440615494	-1.6839001545517185	1.0341651075792913	0.012799229843077296	1.2895682265344657	-0.3092651842377139	0.1637240729811922	0.9657033503936464
-0.5877418340032953	0.8032441954966071	-0.383612962064026	0.9378987781673416	0.8869028599312628	0.4888772780734889	0.26974420892337425	0.22705274721032295	-0.04873228086537354
-0.12258438818580494	0.7412569998862484	-0.39093590149578994	0.7827895686196941	0.4060484005217304	0.7852300273708259	0.38343224400473336	0.5468949112421095	0.8022113758823267
-0.2176994866607863	0.9639858118829449	-1.2395615750083002	1.4045404130275356	1.3302615021974489	0.6340779108350296	0.25296560234315146	0.22522441584812905	0.19134265302691786
0.32422025460290843	0.4392043942789307	-0.5868290680430491	1.0707668323371615	1.0691828135310792	0.7270108203658229	0.4194754018836592	0.6279707636898748	1.6748798633365838
0.2443897440833695	1.0752787271691862	-0.9353450707041968	1.6098008598669657	1.2435320358324713	0.6345124419515752	-0.04032281703129535	0.3091287923298957	1.2340563631987178
0.8009371376459504	0.9551584142821566	-0.7621764278095918	1.5018201713033164	0.9119866096262408	0.5298928193051995	-0.08004305079732275	0.1614594735109024	0.10478412411981257
0.5536285676561702	0.496270032840309	-1.1903710135894146	0.9427469214502872	1.3133652369540854	0.7652959439969719	0.21423460795353988	0.6058488551840125	0.9262459803137998
-0.608577495916516	0.5028517259391844	-0.6538642297893513	0.6940364180230058	0.8231161558222366	0.7573680893473757	-0.029767889810487263	0.1808042027986698	0.3469253947198774
-0.31374015939687544	0.8211599418288102	0.4756243886028236	0.5668953350765616	0.3784588036437159	0.3292266530221271	-0.06548084514975197	0.4981972299668443	1.257843466098416
-0.0069716898617577325	1.0134266215854466	-1.5241920866113416	-0.28429109777660344	1.012821442408405	0.3194465431331553	-0.07054060616494663	0.39782994697255947	1.0166507906824012
-0.9632561298076991	0.7454120213485426	-2.005018873401174	1.5733795442721612	1.24437335947748	0.6512997768645127	-0.2240869154847145	0.25540376970348805	0.9522701295358036
-0.02360917287623847	1.089528852442461	-0.32101518862270884	1.626231585173807	-0.13406214295989347	0.29097805629402684	-0.16826809169458973	0.39221599381346745	1.3904488812683051
0.7990355385350792	0.5975333830413554	-0.12449136924512645	1.6723485598243708	1.085049681457467	0.7015654719143181	0.37154054379532464	0.6242559174108862	0.7336736542323922
-1.015882777400661	0.4822232113694709	-0.6809734975078785	1.182628357314658	1.0447788635160054	0.7930718099755217	0.053911849277024027	0.21739308308115607	0.6303380595454235
-0.027293790654559464	1.034900853222795	-1.3350783481534745	0.4469859926509966	1.1041462337845267	0.6381263303213782	-0.10762834123080244	0.1043709855126737	0.2783898616547445
-0.8548768385323747	0.8256468032475812	-1.047603071233478	0.3153977453962119	-0.1697315946395476	0.3957325377831465	-0.4202471395741519	0.08513741286653112	0.7151375915819079
-1.160031104831314	0.6833504593472927	-1.8146635933314732	1.3640145536566828	1.19734381286628	0.9991320771870192	0.180232411904702	0.6081667533955502	1.3095653527519993
-0.06511814929559535	0.6183680102160389	-0.4953802751632179	1.3560109756729477	0.04814929013897808	0.6050181684510496	-0.3647299372567195	0.2135048802038525	1.1012661689405712
1.428472390261713	0.7448969404648697	-0.9176064775476892	0.612114342727657	0.2293842663543192	0.5219841760371376	-0.2974355110247056	0.13588237369359715	0.6555524323907996
-0.7322819080988526	0.6591690770775016	-0.2829887993590874	0.2325055394361684	0.6191409582284463	0.3458266769651053	-0.3270914085439058	0.2447304525279419	0.9250835291291268
-0.08080763556512129	0.7580370537273416	-0.4758397397744274	-0.3921591482714866	0.5885773172409878	0.3289566825553031	0.11868612472636612	0.19831799549045515	-0.12114567354414085
0.5221553775647997	1.1696062076471123	-1.0574401773474973	1.1969817103281786	0.4648226153632812	0.2865727095612781	-0.17705494546408146	0.2929307512524993	0.8552426615572679
-0.4073609286839374	0.9542578586888644	-0.814666866687657	1.2501578602132106	-0.5179556420849806	0.10049139441077064	-0.34430313991026795	0.12932966795953313	1.0504494184299749
-0.07115065985366567	0.4572698096604278	-1.6725773309864331	1.1779054023031263	1.2010615667284357	0.4875610456570538	0.3659246681898535	0.5261806973930739	0.4475784097499091
-0.2973950310756307	0.7823285143059521	-0.8927291099597254	0.38135596292322776	0.9291633160846072	0.8315097399242692	-0.21152812101009716	0.031891970359946044	0.7390103619438438
0.2443897440833695	1.299108456006576	-0.3192790067710236	0.3926069058421481	0.2067028676796972	0.19388967438109855	-0.040329658244133634	0.3091237989651352	1.2340563631987178
0.1825541392542802	0.8173153599227366	-1.681362450684058	1.1279101012792454	-0.5100082178570923	0.6627417976468689	-0.2071412312842857	0.07654296370246606	0.9050457846497068
0.21448052224032785	0.8335828741776875	-1.7784265691781624	0.3089965145355689	-1.0657303069344386	-0.3041471916392925	-0.4237373743372923	0.06878859388364947	0.7078711773853033
0.4199325673111226	1.3369316571723515	-0.7106111260891721	0.8861991596238538	0.10390574129391617	0.42856213462122783	-0.32721576659061063	0.016397342405331618	0.4336687027152399
-0.6451688335467727	0.9068575771508164	-1.3313549810301717	-0.10230594301320016	0.13486301745617466	-0.0015819618383029535	-0.16294897269934816	0.06537617182689415	0.2946929424975551
0.6520973366719229	0.8158480949801528	-1.014344668909541	1.314359049369498	0.4771362740179492	0.5840378231275843	0.32704499144122323	0.28873882153606834	-0.17818175675121584
-0.3493216228507918	0.3050169295408196	-0.3028716121386945	0.9104110105724926	0.557068856445841	1.3336963907467358	-0.16048066310729536	0.20980837911278832	0.7435213478751126
-0.8850111476171114	1.2790009074306057	-0.5295126077910561	-0.16052005799622987	-0.5938114931770905	0.030932416673814283	-0.18061754505635566	0.13833444144522095	1.3507723400533171
-0.25694012699788954	0.6830969983567552	-1.4376099212420916	2.0379720447949934	0.7657341312980217	0.7533106961235999	0.14878335648711166	0.26043860110177103	0.3858387451490167
-0.20793837575992585	1.1481568539750622	-1.9877486882015485	0.21250804653674826	-0.2461588208601838	0.5502840577251691	-0.5115578715153888	0.12132400163157454	0.8867604712865026
0.6520988458775665	0.9931966894705097	-0.7692893293044195	1.3049853030116614	-0.2816451272565707	0.09166995773849394	0.16890503574097576	0.17581355182337624	-0.17820739445889286
-0.08294380835316134	0.6747266330539442	-1.3040108804771051	-0.1726212771445562	-0.07070293682543813	-0.01578410202819804	0.13977803998765082	0.6005751021370808	0.4590931797015788
0.9927763634127424	0.4472895992483243	-1.2601769153062063	1.0302914875319669	0.6177543322209321	0.8097605601674281	0.1862862771587753	0.480775054663273	0.4683465162431528
-0.3744020334368963	1.3561985712757476	-1.1950362274752686	-0.15603367430461446	-0.7611019910192263	0.1115469125304172	-0.7074613220829624	-0.10600207708053433	1.2471466015526371
-0.04557113340115898	0.927080821640673	-0.8293582028634566	1.6981018894132578	1.0494471604759517	0.5497455070888689	0.6792817094119298	0.8708186082085572	1.2560478885961093
1.507130894798633	1.1078269971767467	-1.5433161395896795	0.8849275103405391	-0.2580085750560205	0.4552485130417146	-0.2682524173261067	-0.013320667966721229	0.23031384462581636
-1.2943719671877694	-0.3572266152980493	-2.1398659240121507	1.5425904458707398	1.041689240742555	0.7174211812135103	0.4559934919605139	0.4665191068234834	0.8981364224307505
0.876463609270895	-0.03330748196618175	-1.4226408103438766	1.3741827278421408	-0.4617736007188391	0.5236243477356279	-0.6245216501976016	-0.03356984758458425	1.1137611122284292
0.033138252926029496	1.2219462365743592	-0.8328231999668145	0.8412716304292597	-1.4882250130939805	0.15011780546188874	-0.8235205215340707	-0.3450969737760776	1.7120410953044785
0.5324272467755982	1.11337879601328	-1.3682623657846038	1.267036627754588	-1.2694428691046546	0.15731600678518567	-0.4762924835226998	-0.6299109011158465	-0.29575628415802346
0.2873449707108584	0.3633990939754752	-0.7187427744637529	0.6025793262657929	0.8364992748245943	1.0606191149128723	0.8201006263673545	0.8782494948320202	0.9052246232935024
0.3361912737675365	0.6742510091582442	-0.4997391462924621	1.7543748018016991	0.9562958446558568	0.4581506955600729	0.3230334562598056	0.6402169907649751	0.9478923346224668
-0.561206764777616	0.41142306342849744	-1.66401716209894	0.7639915613383624	1.3457415711011034	0.6851909289230318	0.2860465150631005	0.647081564693754	1.3738034432315147
0.3361912737675365	0.6752306124799841	-0.4996706908142984	1.7543744880466323	0.9562141287916216	0.4580935669781419	0.32044382916008723	0.6381033863029862	0.9477960368911922
-0.026096343776806703	0.6482154159587321	-1.7564857798975508	0.4950206382661842	1.0207392963040989	0.6336766204641653	0.186785989749874	0.6072283264748016	1.0444386265996006
-0.5612378112937119	0.4114153057834045	-1.6640175214452824	0.7639931301136936	1.3457415711011034	0.6851925720017155	0.2877247405858075	0.6483253467247472	1.3738650362609341
-0.01468739591399729	0.5717861602352989	-1.1057526759795475	1.5557640798353431	0.5352807679679884	0.7119166148412629	0.17501454285946702	0.6318938115690939	0.992782397490068
-0.16098052016493955	0.4507089819518024	-0.5381045788298213	0.8907715122036086	0.8822612716584597	0.7094468147980943	-0.055607606781540864	0.5581710143853731	0.8144130488067576
-0.13275082860236134	0.8005308922490905	-1.1352490814484097	1.0112274159544967	1.0204947846325148	0.6934626925802253	-0.12315059708001234	0.4730011455910457	1.5758970511652175
-0.3773158783329764	1.0092496647128897	-0.5572052742959249	0.6236018569664931	-0.32348698833105893	0.1464975975586861	0.04117047043310045	0.5652282670630623	1.2494555585184273
-0.04204843182831011	0.7577094938509161	-1.6065733135686855	0.8009669683800791	0.9200677362701256	0.9341272079990346	0.05182193476840432	0.4906484565144704	0.8778341718452967
-0.014743452123614819	0.568783416574314	-1.105743153301483	1.5557640798353431	0.5352809269482691	0.7119166148412629	0.17675297105515092	0.6332094546320751	0.9928155389170654
0.10167149680038164	0.8875604349820579	-0.5504457899285179	1.7629676117997597	0.7176255855222953	0.5107110131872146	-0.06427177480079928	0.4312941749804656	1.4837967128852447
0.16969010155028366	1.0520039193552593	-1.1527943462728871	0.9889627289467048	-0.21621075151926228	0.2398531574832339	-0.4515054011670301	0.35013528070570543	1.0391359982800614
-0.8405846610879686	0.5321003217322015	-1.4545653190460694	0.6276474147900956	1.077304798107081	0.5764740999924638	-0.21313960670089288	0.3496435428282051	1.2367326897562207
-0.2828020905065461	0.7025979793379562	-0.8042963109288426	0.9333731750924508	0.2573568467283325	-0.033008243089704924	-0.15864721806663534	0.5283039629303603	1.2241395728072582
0.5167649262076561	0.3922491073137156	-1.232578397542958	1.1374052708477025	0.8426944183995561	0.6816366969485192	-0.36015377397571546	0.2907301971128332	0.8893680137502386
-0.3315388683536638	0.9046926591598716	-1.7116476213737526	0.13225577570372388	-0.8126833020446824	-0.13727106488034824	-0.17210175534221203	0.21364295759462076	0.9287344012333288
0.16969010155028366	1.052004053107761	-1.1632453956123237	0.9889624151916386	-0.2162131362234715	0.23985290470189774	-0.4661224885442592	0.3388678616750688	1.0390750305605856
-0.2839747432915834	0.43980708305115335	-0.4080282102560943	1.5018512330548701	-0.5454395170763869	0.4308260442662428	-0.1261970651703761	0.3984181870516267	0.8393194565050377
-0.7281072296879907	1.1783782317122369	0.014268783357763515	0.3193121536021422	-0.5579790867098072	-0.5923821211130464	-0.5399019284661102	0.26473256914156845	1.0111374329119551
0.017143691515700513	0.4320868886586341	-1.073528472428073	1.2534372281651491	0.3895754997656419	0.7219530450049159	-0.14323685405406933	0.3833727448226407	0.819522769008776
-0.7280852384057561	1.1782934326262209	0.014326638118835873	0.3193121536021422	-0.543738110113257	-0.5923817419410425	-0.5315878785172199	0.2709843703731091	1.0112055916957796
-0.2844091789161192	0.4398136369237319	-0.4227980636076351	1.5018606457068562	-0.5593434554780355	0.4308298359862825	-0.13137008626478233	0.3939048366165913	0.8386750746084238
-0.27225856427990874	0.7657509617522856	-0.5359817403140748	1.133087373626637	0.4805071329078055	0.5588348919772819	-0.053714719202663734	0.4165495287025951	0.9711663707136532
0.2235435177306439	0.8769909110478923	-1.5489747664381714	1.4363347826610662	1.2777792499217535	0.6462660157305236	-0.09613631987810142	0.27658193226961764	0.7952435471836676
-0.030825978662882062	0.6828570463688796	-1.5180122278936852	0.959866966637573	0.6504061791942539	0.6244195151593313	-0.08932672864582576	0.2509849675446784	0.9828202721277164
0.34384014356984755	0.7683454927783786	-0.2255830415410912	0.7813723369856618	0.9716579501912962	0.6045618981396101	0.02880231775624325	0.3731457910361192	0.962691857706512
0.37549702554811865	0.6662185026744822	-1.3301321254281255	0.573575494191058	0.5934575349149924	0.8303087757970398	-0.11254808542324024	-0.0059563233562619855	0.01801736700157465
-0.17133108367000888	0.7312692993340552	-1.2010299447877355	1.1835272655793254	0.5992849571008944	0.614147871962551	0.039280927447166485	0.4072250713208282	0.6234036849287332
0.5747897867867849	0.7681907411340241	-1.0848356644274784	0.7689909345632175	0.4720584438551417	0.5668523576104821	-0.15509693265747004	0.12534257474969013	1.245297872705147
-0.3147032481982657	0.7779657752086687	-0.5076409926812923	1.3369312163421672	0.6637371526645705	0.4731790515466107	-0.04933254231236309	0.3233195007735753	0.8323062928354864
-0.07769543792731767	0.8451107347858381	-1.557069222466348	0.977387049534266	0.4234104779872924	0.530900405710406	-0.4377720464615554	0.15527931620853402	0.9530720895381396
0.1276367330952181	0.7053039261978845	-0.836768463456342	1.2177620221177718	0.8637457922570441	0.6495516675355599	-0.036526704040807684	0.10502142554843136	0.19897268495557585
0.1391769818490163	0.7636411497920014	-0.03775432560244657	1.1215804065736965	0.7262623482469251	0.6826408708056901	0.0073730546885552	0.13131214232085525	0.8472236868438514
0.9247935483966732	0.9780324996012808	-1.2203721209957066	1.5363771542947513	0.8716033926263852	0.6408902414489569	-0.18663066708730314	0.19728436898503388	0.9384917375892362
0.499655277427551	0.9388723084294828	-0.468294364956925	1.0460520320174018	0.9030431739403071	0.5289311127124728	-0.10561337600949994	0.2270595859490167	0.5717956046848379
0.0361486869832967	0.6845985039397494	-1.370438207885805	1.1828643011244415	1.0378902479570058	0.609317599804024	-0.14260046923315706	0.2428822562581137	0.7012219441027767
0.404459759851849	0.7869076649508292	-0.08426991285100305	0.91377634741257	0.9758694968050386	0.5748330435592977	0.26030363926044664	0.4681525884086107	0.9090924779480442
0.15671416702785826	0.8452868868304493	-1.3563185917402307	1.2059334561219746	0.5925122381664623	0.6468738284528815	-0.16441694494749193	0.2636332690344059	1.0456307800065825
-0.2668241303582961	0.8289440699170959	-1.8053146592231488	1.1429872872304936	0.5200668320540813	0.583535799394333	-0.2364321120918255	0.2646981583452841	0.8963599168817158
0.10574333362667596	1.0276974784964692	-0.2786973056689804	0.8445306043018951	0.4981300970138549	0.5719001481086179	0.0045844243087187824	0.3550051139640767	0.8038384323549024
0.8653586585448575	0.8160750729753729	-1.4010811078590246	0.9346655322101348	0.2787823011861049	0.628747510803271	-0.4706664221114472	0.007865201749364859	0.7999827712442562
0.011167237167247721	0.8156597714578959	-0.817706757068353	1.674283487317636	0.38162823451803424	0.5642633711674	-0.3693752728008661	0.2206503851761128	1.0088028382384882
-0.19918390502331235	0.603440027264641	-1.1124988645322982	1.3266162047857264	0.6905836757109954	0.6434991976175811	-0.11237933550656257	0.33160327580841165	0.3803532136710494
0.5498001441400996	0.8326823185843952	-0.4268112435558129	0.895187614760395	0.6711872865746982	0.7600579355435129	-0.2985577739840881	0.1279710385390486	1.0676044840705887
0.2602644314454395	0.6964212888139344	-1.330935623848982	1.5901064543614964	1.165823905490929	0.7400581290223045	0.007652480226261097	0.4224204230440367	0.9231219318368634
0.4014769226977782	0.5222910470171465	-0.5767864158213687	0.6213308977973265	0.509584308271524	0.6751532348526988	-0.2713376522892208	-0.05930803769111924	0.8196722180852348
-0.2318053850086172	0.7398685151671086	-1.0554865909588629	1.0044870158672898	1.2002628497986316	0.5884451921110211	-0.05183612215727102	0.2653362235205485	0.4626624488581747
0.174035751400479	0.6448555531184673	-0.8473553457130796	1.0566952313730895	0.9043677976383818	0.568881307003706	0.05914537709831109	0.07907383977617938	0.7160596110933654
-0.06408391222815206	0.9297493178001524	-1.1243802919863233	0.5631431382398576	1.1213669777806228	0.5825709330349065	0.03197010335427255	0.41617925985046417	1.1582325300889629
-0.25330056978806875	0.6850881718481177	-0.8651949151917074	0.9547216973069343	0.8079537295192483	0.6898768629387158	-0.01972726976816615	0.3926840674840595	1.151753068456054
0.09525155159353173	0.6980614957410908	-1.7563948652730084	1.1672198460135013	0.4333190829568334	0.6995985803390766	-0.22001730600764746	0.29736008289786897	1.0688563545771597
0.3044380182288846	0.8585124679414454	-1.075308853879832	1.0458236183292071	0.8858753703776551	0.7715264983661467	-0.10740394944970673	0.11478345365518824	0.8156130185880307
-0.12545015410209767	0.6234195746965772	-1.4273078209614407	1.1831931164338203	0.4814565631436316	0.8392099649808176	-0.04619926683242913	0.3068855774869497	0.8283524580637357
-0.5573354367011074	0.6930348092258506	-1.4633932009584003	0.640748571334406	0.7608093991454449	0.6220605597319886	0.005785589256169446	0.4777677464605643	1.1495738633035075
0.12789049524414056	0.9081616640414444	-1.5680456361578836	1.1266243330179522	0.7978882110127414	0.5686761749495601	-0.4539241499727433	0.07429736072854773	0.6284699460896895
0.494139562001993	0.6274951471729191	-0.5821936799035865	0.9548616320664604	1.450973162523925	0.7312536286995382	0.2464153690909227	0.522454887421894	0.7651001687098988
0.04443163875670435	0.7791481473228383	-1.909534800773128	0.8104219773000617	0.5717875687856359	0.7431989371218257	-0.3852839811619631	0.2550140701493541	1.601180520759333
0.6439478417975664	0.5676153559778159	-0.8317280919893726	1.2200737694455444	0.9678600702677108	0.6279167449425807	-0.09365447988732403	0.21352811020512952	0.6372552381386718
-0.041381794135474034	1.026942445624921	-0.8885757849381424	1.5299144274411325	0.7724488224300297	0.4862778012049637	-0.3406087329506428	0.14588451751448886	0.8411069049780808
0.847732430233046	0.784810559478197	-0.22078702558672544	1.0971115902258382	0.6696911231538409	0.5025880113462436	-0.11405847319098132	0.2921615559765683	0.8103153927480381
0.5070538346938389	0.6152177375457859	-0.6521399063669541	1.6258055057939054	0.9596010446898195	0.6528033202509073	-0.1679240547023001	0.2162865100296686	0.8409436990828686
-0.00252341402780109	0.4776082150541645	-0.8460900872426697	0.6405552982136261	0.10298333770579438	0.4890161814176086	-0.13212718048555244	0.14534794790555186	1.0201615933592942
0.36515400807126697	0.6216801234132315	-2.1450696183915894	0.7734286862195716	0.8395144948267171	0.863929451826063	-0.22464348615584687	0.21405415032750627	1.0196491518607256
-0.2912230267959353	0.9669394683758414	-0.2633740589506603	0.23601426234149964	-0.22046013543979084	-0.1186310955560311	-0.18529389409870253	0.3080544590465356	0.9612173768601115
0.3664570993440682	0.949758023277438	0.025645688547529816	0.6524961885231233	0.19258049037248495	0.37498715271147226	-0.16457398878886853	0.245073366425298	0.9501428251085542
0.2724245325171237	1.081702324811167	-0.1059498166872754	0.8486147539986402	0.7895004114075527	0.6535442223466574	0.2343704257139365	0.4898649324527049	0.6352451793257993
0.07016575098727168	1.0991630451329173	-0.9191991005357194	1.0682837747432428	1.0940350879374834	0.6183374698250431	-0.12675302773370065	0.2638112933432581	0.6814546461738521
-0.7471967406716256	0.6212281737103152	-1.0726311846119376	0.8458759860257672	0.5340597994128737	0.7434678964633058	-0.16293270581548827	0.3397440886391269	0.7970191147677872
-0.3393572003896647	0.5288065326277284	-0.2983657683555461	1.6059404175324223	0.8094564111316107	0.6566391506336986	0.062032064862162915	0.4759803389791248	0.7386739451943259
0.06463666831172796	0.5462257896739819	-0.5883004116406327	0.2808592739536828	0.16320109349531933	0.1848973575257009	0.06570564412936931	0.3844227625906454	0.6130054058809005
0.21946974049709356	0.3641083834914754	-0.5652911060118924	0.6108731276857635	0.8931779705873734	0.9091026140812644	0.3958364270692055	0.5161509815145918	0.9938632457271348
0.615526049916645	0.5382228424930742	-0.21632861552072968	0.9581642178932972	0.5068089895128475	0.4931376547100546	-0.1815508385144495	0.08265679609464621	0.490496557711182
-0.005947154830594399	0.6903795545640299	-1.8755251849211048	0.9643467614727984	0.5388074275328464	0.7098941113721066	-0.19331498811116224	0.3080720443746052	0.6606152543470677
0.221987311111339	0.7814858735458537	-1.2210609879334444	0.5804153546342511	0.6870338050251681	0.6539419737788181	0.025257353290396568	0.3055534346099774	0.6746844154172891
0.1803390565711632	1.0749351169925685	-0.6720929713564351	0.7066261538094079	0.4817048903419505	0.5144004831764749	-0.045165635586040434	0.2207941072400887	1.0214212802401568
-0.3128365764180023	0.9164713057085278	-0.4257736309931011	0.966322163369603	1.1473430837906868	0.6216571207197684	0.13852077709492622	0.2982073266360347	0.5243614683127502
-0.7494821092175707	0.5592379017924201	-0.4974844276691774	0.9667407126279159	1.2550790915740189	1.1491082549478482	0.2102052856187428	0.5017453412833955	0.932028534014854
0.6202160142543756	0.9319956910645729	-1.6416212606761045	0.3942428247573227	0.5403929378714086	0.5207883939272958	-0.24696013054213636	0.15855442073437595	1.3582463571511114
0.2479402581602209	0.6758985724729888	-0.4652115326883525	0.9248763741446472	1.2027073305933509	0.6234708268054074	-0.149930904802854	0.15871637943486833	0.4837085056212338
-0.02258657825233111	1.0210020957712316	-1.0561867773063756	0.3914067927139273	0.5350761603468384	0.4954758820678471	-0.4387053399196493	0.08958552390545663	0.9100860954480146
-0.28128124241946145	1.0430593545630669	-0.3310131022248022	0.7241945549862957	0.8015641530610956	0.4331710967201066	0.15920693242142467	0.4966056492251421	0.9862175810498932
0.14560361068085906	1.061600393840264	-0.3891889392538429	0.5321130759475938	-0.2850124885802534	0.2198603024487649	0.3905189803704355	0.4857560445632692	0.7762772712921641
-0.26308582797922603	1.1202631710232829	-1.0488886327722142	0.2909173201109049	-0.2254180944710155	0.31735187059257736	-0.3960295501805313	0.04110136324940608	0.8341640886771553
0.4675143716393132	0.4617102589611424	-0.9556344838698501	1.3471307660342464	0.7386372143096294	1.056164096647604	0.046482596188551814	0.3353164938162825	0.6865071505160547
0.0366986846399671	0.8160389597999401	-2.091824552195188	0.5656324709351006	0.6555544376213733	0.8448883185215494	-0.5840459945072757	0.0270272390177431	0.9172924798900586
0.7530097252253873	0.6747092452287358	-0.5214866072410426	0.7840348624774477	0.8650842472395323	0.6288463483056381	-0.1046568224277559	0.17031281778265805	0.17025720173742825
0.04894114521962782	0.6342666350715689	-1.2944236997439915	1.5720645967897104	0.7013833651533773	0.30013366989246604	0.10225489973137623	0.43859349729763053	1.1266803283128453
0.06748906697803495	0.7577802489242641	-0.3384463609835801	1.0309378229683424	1.05971506087968	0.6020645449308198	0.5345309193979153	0.7344757603860637	0.7587423298609698
0.1740047048843831	0.6654408656301629	-0.6143210396158749	1.5904609975863042	-0.14258857336977745	0.27486387807879753	0.13224008762852585	0.23568019600237036	0.9826064161270934
-0.23531105411777464	0.7804092996604521	-0.44414018188236665	1.826553841026292	0.7381397650115886	0.5647072551933765	0.1262029453391684	0.3891063216331687	0.320730535883341
0.14017370437617707	0.497324270057943	-0.747760171258643	0.9887609844391372	1.1789024182756302	0.7321057545831186	-0.0276112354699563	0.4512640518259649	0.8618709469566925
-0.3624001833569784	1.0614051151879238	-1.0865193817132226	1.2022549917258278	0.3728795496758521	0.5982174657785775	-0.3847397246739396	0.1908926449887917	1.038216480008377
-0.04477125441007817	0.8026389654268539	-0.24767080347560694	1.0580980302740766	1.1033341625111508	0.6706533479002944	0.058259364022277375	0.30597331145548984	1.0677433028780106
-0.6664934780885031	0.5716740756389558	-1.7431989488997108	1.0651440277957644	-0.7546396015925524	0.4324047901000907	-0.4101306580828018	0.030334583311712487	0.7258235132036779
0.7496890416079678	0.3125712708313513	-0.9288071233566726	0.6728667361962568	0.3156731983617154	0.6647388965917596	0.017218472124557283	0.2305275863265844	1.1679542237781002
0.5166405245424666	0.3990512245352326	-1.9814011944153176	0.875962273078897	0.2026733534872576	0.7455781150560464	-0.2870766985719283	0.3379167342396036	0.9919888791719672
0.20117493408519016	0.6083392476458536	-0.1588842279709614	1.322558724269608	0.8291601091503348	0.5191829796625023	-0.07527366126037524	0.3689943509948113	1.4978036556161038
-0.3189617953227477	0.9282274818369144	-0.9295791789725985	0.7531949357553018	-0.7867478949864555	0.20017166975214484	-0.5160776327972151	0.032719240639069724	0.4528369537184432
0.4223386723085517	0.8373617836054742	-0.35053010042818755	0.8526220337041659	0.10374040180207772	0.2579310675070049	0.06891478105833225	0.5970128791375107	0.9828183961978864
0.058789143245395435	0.9108211987833166	-1.2089995279620451	0.3996811413197936	-0.6671549788946591	0.2375391971336953	-0.4436565536911432	0.3040251393390441	0.8756140088914613
0.4506173052541421	0.8005541651843694	-1.240156293204417	0.5755552886587899	1.157461701710919	0.7218304460569668	-0.03491445821525215	0.3382875458487737	0.9016372201485504
0.04505860590119573	1.0346794928326422	-1.6686780638286898	0.32193734224105025	0.8839936797763092	0.5913988156312507	-0.09519040818299472	0.4700909908983511	0.9355596592649059
0.7392099800223906	1.1868937184792874	-1.503105283912647	0.5580863478378879	0.7649629179567636	0.42804835655585344	-0.4167400298193437	0.06011305681793045	0.8883021729518118
0.3692073032282264	0.9136373577045656	-0.4763893600046151	1.103148865209688	0.9992423007200504	0.5307273768859293	-0.059847942525661085	0.0941254694354121	0.11279809635368285
0.009782001987276242	0.5417924292558522	-0.3038793989550149	0.4123160578357288	0.7688704942739722	0.4965871088208044	0.44426187613152107	0.4798847160161961	0.9356146865399196
0.475228352885103	0.4162198293934822	-0.8993231153366117	0.7762421278982007	0.689973191433438	0.5625878100818726	0.8101080468418534	0.7654465625559602	0.8015032123714919
0.31395894983161465	0.9359930183274772	0.1669954705645085	0.5767221437499932	0.4389857760790348	0.5888588687673484	-0.11854266016604835	0.6177628063997246	1.0897864163457285
-0.0950698444974626	0.7173409825796373	-0.4069528663274661	0.810856841821817	1.1840683235138978	0.6803807528807148	0.3169882565419941	0.21953132871272407	-0.4179471622215528
0.9920836380223536	1.0798218983911316	-0.8674059732344309	0.8591851621789692	-0.5783670358562932	0.13393373320726165	-0.5433948997143859	0.08893986013164376	1.0719438224224105
0.057691735141729324	0.890103471295034	-0.7364342932494498	0.7443941061483494	1.1735148945261868	0.6262421949823973	-0.3411634792983516	0.00977158157379349	1.0502980934236859
-0.438235826538044	0.8290413079857611	-0.07204998114275306	0.568107370897298	-0.04343829564099839	0.2458424320672181	0.20740023632809446	0.1741208011695704	0.8417300263366211
0.07743624137466437	0.9489013385046714	-1.0133927604494115	1.1248773448093414	0.3226917008099767	0.5576532656222548	-0.35990444977449804	-0.01510807544816081	0.6210794078693316
0.5278269723732556	0.7587384518457472	-1.4302251742394934	1.4459366289520312	0.242311906852718	0.6963134340967123	-0.30303405555765306	0.214589525870957	0.5479075142292902
-0.8936082297651834	0.2680100198923264	-0.2274895535589151	1.0752896116164568	0.8960877866634492	1.0999917038513969	0.2634568302710875	0.5151613183293442	0.8312789085985757
0.16094964486607458	0.9580791676596592	-0.4403594990175045	1.8354773488641292	1.1937592844792788	0.5886495658211589	-0.14562656571195784	0.35943032065594865	0.7945929121876205
-0.4277009243436555	0.8519798620106582	-0.8077034532711287	1.4552940600464253	0.4792842565893234	0.4664763016418298	0.7738477944755261	0.4145018149451632	0.3347002726725711
0.07373329752781456	0.7319776525825441	-0.8433121603453392	1.575639522014011	1.006155240261984	0.7222270599731155	-0.004410554358008649	0.2713309750183317	0.4436336419723367
0.05180863594237034	0.4684805430872779	-0.9908464725824212	1.5576594741902663	0.4862460030774056	1.0571944333730483	-0.2919114596982194	0.11490872197983185	0.4016268832534852
-0.07604242654601942	0.99248325362696	-1.3175762048900452	0.09238252687057026	0.34971008153974553	0.17682857728129733	0.041988223407703314	0.07915764146302932	0.09685738262303904
-0.8670697109266046	0.3836001355500658	-0.5459837863991016	0.8780245851290394	0.7949392857876344	0.5393856432058327	0.6142748327260861	0.4914762695506332	0.29397446137265504
0.525623963335287	1.1667995451534776	-0.07328703092531064	0.7647938330426398	0.5704228820568463	0.4309159080311829	-0.5719867605968051	0.12412929566429905	0.6797084681570696
-0.9780543223443068	0.4953325615565742	-1.6851578667489444	1.2469974054313628	0.3221904359852011	0.8863583605953476	-0.41408214261819454	0.1270557330681693	0.8510412040479537
0.08559457588207615	0.5638241413198818	-0.33955692085373096	0.6228692388869127	0.665792608712627	0.12341626016124345	0.09087629048483878	0.1443517716358343	0.8654552235519284
-0.3182761847589641	0.44770476701329975	-1.4500948708776142	1.429279372487393	1.047813161151802	0.5272023411557223	0.2918130493779659	-0.08002974158729552	0.17706588905550674
-0.2996909640610808	0.5776966832811312	-0.11643680066091873	1.1432492727107717	0.9417714062189722	0.4760698589048499	0.26790924361319457	0.601958372727144	1.159914613836553
-0.5767390780594067	0.8614455265490953	-1.1664318993005816	0.9900078470722216	0.8459956439265036	0.5369075013785766	0.25547222272709863	0.3315444409453641	0.3271380868727654
0.42617076103832796	0.9327452400835556	-0.5809298588185451	0.929725458692792	0.7536308035546059	0.5956138180180087	0.24102130080836395	0.6801594582411692	1.375211015913977
-0.2370576362489729	1.1709855971961436	-1.1346319041059143	0.2301006068537336	0.9565600698822374	0.11346501730781484	-0.20746824125795565	0.33911535888493666	0.9500849839387951
0.12862245998126165	0.831134668388348	-0.5616550600497113	0.8077836109483729	-0.7005700901952083	0.052163773863905465	0.06759822765434252	0.4589732642591212	0.9202592629162444
1.2114139069896095	0.9439273504750628	-0.4787888952037517	1.276372409749414	0.6083371352987684	0.574074825942033	-0.3591190785406631	-0.07570733307864493	0.1772763058514413
-0.4782030415921129	0.3030308386445182	-1.120196242852494	1.0219895284802754	0.8394938273902373	1.0730850264966056	-0.019011374851377758	0.011288261844088224	0.18943795893949844
-0.04909706898610115	1.1092925233368096	-0.7827587082440278	0.4854005941813793	-1.0069632462055156	-0.029060809747079256	-0.15959981894762834	-0.107165748172544	0.9211221906380558
-0.7596362603881726	0.5849421900454618	-1.5679518467626048	1.257739751387971	0.9330996678326072	0.9419212149312308	-0.16149042612222608	0.3433485381363455	1.0098258453057956
-0.2049324693195893	0.8084566642365735	-0.5378350690732729	0.3554319505783273	-0.9365297355443032	0.4611580351141978	-0.30998335955878176	0.2814451438921109	0.4554423075973771
0.4046609154040535	1.0375170521541477	-0.3980220316881337	1.0419067000827478	-0.12919877719563408	0.4436002226892007	-0.21769570242423789	0.251780975018345	1.3410659664577915
0.018166070538801645	0.8787120382385184	0.08425777203583701	1.0566688759475291	0.1690073713038997	0.3786673961819696	0.14002827635058002	0.4369109504761614	1.1060497900071364
0.4249200607614386	0.9141016126376292	-1.889729606803407	0.5651006560978888	0.6665185126739102	0.429303289498314	-0.01739821686411044	0.2987839517144635	0.5833150644610828
-0.08865809212124913	0.9971730175906622	-1.433485882947387	1.751455938420826	0.6421590771374085	0.5456434979592931	-0.23501278846830956	0.3728835308347856	0.9522763826352372
-0.4522283188618026	0.3318100969094106	-0.3200735215333285	1.655085442326897	0.6899654013996881	0.8580426800738176	-0.232754884177772	0.0728573177521857	0.6556093355956437
0.4223388879093579	0.8385384043620749	-0.3503691132669426	0.2117067160976696	-0.896652393797361	-0.2348121781660122	0.06889684187800076	0.5969985503516764	0.9828177708879428
-0.9399110901108696	0.7167809608554259	-0.22228172669654334	0.8097226172574986	0.5313566577015959	0.36906435961885015	0.13431099876815036	0.06227681203033988	0.9787845217533876
-0.18451270136156936	0.5653132079202269	-0.7916530692296405	0.08008803460146356	0.18041547828019094	0.21091588765653502	0.32983407790191555	0.17686693468502385	0.13962545619790914
0.3693407601272773	0.8191321201520089	-0.2423068406276081	1.5500082431458764	0.5686942894657314	1.0055470355407898	-0.0757454008923129	0.14375202510753635	0.6338895073686339
-0.15097879876433618	0.9941833816748344	-0.4439351747942187	1.2420030522875674	-0.3098690554542346	0.23870932193793545	-0.7590826817294203	-0.3627907447020562	1.0895634933509266
0.21548931841263705	0.6734012795155611	-1.8001968486194644	0.8458399041931539	0.6694140205247308	0.530516683642392	0.3277738086489284	0.24914816917267305	-0.1944388773131906
-0.26455600987684863	0.5864493132335232	-1.2011558956806296	0.2196396991915088	0.5577122496414855	0.4747077466759349	0.15502269462257834	0.5496621037306834	0.9067466276955971
0.3738858407232273	0.6586862305467149	-0.2306677922813057	1.1809139996329328	1.5025683048337946	0.6301414734805192	0.2469377336978637	0.27026467453915154	0.3950880171759583
-1.309910964094553	0.7044168796072541	-0.3397495304930774	0.2536171765756697	0.922590276382626	0.5693187451056151	-0.017106477143295627	0.16142028645267334	0.5597834006732398
0.6254385125834727	0.6846030515248038	-0.4651118140784297	0.7660043000880453	0.7314745167468516	0.6116168988360758	0.16708436096428048	-0.028597107591583806	-0.4136403399867853
0.5248156759127636	0.23111211853263966	-0.3158125722822971	0.7601697108769617	0.5657161118689916	1.352266718812991	-0.11174887973677672	0.14789402117636236	0.459841988358731
0.5083925000996667	0.6653849570844931	-0.3243208156233615	0.6765712422628982	0.183310032249328	0.3807518310784406	-0.5967619848502217	-0.420563323672472	0.2761421850634022
-0.9919295278294806	1.0257509783406422	-1.1194426935731845	0.227657082398156	-0.28926393924443	-0.3118629627480035	-0.3155996912451088	0.3205908440347835	1.0496580886966755
-1.3089942294665	0.1859857632743425	-1.7920718481522115	1.1068875705785453	1.1021895044907308	1.0267983624564232	-0.2017644940742505	0.0010042100170445916	0.7682761179121326
-0.6264078981918189	0.528690167951334	-1.6786059048940802	0.21154544599364206	0.2490044997257208	0.6695272070485143	-0.20088729856143064	0.16468334177224533	0.878254692782194
-0.9178234343159218	1.0302249995192594	-0.3028024379678471	0.4957767879757296	0.12880364304085698	-0.3984088462626518	0.10336165594165857	0.4934020800770645	1.1137529831991655
0.6180393085147661	0.6458197749025226	-0.24009901670196304	1.4310935042801698	-0.2962315680028948	0.26903688911251084	0.7265785103828805	0.5989282687287898	-0.6221968388398987
0.6241265816776166	0.29596135017229697	-0.8991339194875145	-0.23381135893050736	-0.05338092239059087	0.27692606821770244	0.1172021896482664	0.2428102866747179	0.07077570488624738
-0.08311262378443257	0.9886636834386858	-0.3960894670605101	0.9284258852085848	0.6181277769000941	0.6149295982440617	-0.25174457074732803	0.2597336682592793	1.7875119409512168
0.2431437870242169	0.3543448521319685	-1.1981652357487966	0.8602547531996501	1.3054597835202792	1.077357789418634	-0.4372699014392255	0.22779382767162426	0.4566810465951374
-0.17279846275715066	0.15797304059613626	-1.5966636194935686	1.390495794999157	1.0245610232697762	1.2134174698992226	-0.1787512621940719	0.1370471302996852	1.2656710959691702
0.2320261158506124	1.0792793982446305	-0.09274868979201802	0.8073443538556908	0.6542445990893956	0.4893544028451465	0.9076648061044432	0.7910576389639181	0.6679051176665478
