1	nan	nan	nan	nan	nan	nan	-nan	-nan	-nan	
6667	-1.009928	-7.118740	-11.595306	4.364526	-0.189016	5.421064	6.933864	12.108826	5.493340	
3338	-12.587923	-6.512192	-9.737363	3.090751	-1.948622	5.255582	6.249636	12.914656	7.140612	
7505	-12.441126	-7.648830	-11.658851	6.969348	1.633531	6.444076	7.312473	11.253588	6.432653	
5840	nan	nan	nan	nan	nan	nan	-nan	-nan	-nan	
842	4.085523	4.682284	3.367775	-4.976648	-24.024398	-0.298431	-9.668206	-7.472402	1.852741	
843	nan	nan	nan	nan	nan	nan	-nan	-nan	-nan	
7507	nan	nan	nan	nan	nan	nan	-nan	-nan	-nan	
5843	nan	nan	nan	nan	nan	nan	-nan	-nan	-nan	
9174	nan	nan	nan	nan	nan	nan	-nan	-nan	-nan	
8341	nan	nan	nan	nan	nan	nan	-nan	-nan	-nan	
4176	-11.526341	-4.054332	-6.900428	7.740696	2.237850	8.173890	4.402255	11.160678	7.835164	
5845	nan	nan	nan	nan	nan	nan	-nan	-nan	-nan	
6675	-0.304586	2.097360	-11.079747	0.926272	-1.982235	6.962727	6.497733	13.021543	6.923536	
3345	nan	nan	nan	nan	nan	nan	-nan	-nan	-nan	
6676	nan	nan	nan	nan	nan	nan	-nan	-nan	-nan	
9177	nan	nan	nan	nan	nan	nan	-nan	-nan	-nan	
848	nan	nan	nan	nan	nan	nan	-nan	-nan	-nan	
1679	nan	nan	nan	nan	nan	nan	-nan	-nan	-nan	
8344	-10.239193	-4.406065	-9.593157	4.147910	2.483180	7.128885	7.044809	12.452694	7.199489	
6678	nan	nan	nan	nan	nan	nan	-nan	-nan	-nan	
850	nan	nan	nan	nan	nan	nan	-nan	-nan	-nan	
3349	nan	nan	nan	nan	nan	nan	-nan	-nan	-nan	
19	nan	nan	nan	nan	nan	nan	-nan	-nan	-nan	
6680	nan	nan	nan	nan	nan	nan	-nan	-nan	-nan	
3352	nan	nan	nan	nan	nan	nan	-nan	-nan	-nan	
2518	nan	nan	nan	nan	nan	nan	-nan	-nan	-nan	
8348	nan	nan	nan	nan	nan	nan	-nan	-nan	-nan	
2519	-9.763516	-1.394696	-6.711059	5.458799	-0.747685	8.092054	5.632164	11.333165	6.930277	
854	nan	nan	nan	nan	nan	nan	-nan	-nan	-nan	
4185	-10.778068	-4.606188	-8.921166	5.981907	1.496381	6.206810	5.470025	10.797943	6.294348	
4187	-10.213708	-4.856691	-14.529616	3.831365	1.456257	6.162893	6.560985	11.789501	6.975983	
1690	nan	nan	nan	nan	nan	nan	-nan	-nan	-nan	
1692	-7.749031	3.661270	4.504847	7.865666	-2.181797	4.847395	0.970437	7.378684	7.218633	
9190	nan	nan	nan	nan	nan	nan	-nan	-nan	-nan	
9191	nan	nan	nan	nan	nan	nan	-nan	-nan	-nan	
6690	nan	nan	nan	nan	nan	nan	-nan	-nan	-nan	
9193	nan	nan	nan	nan	nan	nan	-nan	-nan	-nan	
33	3.229020	8.366784	6.267238	-5.100417	-24.939322	-0.315976	-6.947145	-13.197854	-2.974837	
7528	nan	nan	nan	nan	nan	nan	-nan	-nan	-nan	
5026	nan	nan	nan	nan	nan	nan	-nan	-nan	-nan	
7529	nan	nan	nan	nan	nan	nan	-nan	-nan	-nan	
4195	-8.980828	-3.660932	-11.040190	7.726573	1.672736	3.944161	5.917153	10.830141	5.409106	
9197	4.674838	4.575703	6.341032	-7.193206	-19.630655	4.683231	-11.575223	-9.031678	2.409589	
8364	2.560855	6.982320	8.122315	-9.106182	-12.391727	-0.393522	-7.687507	-11.361178	-3.600601	
7532	nan	nan	nan	nan	nan	nan	-nan	-nan	-nan	
7535	nan	nan	nan	nan	nan	nan	-nan	-nan	-nan	
2536	nan	nan	nan	nan	nan	nan	-nan	-nan	-nan	
6699	-12.630188	-4.245664	-11.881215	7.241605	1.082067	6.999581	5.558545	12.710905	7.329834	
7537	nan	nan	nan	nan	nan	nan	-nan	-nan	-nan	
6700	-7.801040	-6.465133	-14.952505	3.127757	-2.085418	4.299763	5.846091	12.506371	6.391966	
5034	nan	nan	nan	nan	nan	nan	-nan	-nan	-nan	
9205	nan	nan	nan	nan	nan	nan	-nan	-nan	-nan	
3371	-5.890935	3.949311	7.718000	-9.819821	-20.338958	1.611915	-7.779068	-8.486534	0.780711	
2541	nan	nan	nan	nan	nan	nan	-nan	-nan	-nan	
6703	nan	nan	nan	nan	nan	nan	-nan	-nan	-nan	
3373	-1.742794	-6.407661	-11.115721	6.057798	-0.866863	6.357504	5.814357	11.316025	6.455039	
4208	-7.459792	-3.308860	-15.616181	8.411005	6.575579	6.258203	7.693992	10.030716	6.019752	
5040	2.820422	7.159241	7.233464	-9.610218	-27.568518	0.593182	-10.219262	-10.531915	-0.648204	
5041	-9.716404	-2.667260	-5.044369	6.442439	0.337686	7.466962	6.186533	11.508368	6.427749	
3377	nan	nan	nan	nan	nan	nan	-nan	-nan	-nan	
1714	-9.863268	-5.847705	-12.619278	8.464423	1.619149	8.050479	7.430017	12.029964	5.249375	
6708	nan	nan	nan	nan	nan	nan	-nan	-nan	-nan	
880	-11.918546	-4.082165	-12.532401	6.443850	1.783570	6.803905	6.826889	13.188358	5.826730	
8378	nan	nan	nan	nan	nan	nan	-nan	-nan	-nan	
49	3.672596	2.260103	4.342597	1.288058	-9.643602	-1.099326	1.803814	7.494444	6.071384	
8379	6.057278	6.658131	6.084000	-5.294887	-21.652625	-1.530789	-15.327327	-14.573730	2.235361	
3378	nan	nan	nan	nan	nan	nan	-nan	-nan	-nan	
4212	nan	nan	nan	nan	nan	nan	-nan	-nan	-nan	
4213	nan	nan	nan	nan	nan	nan	-nan	-nan	-nan	
1716	nan	nan	nan	nan	nan	nan	-nan	-nan	-nan	
1717	0.076211	5.448540	4.702874	3.956046	-6.503213	6.116770	-1.921173	5.162975	6.975016	
6711	nan	nan	nan	nan	nan	nan	-nan	-nan	-nan	
887	nan	nan	nan	nan	nan	nan	-nan	-nan	-nan	
6715	-8.487560	-3.472732	-11.599749	8.728864	2.132620	4.825184	5.917676	12.223562	6.603398	
58	nan	nan	nan	nan	nan	nan	-nan	-nan	-nan	
7552	5.114791	-0.360538	-4.547308	6.928755	-4.419145	4.846952	6.845679	12.086592	6.913870	
5885	nan	nan	nan	nan	nan	nan	-nan	-nan	-nan	
8387	nan	nan	nan	nan	nan	nan	-nan	-nan	-nan	
889	-10.336682	-5.955763	-14.681329	6.752786	0.293798	6.638295	6.027490	11.322369	5.348150	
5051	-10.282332	-4.540435	-12.546761	8.566848	5.038819	6.275862	7.838299	11.654305	8.835917	
7553	-5.313441	-9.742456	-10.309595	7.704621	2.747400	5.585187	6.714092	12.659857	6.342746	
7554	nan	nan	nan	nan	nan	nan	-nan	-nan	-nan	
5888	nan	nan	nan	nan	nan	nan	-nan	-nan	-nan	
8389	-6.067405	-7.925361	-10.767580	3.717666	0.278873	4.533691	7.016010	13.516123	6.956060	
4222	nan	nan	nan	nan	nan	nan	-nan	-nan	-nan	
8390	-6.569737	-4.716032	-11.556902	7.742406	-0.588263	1.528099	6.701840	12.788104	5.951093	
2556	-8.364658	1.030255	-13.616595	6.190333	-0.041366	7.653632	4.979845	11.499239	6.544265	
894	nan	nan	nan	nan	nan	nan	-nan	-nan	-nan	
4227	nan	nan	nan	nan	nan	nan	-nan	-nan	-nan	
1731	-9.809026	-2.015798	-14.250485	7.150946	0.177216	8.631486	6.706657	9.961415	7.575783	
5061	nan	nan	nan	nan	nan	nan	-nan	-nan	-nan	
68	nan	nan	nan	nan	nan	nan	-nan	-nan	-nan	
1733	-13.066411	2.220821	-7.848389	5.697746	0.508916	7.386265	6.980058	11.937107	5.708255	
70	nan	nan	nan	nan	nan	nan	-nan	-nan	-nan	
6727	5.521809	-3.106709	-10.498900	8.088253	-3.340899	5.920065	5.926688	9.247735	2.822936	
9233	nan	nan	nan	nan	nan	nan	-nan	-nan	-nan	
903	nan	nan	nan	nan	nan	nan	-nan	-nan	-nan	
7570	-8.590101	-1.680335	-11.025137	5.988440	1.001684	6.740636	6.237208	10.269316	3.772756	
908	nan	nan	nan	nan	nan	nan	-nan	-nan	-nan	
1740	-10.426453	-3.414487	-11.862601	6.575114	0.328322	6.476240	5.531728	11.544779	6.870788	
4238	nan	nan	nan	nan	nan	nan	-nan	-nan	-nan	
909	nan	nan	nan	nan	nan	nan	-nan	-nan	-nan	
1741	nan	nan	nan	nan	nan	nan	-nan	-nan	-nan	
9241	nan	nan	nan	nan	nan	nan	-nan	-nan	-nan	
8409	nan	nan	nan	nan	nan	nan	-nan	-nan	-nan	
7578	nan	nan	nan	nan	nan	nan	-nan	-nan	-nan	
5075	-8.872930	-5.004446	-16.869328	5.986135	0.323640	5.144075	6.834427	11.789445	5.462423	
5914	nan	nan	nan	nan	nan	nan	-nan	-nan	-nan	
85	nan	nan	nan	nan	nan	nan	-nan	-nan	-nan	
6742	-11.729291	-5.081106	-1.052962	7.535746	1.636821	6.514581	6.843743	12.079068	5.100436	
6743	5.973711	6.452291	5.906398	-1.354151	-16.694834	1.097941	-2.757342	-4.715225	-1.188986	
918	-12.849689	-9.608787	-14.059313	6.324467	-0.148344	7.109765	6.954191	11.135249	6.207611	
8416	nan	nan	nan	nan	nan	nan	-nan	-nan	-nan	
5080	-11.082794	-1.264099	-0.551780	-2.578221	-6.009280	0.655705	2.846029	9.547235	7.288637	
9252	-10.686786	-3.267489	-13.279962	5.014477	0.453244	9.352880	6.518963	11.810212	6.303714	
92	-0.395019	4.404802	4.055609	-6.664441	-12.915958	-3.027475	-4.251484	-1.905175	2.430020	
5084	nan	nan	nan	nan	nan	nan	-nan	-nan	-nan	
925	nan	nan	nan	nan	nan	nan	-nan	-nan	-nan	
4254	-6.643371	3.525515	5.601187	-9.470663	-15.629513	2.406202	-12.268822	-13.621241	-0.740169	
4255	-6.020617	-3.481612	-17.527289	7.898869	-0.617824	6.781819	6.003118	12.032192	7.351638	
8425	-10.128044	-4.036533	-10.402392	3.133988	2.677581	6.129659	6.585031	11.738424	6.304473	
4256	nan	nan	nan	nan	nan	nan	-nan	-nan	-nan	
1759	-9.009059	-4.342753	-8.099011	5.226013	1.228156	6.412465	7.982444	12.474918	6.571579	
7594	nan	nan	nan	nan	nan	nan	-nan	-nan	-nan	
3422	nan	nan	nan	nan	nan	nan	-nan	-nan	-nan	
3423	-9.538424	-3.686060	-7.162162	9.231215	0.816557	7.341078	5.124546	9.437902	5.275206	
9260	nan	nan	nan	nan	nan	nan	-nan	-nan	-nan	
4259	nan	nan	nan	nan	nan	nan	-nan	-nan	-nan	
5930	nan	nan	nan	nan	nan	nan	-nan	-nan	-nan	
1763	nan	nan	nan	nan	nan	nan	-nan	-nan	-nan	
7597	-6.428549	-4.169398	-10.532681	7.302579	-2.363136	3.829779	5.580424	10.096984	5.227308	
6758	nan	nan	nan	nan	nan	nan	-nan	-nan	-nan	
7598	nan	nan	nan	nan	nan	nan	-nan	-nan	-nan	
6759	nan	nan	nan	nan	nan	nan	-nan	-nan	-nan	
934	-10.924119	-6.017263	-16.655537	6.034513	2.063608	4.579266	6.643782	13.939239	7.892934	
5934	nan	nan	nan	nan	nan	nan	-nan	-nan	-nan	
9265	-3.496311	-0.773155	7.998178	-8.983460	-17.223676	1.297542	-10.054683	-10.666525	-0.495502	
6760	nan	nan	nan	nan	nan	nan	-nan	-nan	-nan	
936	-10.130507	-4.267033	-15.369444	6.415576	1.641042	4.571731	3.985779	7.258371	6.446270	
5936	nan	nan	nan	nan	nan	nan	-nan	-nan	-nan	
6761	-8.048025	-10.628581	-12.286187	6.045472	1.758499	5.495702	4.035373	10.343921	7.608441	
1767	-5.407527	-2.856628	-9.573351	8.165562	1.223819	7.978290	6.595202	12.125432	6.373285	
7601	nan	nan	nan	nan	nan	nan	-nan	-nan	-nan	
7602	nan	nan	nan	nan	nan	nan	-nan	-nan	-nan	
8434	-6.832891	-5.930598	-8.541230	7.123024	-0.491456	8.066105	5.413844	12.982292	7.199295	
3430	nan	nan	nan	nan	nan	nan	-nan	-nan	-nan	
5097	nan	nan	nan	nan	nan	nan	-nan	-nan	-nan	
3432	nan	nan	nan	nan	nan	nan	-nan	-nan	-nan	
5939	-9.523221	-5.573712	-9.473411	5.886657	5.162978	8.021569	7.716420	11.578877	5.968523	
4270	-6.752369	0.838851	7.604203	0.543826	-15.490086	0.840365	-5.225108	-3.762544	1.395523	
7607	-11.791410	-4.989086	-11.035494	5.844795	2.588020	7.230421	7.382536	12.178981	5.095906	
3435	-16.520755	-7.584869	-8.719693	7.753198	1.366806	8.751553	6.734936	11.786498	6.070211	
7608	nan	nan	nan	nan	nan	nan	-nan	-nan	-nan	
8441	nan	nan	nan	nan	nan	nan	-nan	-nan	-nan	
7610	-15.372502	-3.139057	-11.795148	7.641225	-1.696493	7.180978	7.019871	12.660168	6.909909	
1775	-5.989835	2.527670	8.394878	-2.200919	-9.749992	-2.001705	-1.522554	6.242472	5.885889	
114	nan	nan	nan	nan	nan	nan	-nan	-nan	-nan	
9277	nan	nan	nan	nan	nan	nan	-nan	-nan	-nan	
5107	nan	nan	nan	nan	nan	nan	-nan	-nan	-nan	
3441	-11.440339	-4.173328	-8.663343	8.053148	-1.509511	5.449565	6.270719	11.600541	5.982573	
116	nan	nan	nan	nan	nan	nan	-nan	-nan	-nan	
2610	nan	nan	nan	nan	nan	nan	-nan	-nan	-nan	
117	nan	nan	nan	nan	nan	nan	-nan	-nan	-nan	
952	-11.452471	-3.198385	-10.676063	4.987779	1.916466	7.637188	6.161899	12.504552	7.087193	
9280	nan	nan	nan	nan	nan	nan	-nan	-nan	-nan	
1782	1.837874	7.148565	7.789118	-5.430660	-15.669215	1.175499	-9.888916	-7.132458	2.762135	
1784	nan	nan	nan	nan	nan	nan	-nan	-nan	-nan	
9282	-10.595827	-2.847624	-5.967014	5.804809	-1.277864	3.798188	5.637233	11.563858	6.322325	
8449	nan	nan	nan	nan	nan	nan	-nan	-nan	-nan	
6778	-9.902338	-2.504982	-5.289827	6.565547	-0.820696	4.424325	8.009379	11.949974	7.223726	
4285	-12.699662	-1.102039	-10.105993	6.715524	2.491819	7.306228	8.211230	11.723547	4.895329	
9285	-6.719486	-0.793672	-14.315653	7.140786	1.455782	7.161407	5.348616	11.398672	6.355401	
2617	nan	nan	nan	nan	nan	nan	-nan	-nan	-nan	
5958	nan	nan	nan	nan	nan	nan	-nan	-nan	-nan	
2619	-5.399578	-4.090741	-16.316712	6.930186	5.482964	4.778084	4.336516	11.488316	5.515174	
960	-11.693442	-5.329802	-10.260990	7.981926	0.977156	6.917821	6.402169	10.706651	4.586947	
5117	nan	nan	nan	nan	nan	nan	-nan	-nan	-nan	
6783	nan	nan	nan	nan	nan	nan	-nan	-nan	-nan	
3452	nan	nan	nan	nan	nan	nan	-nan	-nan	-nan	
8456	-9.208175	-6.908380	-12.787960	2.761273	0.586693	8.945019	6.351109	12.146135	7.001532	
5119	nan	nan	nan	nan	nan	nan	-nan	-nan	-nan	
5962	nan	nan	nan	nan	nan	nan	-nan	-nan	-nan	
3455	nan	nan	nan	nan	nan	nan	-nan	-nan	-nan	
1796	-10.669576	4.395479	-0.146542	8.063887	-3.851885	1.835649	4.976325	8.529226	4.029993	
965	-5.216603	1.780828	6.028098	-9.375371	-15.998872	2.047025	-10.952896	-6.760993	3.096916	
9296	nan	nan	nan	nan	nan	nan	-nan	-nan	-nan	
7633	-8.595176	-2.039635	-8.556865	7.253966	0.929038	6.967434	7.106248	8.226188	3.104070	
5969	nan	nan	nan	nan	nan	nan	-nan	-nan	-nan	
8465	-6.645453	2.946756	5.918019	-10.494236	-12.156019	3.329612	-4.171059	-11.124807	-5.885027	
9299	-9.748853	-5.389911	-9.741843	5.519026	4.282192	6.993296	7.092714	11.822775	5.304019	
4299	nan	nan	nan	nan	nan	nan	-nan	-nan	-nan	
6798	-13.688369	-6.421671	-11.597838	6.444444	2.118612	6.169651	5.876521	8.337956	5.771875	
3468	nan	nan	nan	nan	nan	nan	-nan	-nan	-nan	
5980	nan	nan	nan	nan	nan	nan	-nan	-nan	-nan	
8474	nan	nan	nan	nan	nan	nan	-nan	-nan	-nan	
4307	nan	nan	nan	nan	nan	nan	-nan	-nan	-nan	
147	-12.731631	-6.617282	-6.421346	6.192848	0.436415	5.390715	6.311147	11.533250	5.437430	
1811	-7.328861	-5.663777	-14.934807	5.141595	-1.791483	5.360622	5.239466	12.128727	6.291774	
980	nan	nan	nan	nan	nan	nan	-nan	-nan	-nan	
982	nan	nan	nan	nan	nan	nan	-nan	-nan	-nan	
6806	nan	nan	nan	nan	nan	nan	-nan	-nan	-nan	
5141	nan	nan	nan	nan	nan	nan	-nan	-nan	-nan	
7647	-9.770141	-3.398077	-14.770982	6.084756	1.608049	6.435350	6.178251	12.366486	5.575048	
8478	nan	nan	nan	nan	nan	nan	-nan	-nan	-nan	
9312	nan	nan	nan	nan	nan	nan	-nan	-nan	-nan	
4312	nan	nan	nan	nan	nan	nan	-nan	-nan	-nan	
3476	nan	nan	nan	nan	nan	nan	-nan	-nan	-nan	
9314	nan	nan	nan	nan	nan	nan	-nan	-nan	-nan	
5988	nan	nan	nan	nan	nan	nan	-nan	-nan	-nan	
2646	-14.568567	-2.546424	-9.697771	4.983849	-1.221280	4.492805	7.428438	12.352657	5.921253	
4315	nan	nan	nan	nan	nan	nan	-nan	-nan	-nan	
5146	nan	nan	nan	nan	nan	nan	-nan	-nan	-nan	
988	-13.982060	-2.079251	-9.463879	9.231853	2.078908	7.753491	6.245727	11.428270	6.577357	
6814	-9.434553	-3.779758	-6.391993	7.250425	4.657005	7.973860	6.444204	11.330310	5.464686	
5994	nan	nan	nan	nan	nan	nan	-nan	-nan	-nan	
159	nan	nan	nan	nan	nan	nan	-nan	-nan	-nan	
5995	nan	nan	nan	nan	nan	nan	-nan	-nan	-nan	
5151	nan	nan	nan	nan	nan	nan	-nan	-nan	-nan	
7658	-13.355116	1.245624	-11.558686	9.249431	4.343763	6.377209	4.028941	11.762374	8.260507	
994	nan	nan	nan	nan	nan	nan	-nan	-nan	-nan	
3486	5.373589	6.852907	5.766944	-10.119535	-19.210052	0.018829	-7.458396	-6.895731	0.553635	
8491	-10.244594	-6.259361	-17.661940	8.054045	1.684341	6.510904	4.861860	9.945739	5.101271	
4323	-11.159948	-7.512202	-16.523236	8.868031	1.968616	2.240627	7.542121	12.138395	6.277531	
163	nan	nan	nan	nan	nan	nan	-nan	-nan	-nan	
8492	1.965454	6.142903	7.208990	-3.914825	-18.967978	-0.624173	-9.158596	-6.125745	2.415040	
6000	nan	nan	nan	nan	nan	nan	-nan	-nan	-nan	
165	-8.999259	0.327204	-12.870011	7.215401	-0.436337	4.007142	6.360239	12.537689	6.761952	
6002	-13.228395	-6.998082	-10.799351	6.181312	1.085673	8.318817	6.312646	12.637360	6.899426	
7663	nan	nan	nan	nan	nan	nan	-nan	-nan	-nan	
4328	nan	nan	nan	nan	nan	nan	-nan	-nan	-nan	
9332	nan	nan	nan	nan	nan	nan	-nan	-nan	-nan	
1835	3.745752	3.019366	3.407453	-0.694151	-13.584877	-3.573980	3.387212	9.400108	5.859743	
7666	nan	nan	nan	nan	nan	nan	-nan	-nan	-nan	
168	nan	nan	nan	nan	nan	nan	-nan	-nan	-nan	
3494	nan	nan	nan	nan	nan	nan	-nan	-nan	-nan	
6006	-9.602272	-9.255731	-8.666879	3.183817	0.517430	5.545579	6.353123	9.970759	7.455534	
8498	nan	nan	nan	nan	nan	nan	-nan	-nan	-nan	
7668	-8.023297	-5.857120	-10.404822	7.059822	1.924405	4.771527	5.902139	13.006892	7.432140	
8500	-7.595816	-6.107812	-16.861836	5.355691	0.543925	5.362845	6.847328	11.082331	6.973422	
9337	nan	nan	nan	nan	nan	nan	-nan	-nan	-nan	
6010	nan	nan	nan	nan	nan	nan	-nan	-nan	-nan	
4336	nan	nan	nan	nan	nan	nan	-nan	-nan	-nan	
8503	nan	nan	nan	nan	nan	nan	-nan	-nan	-nan	
3501	3.401985	6.388955	6.379175	-6.064460	-20.271708	0.624868	-14.308548	-13.213003	0.768891	
6832	nan	nan	nan	nan	nan	nan	-nan	-nan	-nan	
9341	-12.104495	-7.753124	-10.014724	6.296824	0.232049	4.488373	3.904307	10.350490	6.900149	
6834	0.494349	7.421074	8.209316	-11.041008	-14.075762	6.082904	-11.829310	-10.635262	0.959877	
2669	nan	nan	nan	nan	nan	nan	-nan	-nan	-nan	
4342	nan	nan	nan	nan	nan	nan	-nan	-nan	-nan	
6835	nan	nan	nan	nan	nan	nan	-nan	-nan	-nan	
1014	nan	nan	nan	nan	nan	nan	-nan	-nan	-nan	
182	-8.881393	-6.474478	-10.214783	5.362031	1.969959	7.641458	5.437115	10.674159	5.413377	
2675	4.784547	6.108435	6.755872	-4.270435	-21.905210	1.995084	-14.821462	-17.831592	-1.601926	
9348	-11.076078	-2.533365	2.651086	6.257088	-0.344556	6.456269	0.045960	6.753843	5.848963	
2676	nan	nan	nan	nan	nan	nan	-nan	-nan	-nan	
7682	-12.530646	-3.015948	-13.533859	5.065046	3.263098	5.546431	3.848475	10.415062	6.556276	
7683	-7.674372	-7.252711	-10.861717	4.670876	-0.357857	5.852210	8.407695	12.885449	6.177914	
4350	nan	nan	nan	nan	nan	nan	-nan	-nan	-nan	
3513	-10.234694	-0.832412	-9.022365	6.373293	3.942634	6.116752	6.831753	12.435865	7.345958	
9353	nan	nan	nan	nan	nan	nan	-nan	-nan	-nan	
1020	nan	nan	nan	nan	nan	nan	-nan	-nan	-nan	
9355	nan	nan	nan	nan	nan	nan	-nan	-nan	-nan	
6028	1.864562	5.870014	7.100409	-3.017941	-21.342025	1.528071	-9.208698	-15.470241	-1.816185	
4353	-12.386041	-1.864670	-11.126123	8.774500	1.860947	6.573686	5.958595	9.670101	4.500234	
3518	nan	nan	nan	nan	nan	nan	-nan	-nan	-nan	
6030	-10.703085	-0.349347	-9.492896	6.432077	3.970693	8.481306	7.307008	10.625456	5.550852	
3522	nan	nan	nan	nan	nan	nan	-nan	-nan	-nan	
2687	-0.041511	4.875521	8.005722	-4.948831	-15.373272	-0.224131	-15.562100	-9.646412	6.716420	
2689	nan	nan	nan	nan	nan	nan	-nan	-nan	-nan	
6853	nan	nan	nan	nan	nan	nan	-nan	-nan	-nan	
1868	nan	nan	nan	nan	nan	nan	-nan	-nan	-nan	
197	-10.824490	-1.042382	-8.688654	8.243435	1.535598	8.497702	6.824295	10.593688	6.324290	
3527	1.393018	7.524983	7.969471	-14.519036	-16.553504	4.152396	-13.370074	-13.566656	-0.429250	
6037	-8.290613	-6.418758	-13.406483	6.017809	0.837265	6.273476	7.091581	13.493091	6.393792	
1869	nan	nan	nan	nan	nan	nan	-nan	-nan	-nan	
6855	nan	nan	nan	nan	nan	nan	-nan	-nan	-nan	
6038	-0.335071	5.857648	5.751210	-5.171621	-14.443028	0.140749	-13.737155	-9.860981	2.857871	
1870	nan	nan	nan	nan	nan	nan	-nan	-nan	-nan	
6039	nan	nan	nan	nan	nan	nan	-nan	-nan	-nan	
8529	-12.403168	-4.285980	-5.584221	8.354559	0.112741	5.977043	6.833023	11.144379	4.929038	
4367	nan	nan	nan	nan	nan	nan	-nan	-nan	-nan	
6858	nan	nan	nan	nan	nan	nan	-nan	-nan	-nan	
202	nan	nan	nan	nan	nan	nan	-nan	-nan	-nan	
4369	-11.014048	-5.834204	-7.294445	4.415328	1.040942	6.522075	7.396798	10.076408	3.002133	
1037	-13.653291	-6.710645	-8.512988	4.449175	0.803224	8.547762	7.630435	12.344421	5.329789	
7705	-14.529218	-1.433210	-9.984115	8.474032	1.164802	6.031901	4.788624	11.466788	6.017329	
2700	nan	nan	nan	nan	nan	nan	-nan	-nan	-nan	
1879	nan	nan	nan	nan	nan	nan	-nan	-nan	-nan	
1039	nan	nan	nan	nan	nan	nan	-nan	-nan	-nan	
2701	nan	nan	nan	nan	nan	nan	-nan	-nan	-nan	
3537	nan	nan	nan	nan	nan	nan	-nan	-nan	-nan	
5203	-9.369562	-10.369973	-6.028413	8.718013	-0.756011	5.768382	6.637694	12.553703	5.762199	
5205	nan	nan	nan	nan	nan	nan	-nan	-nan	-nan	
4377	-1.152190	2.508486	-14.386730	4.179273	3.129958	5.411936	5.608683	12.798236	7.173433	
5207	nan	nan	nan	nan	nan	nan	-nan	-nan	-nan	
2706	nan	nan	nan	nan	nan	nan	-nan	-nan	-nan	
5208	-13.305276	-6.465907	-15.772144	7.156803	1.710241	8.923962	5.804945	12.106397	6.333579	
9382	nan	nan	nan	nan	nan	nan	-nan	-nan	-nan	
2708	-6.059181	-11.357043	-8.370957	6.291907	1.395335	6.697214	2.761148	9.196465	6.667243	
3544	nan	nan	nan	nan	nan	nan	-nan	-nan	-nan	
6873	-9.676434	-7.213567	-9.245859	4.642182	-0.858962	7.316006	6.281590	11.226486	5.688044	
8544	-11.606878	-5.684104	-15.408907	6.399107	5.529783	5.803916	5.566278	12.145193	6.868180	
5212	nan	nan	nan	nan	nan	nan	-nan	-nan	-nan	
2712	-13.683276	-6.233182	-10.911543	7.480595	2.187381	6.838056	7.850427	12.418823	5.228331	
9387	1.272238	0.102164	-8.400228	2.453464	-4.330785	3.208594	2.997137	10.498512	7.159645	
1894	nan	nan	nan	nan	nan	nan	-nan	-nan	-nan	
7720	nan	nan	nan	nan	nan	nan	-nan	-nan	-nan	
1054	nan	nan	nan	nan	nan	nan	-nan	-nan	-nan	
3551	nan	nan	nan	nan	nan	nan	-nan	-nan	-nan	
4390	-13.108395	-5.122230	-10.046699	5.725871	-2.887390	7.931850	6.233846	10.267421	3.752538	
9393	-10.294813	-5.277096	-8.546142	5.576287	0.971928	6.498061	3.524311	8.634847	5.415870	
228	-10.374348	-2.889441	-12.394609	7.323049	0.712133	5.304623	8.243525	12.292609	5.686103	
1903	nan	nan	nan	nan	nan	nan	-nan	-nan	-nan	
5227	2.013490	7.070678	3.294582	-6.991038	-19.845969	1.107812	-15.043662	-17.279516	-1.824458	
230	1.402508	5.469491	8.132717	-8.380173	-20.672877	-0.977868	-11.616425	-12.652195	-1.369357	
9398	nan	nan	nan	nan	nan	nan	-nan	-nan	-nan	
1906	-0.587059	3.834102	6.351819	-7.155398	-17.138503	2.235346	-7.990035	-12.238208	-4.654787	
5229	nan	nan	nan	nan	nan	nan	-nan	-nan	-nan	
9399	-8.591964	-6.078376	-11.838931	8.423985	3.939043	6.633089	8.127030	12.016336	4.535663	
9400	nan	nan	nan	nan	nan	nan	-nan	-nan	-nan	
5231	nan	nan	nan	nan	nan	nan	-nan	-nan	-nan	
6072	nan	nan	nan	nan	nan	nan	-nan	-nan	-nan	
3562	nan	nan	nan	nan	nan	nan	-nan	-nan	-nan	
4399	-13.343880	-4.724446	-7.810274	6.077559	2.059997	6.993365	4.183697	10.987487	5.563858	
6890	nan	nan	nan	nan	nan	nan	-nan	-nan	-nan	
1909	nan	nan	nan	nan	nan	nan	-nan	-nan	-nan	
6074	nan	nan	nan	nan	nan	nan	-nan	-nan	-nan	
8562	nan	nan	nan	nan	nan	nan	-nan	-nan	-nan	
9405	nan	nan	nan	nan	nan	nan	-nan	-nan	-nan	
4405	nan	nan	nan	nan	nan	nan	-nan	-nan	-nan	
240	nan	nan	nan	nan	nan	nan	-nan	-nan	-nan	
6895	-10.207020	-4.814799	-12.988772	8.724968	2.376449	6.809151	8.218106	12.448587	7.127503	
7740	nan	nan	nan	nan	nan	nan	-nan	-nan	-nan	
241	nan	nan	nan	nan	nan	nan	-nan	-nan	-nan	
6896	nan	nan	nan	nan	nan	nan	-nan	-nan	-nan	
1072	nan	nan	nan	nan	nan	nan	-nan	-nan	-nan	
1073	nan	nan	nan	nan	nan	nan	-nan	-nan	-nan	
7742	nan	nan	nan	nan	nan	nan	-nan	-nan	-nan	
6899	-9.168857	2.324057	4.233999	-3.844590	-7.099770	2.289008	-1.446013	6.570696	5.514454	
2736	-12.065008	-1.307374	-1.421497	5.296231	1.889480	8.993648	6.379948	11.943337	6.650016	
8571	-12.527977	-6.292243	-13.597682	6.556506	1.985196	6.500673	7.961016	11.352998	7.299808	
6084	nan	nan	nan	nan	nan	nan	-nan	-nan	-nan	
1920	-11.594842	-4.119887	-4.430285	5.455424	1.513260	6.161356	5.420769	10.141513	6.307999	
9415	nan	nan	nan	nan	nan	nan	-nan	-nan	-nan	
8574	nan	nan	nan	nan	nan	nan	-nan	-nan	-nan	
7747	nan	nan	nan	nan	nan	nan	-nan	-nan	-nan	
9416	nan	nan	nan	nan	nan	nan	-nan	-nan	-nan	
6904	nan	nan	nan	nan	nan	nan	-nan	-nan	-nan	
251	-5.813076	-9.334494	-6.434580	5.793949	2.516557	6.494813	6.582973	13.071029	6.740443	
7749	nan	nan	nan	nan	nan	nan	-nan	-nan	-nan	
1081	nan	nan	nan	nan	nan	nan	-nan	-nan	-nan	
3578	nan	nan	nan	nan	nan	nan	-nan	-nan	-nan	
6906	nan	nan	nan	nan	nan	nan	-nan	-nan	-nan	
1082	nan	nan	nan	nan	nan	nan	-nan	-nan	-nan	
9419	nan	nan	nan	nan	nan	nan	-nan	-nan	-nan	
9420	nan	nan	nan	nan	nan	nan	-nan	-nan	-nan	
6909	nan	nan	nan	nan	nan	nan	-nan	-nan	-nan	
5249	nan	nan	nan	nan	nan	nan	-nan	-nan	-nan	
3581	4.640420	9.499301	5.383162	-8.191666	-17.358871	0.741939	-13.676295	-20.100304	-1.615534	
3582	nan	nan	nan	nan	nan	nan	-nan	-nan	-nan	
5251	nan	nan	nan	nan	nan	nan	-nan	-nan	-nan	
6913	nan	nan	nan	nan	nan	nan	-nan	-nan	-nan	
4425	nan	nan	nan	nan	nan	nan	-nan	-nan	-nan	
6915	nan	nan	nan	nan	nan	nan	-nan	-nan	-nan	
8586	-11.546043	-5.039952	-13.163034	6.915074	1.904078	5.226967	6.297055	13.067280	6.891552	
6096	-7.795191	-0.143259	-8.931860	6.919644	1.127131	5.888288	7.177529	12.479009	7.008705	
6097	-5.764905	-5.551743	-12.651133	7.533241	2.091930	7.629158	7.154568	12.083819	6.673399	
261	-14.707899	-5.407552	-16.778719	6.964026	0.261081	6.429141	6.275370	11.792516	6.452110	
9431	-11.585980	-1.072030	-10.301858	6.439487	1.583002	5.285352	6.531151	10.229694	3.869739	
7761	-5.978804	-0.489523	4.556882	-0.979278	-16.399661	1.243624	0.200316	8.033727	7.125658	
6100	2.380286	6.169886	6.763114	-4.483094	-23.004831	-1.085182	-7.431317	-10.761760	-2.776004	
6922	nan	nan	nan	nan	nan	nan	-nan	-nan	-nan	
7764	nan	nan	nan	nan	nan	nan	-nan	-nan	-nan	
5261	-16.985725	-7.337036	-12.389372	7.147857	-0.032932	3.915402	5.488718	11.332578	7.506992	
2757	-9.755867	-7.098356	-6.256403	5.370374	0.137764	6.679168	6.003668	10.675474	5.205656	
3596	nan	nan	nan	nan	nan	nan	-nan	-nan	-nan	
6927	nan	nan	nan	nan	nan	nan	-nan	-nan	-nan	
8597	nan	nan	nan	nan	nan	nan	-nan	-nan	-nan	
9439	-8.055125	-3.560878	-14.189846	6.736325	0.020677	6.241831	6.261504	12.837641	7.335210	
1101	nan	nan	nan	nan	nan	nan	-nan	-nan	-nan	
7769	nan	nan	nan	nan	nan	nan	-nan	-nan	-nan	
3599	-10.424797	-1.604975	-8.013065	8.389628	1.826130	8.026153	8.134324	12.047980	6.841483	
8600	nan	nan	nan	nan	nan	nan	-nan	-nan	-nan	
7772	nan	nan	nan	nan	nan	nan	-nan	-nan	-nan	
6112	nan	nan	nan	nan	nan	nan	-nan	-nan	-nan	
8604	nan	nan	nan	nan	nan	nan	-nan	-nan	-nan	
4443	0.917285	8.083145	6.277282	-6.254310	-21.026283	-0.128439	-10.835074	-8.542240	2.350551	
2766	nan	nan	nan	nan	nan	nan	-nan	-nan	-nan	
276	nan	nan	nan	nan	nan	nan	-nan	-nan	-nan	
3604	2.983545	4.936876	6.974250	-4.372197	-14.823913	2.871083	-14.025086	-16.699710	2.246229	
1947	-7.868253	-3.909337	-7.949708	6.057674	3.616515	6.339822	6.610369	12.866079	6.184613	
6935	nan	nan	nan	nan	nan	nan	-nan	-nan	-nan	
6116	nan	nan	nan	nan	nan	nan	-nan	-nan	-nan	
3606	0.228423	7.397839	8.710866	-13.853219	-19.147381	0.576839	-13.031715	-17.348646	-1.403423	
4445	nan	nan	nan	nan	nan	nan	-nan	-nan	-nan	
3607	nan	nan	nan	nan	nan	nan	-nan	-nan	-nan	
6936	-7.871612	-5.499212	-14.008567	9.500312	3.503334	7.052937	5.750927	8.622166	3.108751	
1950	nan	nan	nan	nan	nan	nan	-nan	-nan	-nan	
3608	1.871170	6.593311	5.859265	-5.426486	-17.588395	0.500796	-10.019029	-5.584621	3.851059	
7778	nan	nan	nan	nan	nan	nan	-nan	-nan	-nan	
9450	nan	nan	nan	nan	nan	nan	-nan	-nan	-nan	
2771	-9.700175	-1.474425	-10.151173	6.976475	0.953519	8.835680	5.863676	10.693612	4.637809	
8611	-7.958041	-5.307115	-14.512677	7.946298	0.197842	6.213640	6.711546	11.290371	5.032649	
6121	-8.804818	-3.869502	-8.450191	5.464505	5.472801	5.428216	7.874788	11.606200	5.751090	
3612	nan	nan	nan	nan	nan	nan	-nan	-nan	-nan	
9452	nan	nan	nan	nan	nan	nan	-nan	-nan	-nan	
7783	-8.501023	-0.058621	-17.846192	7.851873	0.580600	7.758696	6.875598	13.250924	6.946613	
4453	-10.713151	-3.882335	-13.989733	8.098276	3.070715	6.684438	7.368938	12.481017	5.717979	
5280	nan	nan	nan	nan	nan	nan	-nan	-nan	-nan	
6944	-8.451548	-7.165925	-9.893938	6.031174	2.002920	7.034305	7.172588	12.173980	6.722692	
1116	-6.317800	3.298423	-10.354932	3.456924	3.255435	7.614582	4.062959	8.955084	4.931956	
4454	nan	nan	nan	nan	nan	nan	-nan	-nan	-nan	
4455	nan	nan	nan	nan	nan	nan	-nan	-nan	-nan	
6125	nan	nan	nan	nan	nan	nan	-nan	-nan	-nan	
1958	-13.293063	-2.584099	-11.653988	6.137913	2.568851	7.465931	4.535531	10.126396	6.205604	
292	nan	nan	nan	nan	nan	nan	-nan	-nan	-nan	
9463	nan	nan	nan	nan	nan	nan	-nan	-nan	-nan	
3623	-7.202732	-6.648803	-9.636016	5.204834	1.570241	6.916601	0.883046	8.254920	6.712013	
6134	nan	nan	nan	nan	nan	nan	-nan	-nan	-nan	
4466	nan	nan	nan	nan	nan	nan	-nan	-nan	-nan	
1129	nan	nan	nan	nan	nan	nan	-nan	-nan	-nan	
2789	-4.760366	-3.176977	-8.736232	6.172533	5.165439	6.115449	5.629383	10.518498	5.751216	
8628	nan	nan	nan	nan	nan	nan	-nan	-nan	-nan	
300	-13.303926	-0.456362	-10.744862	4.114589	-0.174634	5.335989	6.513516	10.647472	4.548794	
301	-11.683430	-6.275424	-7.040663	8.156798	-1.999879	5.310937	6.359531	10.411590	4.328915	
3630	-9.112389	-0.676285	-13.303268	6.898091	0.605521	8.527743	6.436282	11.414789	7.572209	
8631	nan	nan	nan	nan	nan	nan	-nan	-nan	-nan	
1974	-7.428869	-8.493088	-10.962121	7.374063	-0.595796	5.393722	8.312197	9.253261	3.622875	
6141	-11.351915	0.514994	-8.882987	7.777458	3.004816	5.690698	7.005674	11.654251	7.469496	
304	-9.177858	-2.684766	-11.460454	6.549493	4.272739	6.976805	4.372666	10.465299	6.692941	
5298	-7.413174	-3.865688	-15.859625	6.841261	-0.701558	5.256912	5.882566	10.858302	6.592288	
8633	nan	nan	nan	nan	nan	nan	-nan	-nan	-nan	
7804	nan	nan	nan	nan	nan	nan	-nan	-nan	-nan	
2797	nan	nan	nan	nan	nan	nan	-nan	-nan	-nan	
7806	nan	nan	nan	nan	nan	nan	-nan	-nan	-nan	
3635	nan	nan	nan	nan	nan	nan	-nan	-nan	-nan	
6145	nan	nan	nan	nan	nan	nan	-nan	-nan	-nan	
6146	0.338549	8.316212	6.783950	-5.241556	-14.186340	1.734503	-7.445292	-6.231726	1.560224	
3637	nan	nan	nan	nan	nan	nan	-nan	-nan	-nan	
1981	nan	nan	nan	nan	nan	nan	-nan	-nan	-nan	
5304	nan	nan	nan	nan	nan	nan	-nan	-nan	-nan	
1141	nan	nan	nan	nan	nan	nan	-nan	-nan	-nan	
9480	nan	nan	nan	nan	nan	nan	-nan	-nan	-nan	
4478	1.931108	7.699979	7.166868	-10.116229	-17.166657	-0.669465	-11.523157	-15.301378	-1.041272	
7811	nan	nan	nan	nan	nan	nan	-nan	-nan	-nan	
6150	-6.968459	-8.691184	-9.654503	6.844598	2.154342	6.166780	7.222925	13.098274	7.207484	
7812	nan	nan	nan	nan	nan	nan	-nan	-nan	-nan	
5307	-11.167623	-4.117160	-12.798310	7.680073	0.131329	7.219036	7.091175	12.528684	6.547443	
1143	-8.713815	-2.655023	-14.294351	7.052643	4.217521	6.824924	6.055568	11.016801	6.370135	
9485	-12.028134	-3.090531	-8.759330	2.517871	0.057727	6.272544	6.815034	9.056053	2.407450	
1987	-9.669325	-2.273189	-6.089592	7.582368	-0.510552	3.046949	6.300095	10.654477	5.571371	
8647	-14.959031	-4.942911	-12.662947	6.362442	-1.157535	6.937734	6.669690	12.578660	8.697886	
2807	-8.158390	-8.353837	-9.407155	7.115509	0.730980	4.587121	6.550812	11.646346	5.394723	
2809	nan	nan	nan	nan	nan	nan	-nan	-nan	-nan	
3646	nan	nan	nan	nan	nan	nan	-nan	-nan	-nan	
3647	nan	nan	nan	nan	nan	nan	-nan	-nan	-nan	
8650	-13.204868	-2.647738	-5.936896	6.690160	2.676565	9.226116	6.716845	12.840787	7.501049	
9489	-7.896919	2.060050	-8.086564	4.006524	-1.359754	4.578073	6.008732	10.857853	4.970402	
319	nan	nan	nan	nan	nan	nan	-nan	-nan	-nan	
6979	nan	nan	nan	nan	nan	nan	-nan	-nan	-nan	
5317	-11.200586	-3.956578	-15.628889	6.129200	1.953018	7.217005	7.185453	11.145150	3.887729	
6161	2.138495	7.629580	6.696039	-8.312028	-23.528570	0.247390	-8.988262	-14.046456	-4.448096	
1995	-6.142600	-8.713177	-5.987262	8.154519	2.251560	6.133547	6.758511	8.225773	6.393371	
6164	-4.455735	-4.594779	-8.925208	7.084802	1.747926	5.668423	4.228154	10.844010	7.565790	
8656	0.793709	6.406691	8.420512	-10.260825	-11.917404	1.620847	-16.120370	-12.855528	-1.572369	
1998	1.869765	6.707707	8.995837	-9.751146	-17.792530	2.117530	-9.730932	-14.326685	-4.196512	
6986	nan	nan	nan	nan	nan	nan	-nan	-nan	-nan	
9497	nan	nan	nan	nan	nan	nan	-nan	-nan	-nan	
1160	nan	nan	nan	nan	nan	nan	-nan	-nan	-nan	
6167	-10.416442	-7.412411	-11.807829	6.481946	1.821259	6.263720	8.841951	12.233134	7.034251	
5325	nan	nan	nan	nan	nan	nan	-nan	-nan	-nan	
2001	nan	nan	nan	nan	nan	nan	-nan	-nan	-nan	
4495	nan	nan	nan	nan	nan	nan	-nan	-nan	-nan	
2819	-12.029551	-3.402215	-8.984229	4.869972	0.699749	6.567405	6.041641	11.613412	5.464096	
2002	nan	nan	nan	nan	nan	nan	-nan	-nan	-nan	
2820	nan	nan	nan	nan	nan	nan	-nan	-nan	-nan	
1162	nan	nan	nan	nan	nan	nan	-nan	-nan	-nan	
6989	-7.827986	-7.802100	-9.895860	6.709835	2.947992	4.574449	6.126375	12.606651	6.949365	
7831	nan	nan	nan	nan	nan	nan	-nan	-nan	-nan	
5327	nan	nan	nan	nan	nan	nan	-nan	-nan	-nan	
6993	nan	nan	nan	nan	nan	nan	-nan	-nan	-nan	
4501	nan	nan	nan	nan	nan	nan	-nan	-nan	-nan	
335	nan	nan	nan	nan	nan	nan	-nan	-nan	-nan	
6177	-10.379575	3.384109	-8.443056	6.373079	1.707113	6.667348	4.342127	8.666182	7.203964	
6997	nan	nan	nan	nan	nan	nan	-nan	-nan	-nan	
4504	nan	nan	nan	nan	nan	nan	-nan	-nan	-nan	
8670	nan	nan	nan	nan	nan	nan	-nan	-nan	-nan	
2011	-6.626264	-4.016403	-10.973199	8.486073	0.385570	5.472674	7.074892	12.389734	6.952534	
6998	nan	nan	nan	nan	nan	nan	-nan	-nan	-nan	
4506	nan	nan	nan	nan	nan	nan	-nan	-nan	-nan	
4507	nan	nan	nan	nan	nan	nan	-nan	-nan	-nan	
7843	-8.625346	-0.551848	-10.306497	5.026228	0.701364	6.660383	7.046268	12.856067	6.262697	
2832	nan	nan	nan	nan	nan	nan	-nan	-nan	-nan	
9515	nan	nan	nan	nan	nan	nan	-nan	-nan	-nan	
2017	-5.686654	-6.628073	-5.500949	7.023589	4.412142	8.601048	6.360608	12.030296	6.234820	
2834	nan	nan	nan	nan	nan	nan	-nan	-nan	-nan	
2019	nan	nan	nan	nan	nan	nan	-nan	-nan	-nan	
1177	-6.341661	-5.084172	-8.170847	5.476860	-1.496966	5.527905	6.174092	11.359688	2.965707	
5341	nan	nan	nan	nan	nan	nan	-nan	-nan	-nan	
4513	nan	nan	nan	nan	nan	nan	-nan	-nan	-nan	
7006	nan	nan	nan	nan	nan	nan	-nan	-nan	-nan	
5342	nan	nan	nan	nan	nan	nan	-nan	-nan	-nan	
2837	nan	nan	nan	nan	nan	nan	-nan	-nan	-nan	
7848	-12.840463	-5.887920	-13.775155	5.877190	2.287405	6.919934	7.914259	12.699764	5.848294	
347	-6.867430	4.376591	7.249596	-4.045311	-15.617260	-0.011465	-13.470955	-11.604877	1.613495	
1180	nan	nan	nan	nan	nan	nan	-nan	-nan	-nan	
7009	-11.256235	-3.960689	-16.399503	7.105202	2.062611	6.679329	3.861384	11.283007	6.586407	
3676	1.393114	-2.383892	-8.502074	4.382020	-7.507088	2.199384	6.150188	11.849470	7.064606	
349	nan	nan	nan	nan	nan	nan	-nan	-nan	-nan	
2841	nan	nan	nan	nan	nan	nan	-nan	-nan	-nan	
2842	2.630656	5.833346	6.193287	-2.931545	-17.396920	-0.704870	-10.937975	-8.801863	2.000683	
3677	-9.497956	2.393325	-0.775923	6.738634	2.026865	6.625205	0.862814	7.214736	6.816373	
8683	-10.291531	-9.408718	-14.096975	7.072093	1.971993	6.912858	6.619935	12.865184	6.778863	
5346	nan	nan	nan	nan	nan	nan	-nan	-nan	-nan	
6193	-3.691819	-6.254561	-11.823340	6.847429	3.337642	6.504164	7.150823	11.709417	4.565675	
3680	nan	nan	nan	nan	nan	nan	-nan	-nan	-nan	
7855	nan	nan	nan	nan	nan	nan	-nan	-nan	-nan	
5349	nan	nan	nan	nan	nan	nan	-nan	-nan	-nan	
2028	-12.481484	-4.764615	-6.287180	5.454842	2.370998	7.037183	6.406199	12.228502	5.861664	
6197	nan	nan	nan	nan	nan	nan	-nan	-nan	-nan	
9527	2.425067	8.785635	6.017695	-6.544672	-16.307866	3.150527	-14.978885	-15.447841	-0.907061	
7015	-12.840504	-3.432339	-14.080717	8.299665	0.186221	4.610424	6.604833	13.312839	8.245496	
1189	nan	nan	nan	nan	nan	nan	-nan	-nan	-nan	
1190	nan	nan	nan	nan	nan	nan	-nan	-nan	-nan	
2851	nan	nan	nan	nan	nan	nan	-nan	-nan	-nan	
358	nan	nan	nan	nan	nan	nan	-nan	-nan	-nan	
6201	-11.401488	-3.653858	-9.410002	7.211420	2.126790	9.234263	7.325845	13.271701	7.186640	
1192	5.026543	-0.295659	-6.472690	2.350661	-5.508572	5.305829	6.160855	11.153113	6.406136	
5354	-14.358399	-5.231169	-13.826456	7.474242	1.638978	5.156790	6.609387	12.089445	5.698625	
6205	nan	nan	nan	nan	nan	nan	-nan	-nan	-nan	
2854	-9.781915	-7.113973	-6.344421	7.273510	-0.870816	5.305073	5.350225	10.366309	6.851252	
7023	nan	nan	nan	nan	nan	nan	-nan	-nan	-nan	
6206	nan	nan	nan	nan	nan	nan	-nan	-nan	-nan	
5358	-9.471763	-5.022602	-4.751623	3.781966	2.304441	7.223209	7.551718	12.194993	6.765593	
8697	nan	nan	nan	nan	nan	nan	-nan	-nan	-nan	
8698	nan	nan	nan	nan	nan	nan	-nan	-nan	-nan	
6208	nan	nan	nan	nan	nan	nan	-nan	-nan	-nan	
2039	nan	nan	nan	nan	nan	nan	-nan	-nan	-nan	
6209	-12.736432	-8.405673	-9.278949	7.193726	0.991684	3.419040	4.315588	11.143064	7.740826	
365	nan	nan	nan	nan	nan	nan	-nan	-nan	-nan	
1199	2.992010	3.878839	6.380978	-8.745284	-21.847382	4.559101	-9.971984	-10.619239	-0.934896	
8702	-0.546934	-2.878599	-10.598444	4.298226	2.389823	6.806552	8.742319	13.272280	6.698074	
4536	-9.793733	-4.980633	-10.694187	5.607016	0.500381	8.290711	6.190641	12.138009	6.366272	
7872	nan	nan	nan	nan	nan	nan	-nan	-nan	-nan	
8704	nan	nan	nan	nan	nan	nan	-nan	-nan	-nan	
7873	nan	nan	nan	nan	nan	nan	-nan	-nan	-nan	
4539	5.240113	6.232452	8.159795	-8.572371	-22.616589	2.907524	-8.291064	-5.747932	1.958579	
2046	nan	nan	nan	nan	nan	nan	-nan	-nan	-nan	
5368	nan	nan	nan	nan	nan	nan	-nan	-nan	-nan	
8707	nan	nan	nan	nan	nan	nan	-nan	-nan	-nan	
1207	-9.543938	-5.328271	-5.587177	6.296154	-0.282182	6.973541	8.158107	12.822866	7.604794	
9549	-11.671512	-3.583730	-8.994236	7.709958	1.829701	7.576255	5.285761	12.554607	6.398974	
3703	nan	nan	nan	nan	nan	nan	-nan	-nan	-nan	
2868	-8.565228	-3.269457	-8.057384	7.252004	1.229836	6.713352	7.486462	8.956005	4.182767	
9550	nan	nan	nan	nan	nan	nan	-nan	-nan	-nan	
6219	nan	nan	nan	nan	nan	nan	-nan	-nan	-nan	
9551	nan	nan	nan	nan	nan	nan	-nan	-nan	-nan	
7038	3.940924	8.614886	6.920144	-8.763665	-19.013728	0.426667	-8.372239	-13.872973	-4.293773	
4546	nan	nan	nan	nan	nan	nan	-nan	-nan	-nan	
1212	nan	nan	nan	nan	nan	nan	-nan	-nan	-nan	
1213	nan	nan	nan	nan	nan	nan	-nan	-nan	-nan	
2053	nan	nan	nan	nan	nan	nan	-nan	-nan	-nan	
7041	-16.380942	-4.510750	-8.373988	4.226918	0.630251	4.936196	5.763121	11.692762	5.148514	
7883	nan	nan	nan	nan	nan	nan	-nan	-nan	-nan	
2054	nan	nan	nan	nan	nan	nan	-nan	-nan	-nan	
8715	nan	nan	nan	nan	nan	nan	-nan	-nan	-nan	
2875	-6.563200	-1.947233	-6.452612	8.385477	0.188725	7.985827	6.073443	11.923697	6.036141	
7044	-6.130789	0.804407	6.540836	-4.111356	-14.692392	-1.895849	-8.283220	-12.374344	-0.845188	
3711	nan	nan	nan	nan	nan	nan	-nan	-nan	-nan	
1217	nan	nan	nan	nan	nan	nan	-nan	-nan	-nan	
9558	nan	nan	nan	nan	nan	nan	-nan	-nan	-nan	
7887	-11.959780	-8.152890	-11.529665	6.027586	-0.800356	6.790562	7.030708	12.508273	5.998698	
3712	-10.638222	-6.679201	-4.412586	6.695070	1.059819	6.703632	4.803194	11.543478	6.693092	
383	-8.821036	-6.648786	-8.944626	4.619268	0.532161	7.771528	6.860347	8.798314	4.145759	
9562	-12.453723	-6.083681	-3.293674	7.992980	-2.815399	3.047606	7.011911	11.877350	5.346307	
385	nan	nan	nan	nan	nan	nan	-nan	-nan	-nan	
7891	nan	nan	nan	nan	nan	nan	-nan	-nan	-nan	
4555	-10.595626	-8.074906	-12.482174	6.052234	2.097197	8.854093	5.182935	12.423727	7.002218	
2881	nan	nan	nan	nan	nan	nan	-nan	-nan	-nan	
5386	nan	nan	nan	nan	nan	nan	-nan	-nan	-nan	
3718	nan	nan	nan	nan	nan	nan	-nan	-nan	-nan	
7893	-12.737218	-2.211288	-8.746996	1.359170	-1.709741	4.584429	6.133552	10.926984	5.378786	
7894	-3.792261	-1.222265	-5.105937	5.118544	-4.318085	0.947585	6.020982	10.235247	7.040968	
8725	-13.223704	-5.820050	-5.402572	4.704603	1.569617	8.369862	8.673864	11.709716	6.530480	
8726	-7.441662	-6.117128	-10.481917	7.030079	1.080913	6.648403	6.486939	11.816551	6.728368	
4559	-6.715981	-4.482090	-11.516804	5.657556	0.766943	7.791401	8.208758	10.152851	4.209878	
8728	nan	nan	nan	nan	nan	nan	-nan	-nan	-nan	
7056	nan	nan	nan	nan	nan	nan	-nan	-nan	-nan	
8730	nan	nan	nan	nan	nan	nan	-nan	-nan	-nan	
3724	-9.176337	-2.060251	-4.239761	6.749084	2.814004	5.502176	5.720626	10.589250	5.793658	
8731	nan	nan	nan	nan	nan	nan	-nan	-nan	-nan	
1233	nan	nan	nan	nan	nan	nan	-nan	-nan	-nan	
5393	-12.214719	-2.715372	-12.693625	5.857372	0.706380	6.754769	5.501426	12.141889	5.805884	
6241	-6.520507	2.303390	2.082555	8.791682	-1.982077	7.506366	0.333151	7.943907	6.336360	
4565	nan	nan	nan	nan	nan	nan	-nan	-nan	-nan	
7061	nan	nan	nan	nan	nan	nan	-nan	-nan	-nan	
1235	-11.250966	-5.414495	-16.322404	6.728055	0.421388	4.859404	3.072102	10.240150	6.824878	
8735	nan	nan	nan	nan	nan	nan	-nan	-nan	-nan	
6243	-3.092840	-3.596116	-13.815540	7.981891	1.582759	7.807951	6.907501	10.448600	6.746222	
7062	-6.234623	1.317176	7.479641	1.449232	-10.624424	0.847121	0.450019	6.028756	7.298884	
397	1.737532	6.680257	6.248158	-4.609866	-15.887577	2.819368	-10.581065	-7.915602	2.437916	
3729	nan	nan	nan	nan	nan	nan	-nan	-nan	-nan	
4568	-9.375494	-5.439861	-12.221593	8.794850	0.529430	1.992892	6.620797	11.994817	6.231383	
4569	nan	nan	nan	nan	nan	nan	-nan	-nan	-nan	
9579	-10.691373	-4.883239	-9.508583	5.860867	0.286312	5.696740	7.116720	11.456086	4.677820	
2896	-8.721778	-9.064793	-9.294091	7.938731	4.143851	3.053334	4.914179	10.573927	4.823069	
402	-10.441773	-2.991526	-12.160863	7.393283	0.816716	6.286801	6.287707	11.750624	5.849910	
5402	-11.161219	-7.478888	-7.785957	5.231682	1.649750	4.784220	9.032407	11.626138	5.012517	
403	nan	nan	nan	nan	nan	nan	-nan	-nan	-nan	
8743	nan	nan	nan	nan	nan	nan	-nan	-nan	-nan	
7072	nan	nan	nan	nan	nan	nan	-nan	-nan	-nan	
5406	nan	nan	nan	nan	nan	nan	-nan	-nan	-nan	
6252	nan	nan	nan	nan	nan	nan	-nan	-nan	-nan	
4577	nan	nan	nan	nan	nan	nan	-nan	-nan	-nan	
2083	-16.671324	-3.264521	-7.426534	7.024397	-3.305563	5.665705	6.263887	12.419780	7.301273	
3741	nan	nan	nan	nan	nan	nan	-nan	-nan	-nan	
408	nan	nan	nan	nan	nan	nan	-nan	-nan	-nan	
9589	nan	nan	nan	nan	nan	nan	-nan	-nan	-nan	
5410	0.804047	6.941731	3.606875	-2.392445	-22.304358	-0.411798	-9.384150	-6.730912	2.453040	
1249	nan	nan	nan	nan	nan	nan	-nan	-nan	-nan	
1251	nan	nan	nan	nan	nan	nan	-nan	-nan	-nan	
3747	-7.953252	-10.207973	-2.864836	6.737439	0.012746	7.190637	5.627589	10.123526	5.769684	
2910	nan	nan	nan	nan	nan	nan	-nan	-nan	-nan	
414	nan	nan	nan	nan	nan	nan	-nan	-nan	-nan	
2911	-9.170135	-8.682007	-8.160153	3.952427	1.921306	7.408828	6.624568	11.524549	6.631514	
9594	-11.968565	-5.955673	-14.237934	8.559284	1.180426	7.505463	6.208596	11.206234	6.223713	
5417	nan	nan	nan	nan	nan	nan	-nan	-nan	-nan	
7083	-1.802917	5.973625	8.318312	-4.471805	-16.214508	-2.080976	-16.057515	-19.084293	0.172528	
2092	-10.294026	-6.096060	-8.834560	6.693653	1.228462	7.258455	5.937681	11.209593	5.390171	
7923	-11.648535	-6.023798	-14.202379	8.109870	1.808757	6.004945	5.969568	12.111331	5.868147	
417	nan	nan	nan	nan	nan	nan	-nan	-nan	-nan	
5418	-7.854868	-10.584522	-13.834670	6.971470	4.807023	9.783368	5.737039	12.424369	6.796528	
8755	nan	nan	nan	nan	nan	nan	-nan	-nan	-nan	
4588	-3.904327	1.041625	5.565181	-6.583265	-16.271949	-1.404681	-5.685324	-12.236311	-1.131703	
6264	nan	nan	nan	nan	nan	nan	-nan	-nan	-nan	
9599	-7.877217	-7.163904	-9.504305	6.439714	-0.130762	6.620035	6.706191	10.273011	2.864399	
9601	-12.598279	-6.305293	-9.996299	5.379302	0.453171	8.496672	4.898444	11.259732	6.401240	
421	-12.427151	-6.494370	-9.630468	8.291638	1.681964	9.368124	5.380567	9.849294	4.077472	
9602	1.554900	4.330893	5.565301	-2.090662	-16.685891	2.906795	3.323273	9.643462	6.391153	
423	nan	nan	nan	nan	nan	nan	-nan	-nan	-nan	
1262	-2.911036	5.876202	6.686720	-7.382504	-15.270505	0.079554	-12.611299	-10.204369	2.604763	
7092	-6.045707	-2.660270	-6.950539	5.422777	4.667975	8.280091	8.240381	11.603337	4.691672	
1266	nan	nan	nan	nan	nan	nan	-nan	-nan	-nan	
7933	nan	nan	nan	nan	nan	nan	-nan	-nan	-nan	
1269	nan	nan	nan	nan	nan	nan	-nan	-nan	-nan	
4599	-8.856463	-6.124345	-14.795296	5.439303	0.783877	6.776409	3.391914	10.532847	6.329396	
7935	nan	nan	nan	nan	nan	nan	-nan	-nan	-nan	
7936	nan	nan	nan	nan	nan	nan	-nan	-nan	-nan	
2106	nan	nan	nan	nan	nan	nan	-nan	-nan	-nan	
9613	nan	nan	nan	nan	nan	nan	-nan	-nan	-nan	
5433	4.392702	7.376378	8.598953	-13.666907	-25.581793	-3.147802	-9.896167	-12.082480	-2.084650	
3768	nan	nan	nan	nan	nan	nan	-nan	-nan	-nan	
2931	nan	nan	nan	nan	nan	nan	-nan	-nan	-nan	
7103	nan	nan	nan	nan	nan	nan	-nan	-nan	-nan	
8774	-10.424704	-0.183282	-16.411271	6.413760	1.361697	6.759123	3.232225	10.527659	7.759943	
8775	nan	nan	nan	nan	nan	nan	-nan	-nan	-nan	
5440	2.810427	7.228664	7.628082	-9.330855	-21.905106	2.479804	-13.518943	-17.388597	-3.852277	
439	nan	nan	nan	nan	nan	nan	-nan	-nan	-nan	
1280	nan	nan	nan	nan	nan	nan	-nan	-nan	-nan	
443	nan	nan	nan	nan	nan	nan	-nan	-nan	-nan	
8780	-7.241259	-8.229843	-11.449552	9.064303	-0.362768	4.083453	4.336036	8.575939	5.871077	
7112	-12.210512	-1.393153	-11.674053	6.718260	1.801702	6.973635	6.809029	10.345446	7.029881	
2940	-12.042844	-3.191247	-14.788419	5.397445	2.656876	6.749528	6.027047	11.984377	7.290457	
7949	nan	nan	nan	nan	nan	nan	-nan	-nan	-nan	
5448	nan	nan	nan	nan	nan	nan	-nan	-nan	-nan	
9628	nan	nan	nan	nan	nan	nan	-nan	-nan	-nan	
6291	-10.061777	7.285082	6.939499	-10.364622	-16.732351	-1.031610	-13.444064	-17.018185	-2.354453	
1287	nan	nan	nan	nan	nan	nan	-nan	-nan	-nan	
5450	-10.976562	-7.303443	-7.727365	5.924090	1.996943	5.057690	6.711771	10.889894	3.980124	
4619	nan	nan	nan	nan	nan	nan	-nan	-nan	-nan	
1288	-10.932003	-6.299199	-14.047225	7.451501	0.227253	4.962841	6.163163	10.708250	4.829347	
454	-9.083655	-8.233288	-0.703182	5.770383	1.789648	8.689932	6.087562	12.036156	6.436860	
8792	-11.192012	-5.115404	-9.204990	5.489847	1.875335	8.598525	6.554655	10.986587	6.504183	
6301	nan	nan	nan	nan	nan	nan	-nan	-nan	-nan	
2129	nan	nan	nan	nan	nan	nan	-nan	-nan	-nan	
8793	nan	nan	nan	nan	nan	nan	-nan	-nan	-nan	
5460	nan	nan	nan	nan	nan	nan	-nan	-nan	-nan	
2953	nan	nan	nan	nan	nan	nan	-nan	-nan	-nan	
1296	-11.860303	-6.166404	-6.883575	5.870061	-0.088571	7.191082	3.661132	10.213908	6.727255	
7127	nan	nan	nan	nan	nan	nan	-nan	-nan	-nan	
1297	nan	nan	nan	nan	nan	nan	-nan	-nan	-nan	
1299	1.575327	6.222354	8.611062	-13.094526	-17.423030	3.303132	-10.917412	-12.679264	1.406097	
6307	nan	nan	nan	nan	nan	nan	-nan	-nan	-nan	
6308	nan	nan	nan	nan	nan	nan	-nan	-nan	-nan	
463	nan	nan	nan	nan	nan	nan	-nan	-nan	-nan	
6309	-13.182424	-7.080231	-10.713076	7.455033	3.520258	5.954807	6.203855	12.530156	9.031051	
9646	nan	nan	nan	nan	nan	nan	-nan	-nan	-nan	
4636	nan	nan	nan	nan	nan	nan	-nan	-nan	-nan	
8805	-11.401216	-6.772190	-7.704734	5.636778	0.991636	6.532398	6.497212	13.221538	8.920761	
3803	0.947497	6.828835	5.672316	-5.907788	-17.564157	2.988701	-10.118578	-7.981533	1.924738	
5472	nan	nan	nan	nan	nan	nan	-nan	-nan	-nan	
7138	nan	nan	nan	nan	nan	nan	-nan	-nan	-nan	
9653	nan	nan	nan	nan	nan	nan	-nan	-nan	-nan	
2143	nan	nan	nan	nan	nan	nan	-nan	-nan	-nan	
2144	nan	nan	nan	nan	nan	nan	-nan	-nan	-nan	
5474	nan	nan	nan	nan	nan	nan	-nan	-nan	-nan	
472	-9.519373	-7.424482	-13.069541	5.660655	1.657350	7.177590	6.096230	11.336003	6.986116	
2968	-0.564416	-4.026146	-5.182453	6.195972	-0.806324	8.106660	1.436628	6.390802	5.780600	
6318	nan	nan	nan	nan	nan	nan	-nan	-nan	-nan	
4645	nan	nan	nan	nan	nan	nan	-nan	-nan	-nan	
4646	nan	nan	nan	nan	nan	nan	-nan	-nan	-nan	
3809	nan	nan	nan	nan	nan	nan	-nan	-nan	-nan	
7981	-12.833860	-8.067259	-13.944234	5.939533	-0.280228	2.676171	5.135736	11.204242	7.067418	
4648	nan	nan	nan	nan	nan	nan	-nan	-nan	-nan	
8813	-11.956966	-6.800034	-15.686292	7.418096	1.496630	5.483532	6.103818	10.200092	4.638762	
2973	nan	nan	nan	nan	nan	nan	-nan	-nan	-nan	
7983	-10.203884	-3.411127	-11.249090	7.285015	3.182419	8.448817	5.185695	10.937711	6.942799	
9662	nan	nan	nan	nan	nan	nan	-nan	-nan	-nan	
6324	-10.307734	-2.616871	-12.264742	6.370714	-0.222727	6.524892	7.793626	9.787199	4.878827	
7148	-7.359833	-4.217613	-10.897796	6.417255	2.174117	6.444380	7.984303	10.865830	5.739344	
2153	nan	nan	nan	nan	nan	nan	-nan	-nan	-nan	
2978	-14.057288	-3.928343	-7.247996	7.360006	1.020663	6.661759	6.771862	10.136920	3.925415	
2979	nan	nan	nan	nan	nan	nan	-nan	-nan	-nan	
1322	nan	nan	nan	nan	nan	nan	-nan	-nan	-nan	
4656	nan	nan	nan	nan	nan	nan	-nan	-nan	-nan	
1325	nan	nan	nan	nan	nan	nan	-nan	-nan	-nan	
6332	nan	nan	nan	nan	nan	nan	-nan	-nan	-nan	
6333	-11.619553	-4.519559	-9.428615	6.337701	0.493337	6.898708	3.454430	7.580691	3.425528	
4658	nan	nan	nan	nan	nan	nan	-nan	-nan	-nan	
9671	-14.409314	-4.955724	-11.984988	5.746390	2.367815	6.889457	6.207631	12.501022	6.950755	
6334	-10.390238	-4.895458	-10.252858	6.577554	3.496994	7.944418	7.161258	11.213378	6.203544	
3824	nan	nan	nan	nan	nan	nan	-nan	-nan	-nan	
7994	nan	nan	nan	nan	nan	nan	-nan	-nan	-nan	
3825	nan	nan	nan	nan	nan	nan	-nan	-nan	-nan	
2163	nan	nan	nan	nan	nan	nan	-nan	-nan	-nan	
2987	nan	nan	nan	nan	nan	nan	-nan	-nan	-nan	
4661	-9.478028	-4.123420	-15.726289	5.476510	6.410219	7.329978	8.278642	10.998987	5.421324	
7996	nan	nan	nan	nan	nan	nan	-nan	-nan	-nan	
8828	nan	nan	nan	nan	nan	nan	-nan	-nan	-nan	
491	nan	nan	nan	nan	nan	nan	-nan	-nan	-nan	
4662	nan	nan	nan	nan	nan	nan	-nan	-nan	-nan	
1332	nan	nan	nan	nan	nan	nan	-nan	-nan	-nan	
7160	nan	nan	nan	nan	nan	nan	-nan	-nan	-nan	
6338	-4.917447	-6.229516	-10.097388	4.700408	0.315992	5.950336	6.494793	11.045761	7.096121	
9676	-6.241125	-3.902539	-9.812583	4.463193	0.209056	6.479453	7.874981	12.488192	6.830981	
2990	nan	nan	nan	nan	nan	nan	-nan	-nan	-nan	
5497	-4.996964	4.528943	5.891753	-7.670090	-12.037603	0.183687	-14.534906	-12.743247	-0.494789	
7999	-8.514692	-2.013395	-4.803952	9.012160	0.135686	8.697278	6.533407	12.898188	6.243442	
7162	0.572697	7.027264	6.237106	-5.371171	-11.113895	0.615227	-10.185281	-5.758075	3.428622	
9677	-16.675146	-5.597407	-7.961871	8.127525	2.139288	6.224186	5.480819	11.170860	5.631274	
9679	nan	nan	nan	nan	nan	nan	-nan	-nan	-nan	
2995	nan	nan	nan	nan	nan	nan	-nan	-nan	-nan	
8836	nan	nan	nan	nan	nan	nan	-nan	-nan	-nan	
9685	nan	nan	nan	nan	nan	nan	-nan	-nan	-nan	
7170	nan	nan	nan	nan	nan	nan	-nan	-nan	-nan	
6349	nan	nan	nan	nan	nan	nan	-nan	-nan	-nan	
8008	nan	nan	nan	nan	nan	nan	-nan	-nan	-nan	
6350	nan	nan	nan	nan	nan	nan	-nan	-nan	-nan	
2178	nan	nan	nan	nan	nan	nan	-nan	-nan	-nan	
5510	nan	nan	nan	nan	nan	nan	-nan	-nan	-nan	
8011	nan	nan	nan	nan	nan	nan	-nan	-nan	-nan	
1346	nan	nan	nan	nan	nan	nan	-nan	-nan	-nan	
2181	-13.188067	-4.452843	-8.131638	6.141289	0.806970	6.600810	4.950230	9.643319	5.363666	
9692	nan	nan	nan	nan	nan	nan	-nan	-nan	-nan	
4678	-9.937806	-7.651383	-7.463689	6.560235	0.087487	6.476926	4.983253	9.423329	7.290355	
6356	nan	nan	nan	nan	nan	nan	-nan	-nan	-nan	
9694	nan	nan	nan	nan	nan	nan	-nan	-nan	-nan	
510	nan	nan	nan	nan	nan	nan	-nan	-nan	-nan	
8015	-11.625687	-6.651090	-9.632383	7.334911	-1.846578	1.831157	7.071540	12.488683	5.656889	
9696	-8.881779	-2.668692	-13.898600	6.053107	-0.485659	6.255356	5.177073	6.627645	6.071991	
9697	nan	nan	nan	nan	nan	nan	-nan	-nan	-nan	
8017	nan	nan	nan	nan	nan	nan	-nan	-nan	-nan	
1353	nan	nan	nan	nan	nan	nan	-nan	-nan	-nan	
3010	nan	nan	nan	nan	nan	nan	-nan	-nan	-nan	
1355	nan	nan	nan	nan	nan	nan	-nan	-nan	-nan	
7183	-14.280998	-4.466619	-7.918264	9.297674	1.387132	6.172152	6.473419	12.082890	6.527467	
6363	4.432588	7.459553	9.259897	-5.796155	-20.603805	-0.797341	-11.025126	-11.206736	2.594208	
6366	nan	nan	nan	nan	nan	nan	-nan	-nan	-nan	
4688	-8.106284	-1.215940	-7.256005	6.117942	-3.280628	4.260262	6.205752	12.163692	6.928794	
7188	nan	nan	nan	nan	nan	nan	-nan	-nan	-nan	
6368	-13.539712	-6.001569	-7.636913	6.482904	-2.980654	5.237295	4.943934	12.477301	7.242326	
523	nan	nan	nan	nan	nan	nan	-nan	-nan	-nan	
3857	-11.545664	-5.085845	-10.224833	7.866420	7.050384	5.690777	4.233989	10.235698	5.100157	
2197	nan	nan	nan	nan	nan	nan	-nan	-nan	-nan	
3858	nan	nan	nan	nan	nan	nan	-nan	-nan	-nan	
3020	nan	nan	nan	nan	nan	nan	-nan	-nan	-nan	
6372	-11.587123	-1.709548	-8.117124	9.550781	1.711999	4.436281	3.996440	8.760193	6.383505	
8862	1.655393	-0.424944	-3.307377	6.249419	-5.931547	0.210565	6.979375	10.210439	5.744180	
9714	-7.122967	-2.850548	-10.023717	7.645394	-4.605217	0.287633	7.326410	9.997316	7.017294	
6375	-9.879523	-10.229664	-8.293327	5.692400	-2.030175	5.167230	3.994998	10.121434	4.444091	
3024	-9.664269	-5.387560	-6.063227	6.881323	-0.467871	5.652780	6.498276	10.269332	3.338461	
2202	nan	nan	nan	nan	nan	nan	-nan	-nan	-nan	
5535	4.308609	-3.795313	-5.672056	5.715418	-2.895939	4.223807	7.053123	8.597469	5.075111	
533	-10.175283	-5.029963	-9.445014	9.603213	4.896750	7.033565	9.353156	11.022636	2.678396	
4701	nan	nan	nan	nan	nan	nan	-nan	-nan	-nan	
535	nan	nan	nan	nan	nan	nan	-nan	-nan	-nan	
2208	nan	nan	nan	nan	nan	nan	-nan	-nan	-nan	
5541	-9.208463	-0.418794	1.523578	6.348462	-4.127762	4.625748	4.051240	10.812064	8.087746	
8043	nan	nan	nan	nan	nan	nan	-nan	-nan	-nan	
2211	-10.303892	-7.179466	-10.975795	7.724497	-0.278139	6.310893	6.327202	11.653065	8.063829	
5543	-7.295354	-12.023906	-6.588303	3.844425	5.910907	8.108079	7.439350	12.789047	6.103915	
1378	nan	nan	nan	nan	nan	nan	-nan	-nan	-nan	
8876	nan	nan	nan	nan	nan	nan	-nan	-nan	-nan	
3035	nan	nan	nan	nan	nan	nan	-nan	-nan	-nan	
7210	nan	nan	nan	nan	nan	nan	-nan	-nan	-nan	
8049	nan	nan	nan	nan	nan	nan	-nan	-nan	-nan	
4713	-6.636107	1.195273	7.748550	-10.396228	-15.585845	-0.673043	-7.963553	-15.983963	-2.206997	
4714	nan	nan	nan	nan	nan	nan	-nan	-nan	-nan	
3878	-12.887721	-2.790243	-10.748978	4.086221	0.995043	7.538259	6.976664	6.809722	3.742750	
7214	nan	nan	nan	nan	nan	nan	-nan	-nan	-nan	
551	-8.190355	-4.522924	-9.657345	6.823191	2.010721	8.014422	6.282385	11.223560	6.619050	
8885	nan	nan	nan	nan	nan	nan	-nan	-nan	-nan	
3882	2.398284	6.607800	4.929784	-4.178278	-18.473144	0.090974	-11.972380	-15.677770	0.538248	
6395	nan	nan	nan	nan	nan	nan	-nan	-nan	-nan	
8886	nan	nan	nan	nan	nan	nan	-nan	-nan	-nan	
5554	nan	nan	nan	nan	nan	nan	-nan	-nan	-nan	
6396	-1.182375	6.088826	7.993892	-9.241079	-14.300917	-3.377281	-12.611802	-12.617530	-2.412476	
4720	nan	nan	nan	nan	nan	nan	-nan	-nan	-nan	
556	-9.093880	-4.538871	-7.810956	6.611281	2.715014	6.431640	6.549860	11.919084	5.182340	
8893	4.633986	6.469943	6.518224	-11.005848	-13.674228	1.737768	-17.719659	-19.910031	-1.273512	
5558	-12.352011	-4.016217	-2.210699	4.075277	3.175798	8.196993	5.931888	10.274651	3.842768	
8063	-16.133656	-4.257212	-9.366145	6.762444	2.148431	6.237770	5.261148	12.538526	7.127456	
9742	-12.239836	-1.962164	-5.202437	5.619458	-0.231425	6.679643	5.651195	11.735619	8.148612	
8896	nan	nan	nan	nan	nan	nan	-nan	-nan	-nan	
4727	-11.750255	-4.026312	-14.049212	0.445276	-1.997736	5.229970	5.976341	9.079796	1.964992	
8897	nan	nan	nan	nan	nan	nan	-nan	-nan	-nan	
3051	-8.489201	-9.368640	-14.989633	6.730555	1.453977	4.026752	3.494596	9.872670	5.188147	
5564	nan	nan	nan	nan	nan	nan	-nan	-nan	-nan	
563	-11.094160	-6.232266	-14.172936	6.666437	2.992580	7.166953	5.531367	7.871689	5.265552	
3054	-3.582769	-9.612081	-5.604118	2.084889	-7.051766	-3.315222	7.265070	8.764802	4.825522	
3895	nan	nan	nan	nan	nan	nan	-nan	-nan	-nan	
7230	-10.511588	-6.768341	-7.378227	7.398807	2.202568	7.041471	6.749456	11.209866	5.000944	
3897	-10.251415	-2.325391	-5.687057	7.038642	-0.663835	6.742504	6.547424	12.612256	6.323483	
8904	-9.399203	-4.820431	-10.001792	6.983537	1.028657	6.190883	6.794322	10.940581	5.435165	
8072	nan	nan	nan	nan	nan	nan	-nan	-nan	-nan	
9751	nan	nan	nan	nan	nan	nan	-nan	-nan	-nan	
4737	nan	nan	nan	nan	nan	nan	-nan	-nan	-nan	
8909	nan	nan	nan	nan	nan	nan	-nan	-nan	-nan	
9756	nan	nan	nan	nan	nan	nan	-nan	-nan	-nan	
1410	-6.112065	-6.385466	-10.658428	6.941417	-1.250312	8.351517	6.001345	12.204836	7.718097	
7239	nan	nan	nan	nan	nan	nan	-nan	-nan	-nan	
5581	nan	nan	nan	nan	nan	nan	-nan	-nan	-nan	
3908	-5.586138	2.475361	6.094261	-2.867678	-8.086070	4.372383	1.382658	7.416090	6.191240	
8081	nan	nan	nan	nan	nan	nan	-nan	-nan	-nan	
4744	nan	nan	nan	nan	nan	nan	-nan	-nan	-nan	
3068	nan	nan	nan	nan	nan	nan	-nan	-nan	-nan	
6422	nan	nan	nan	nan	nan	nan	-nan	-nan	-nan	
8916	-3.074554	-5.070386	-10.757325	6.339536	2.084380	9.194197	8.953115	12.916766	6.503379	
583	nan	nan	nan	nan	nan	nan	-nan	-nan	-nan	
7244	-9.274024	-3.391007	-7.730686	5.998355	-0.634904	7.021358	5.544087	11.748152	6.129600	
5586	nan	nan	nan	nan	nan	nan	-nan	-nan	-nan	
1421	-10.741698	-5.184880	-10.949783	6.822590	1.501660	8.643992	6.312401	11.735042	6.182290	
1424	nan	nan	nan	nan	nan	nan	-nan	-nan	-nan	
8924	-10.752297	-4.890795	-13.291112	7.348808	1.937155	7.840496	5.238913	12.040105	8.661607	
6431	nan	nan	nan	nan	nan	nan	-nan	-nan	-nan	
590	-13.376657	-4.002688	-12.041437	7.206122	0.349350	6.932624	6.155129	7.258940	2.040687	
3919	nan	nan	nan	nan	nan	nan	-nan	-nan	-nan	
7252	nan	nan	nan	nan	nan	nan	-nan	-nan	-nan	
3079	nan	nan	nan	nan	nan	nan	-nan	-nan	-nan	
8094	-8.715745	-6.870779	-11.312754	6.758249	2.618742	7.371823	6.435428	12.155246	6.919533	
5594	nan	nan	nan	nan	nan	nan	-nan	-nan	-nan	
5596	nan	nan	nan	nan	nan	nan	-nan	-nan	-nan	
8098	-10.999898	-4.822868	-11.003662	6.546191	1.615322	7.851899	5.825759	11.783667	7.887516	
1432	nan	nan	nan	nan	nan	nan	-nan	-nan	-nan	
7257	-5.009232	-5.608603	-11.363878	6.221836	0.116361	7.086259	7.580245	12.191708	6.408109	
8931	nan	nan	nan	nan	nan	nan	-nan	-nan	-nan	
9777	-8.331597	-3.216557	-13.588990	9.011294	0.120423	8.394434	7.067875	13.523284	7.168496	
3085	nan	nan	nan	nan	nan	nan	-nan	-nan	-nan	
4763	-5.379647	-9.103380	-8.016314	4.720286	1.673140	5.189613	6.081121	10.109439	9.099151	
2266	-8.946820	-5.992309	-10.754797	6.422277	-0.152523	3.528791	5.578956	10.201744	4.905783	
3926	-4.974400	-4.649621	-11.244101	7.270681	3.799405	5.268298	7.122856	12.105569	6.930391	
8934	nan	nan	nan	nan	nan	nan	-nan	-nan	-nan	
4766	nan	nan	nan	nan	nan	nan	-nan	-nan	-nan	
5602	nan	nan	nan	nan	nan	nan	-nan	-nan	-nan	
3088	nan	nan	nan	nan	nan	nan	-nan	-nan	-nan	
601	1.266899	7.352531	6.432656	-0.598082	-16.238592	1.913071	-12.543613	-9.799856	3.118319	
4768	nan	nan	nan	nan	nan	nan	-nan	-nan	-nan	
3089	nan	nan	nan	nan	nan	nan	-nan	-nan	-nan	
6445	nan	nan	nan	nan	nan	nan	-nan	-nan	-nan	
8108	nan	nan	nan	nan	nan	nan	-nan	-nan	-nan	
5607	nan	nan	nan	nan	nan	nan	-nan	-nan	-nan	
7266	-13.309316	-4.529454	-8.840863	7.024333	2.822903	5.625832	4.670039	11.394796	8.435586	
4774	nan	nan	nan	nan	nan	nan	-nan	-nan	-nan	
5609	-12.916232	-1.631767	-14.128764	7.784239	0.900186	5.842101	6.256857	11.831379	5.840656	
2277	-11.088243	-5.765646	-9.664552	6.014280	1.052584	6.604447	6.754745	9.776023	3.856578	
6448	3.228621	7.588481	5.532679	-0.417769	-13.685334	3.267919	-2.367832	3.501811	6.113323	
5610	-8.413023	-6.945193	-9.419452	7.020238	1.798362	6.357083	7.005551	9.696673	5.857619	
609	nan	nan	nan	nan	nan	nan	-nan	-nan	-nan	
7270	-14.530718	-2.600275	-13.581296	7.887694	0.237810	6.963026	6.769833	10.470566	4.116859	
8944	-12.598668	-6.478034	-6.209620	3.268498	1.562177	7.463885	2.794997	8.955447	7.073692	
2279	nan	nan	nan	nan	nan	nan	-nan	-nan	-nan	
8945	nan	nan	nan	nan	nan	nan	-nan	-nan	-nan	
7271	-8.008198	-7.142026	-10.128028	5.449392	3.849379	7.137719	5.213208	10.940110	5.517652	
6451	-9.799735	-0.195348	-13.899824	6.478380	1.889881	7.013744	6.826395	12.783087	6.188971	
4779	nan	nan	nan	nan	nan	nan	-nan	-nan	-nan	
6452	-8.688677	-4.708469	-9.218425	6.320031	-1.743583	3.864116	8.163926	9.695057	4.389146	
4782	nan	nan	nan	nan	nan	nan	-nan	-nan	-nan	
616	-15.326628	-4.275432	-10.181174	7.632415	0.625700	6.675250	6.817584	13.043187	7.876333	
1451	nan	nan	nan	nan	nan	nan	-nan	-nan	-nan	
7277	1.275286	3.862493	-10.058394	4.810846	-3.174704	6.255347	6.159753	10.862793	5.108899	
3103	-11.744747	-0.694834	-8.275446	7.156606	0.419739	8.562407	7.034212	11.829514	8.451793	
6457	nan	nan	nan	nan	nan	nan	-nan	-nan	-nan	
9797	-7.573756	-4.096311	-10.102379	7.524267	-0.913917	6.326386	5.974801	11.919522	5.075335	
9801	2.871267	0.159348	-5.050092	1.409503	-8.156338	-1.116688	6.405031	12.338639	6.591835	
2293	nan	nan	nan	nan	nan	nan	-nan	-nan	-nan	
7285	nan	nan	nan	nan	nan	nan	-nan	-nan	-nan	
1459	nan	nan	nan	nan	nan	nan	-nan	-nan	-nan	
3110	-14.712590	-4.253710	-11.645715	6.940260	-1.087060	6.479651	6.141801	11.439638	4.621258	
3954	-6.540792	-8.178482	-6.377225	7.095702	2.049634	7.549969	8.053389	12.076421	6.606895	
3112	nan	nan	nan	nan	nan	nan	-nan	-nan	-nan	
5628	nan	nan	nan	nan	nan	nan	-nan	-nan	-nan	
5629	nan	nan	nan	nan	nan	nan	-nan	-nan	-nan	
6468	-2.548300	6.744139	5.389499	-6.291366	-20.024910	0.059134	-9.978269	-18.378446	-3.713177	
3116	-13.888739	-8.619813	-11.141612	6.233556	-0.285751	6.417087	7.301524	11.294507	4.873751	
1464	-7.317520	-7.696319	-10.896500	5.791456	0.014525	6.936430	5.160842	10.856587	6.150684	
5634	-10.375800	3.129833	6.824201	-5.212500	-12.979285	0.669433	-9.455343	-10.141735	-0.599194	
3118	nan	nan	nan	nan	nan	nan	-nan	-nan	-nan	
2301	nan	nan	nan	nan	nan	nan	-nan	-nan	-nan	
6472	-2.582462	-6.513497	-10.153932	8.789981	1.748980	7.217530	6.568718	11.370810	5.582771	
5637	nan	nan	nan	nan	nan	nan	-nan	-nan	-nan	
8968	-12.214216	-9.010704	-6.524574	4.237025	1.206506	8.048240	5.945813	11.315660	6.229221	
3121	nan	nan	nan	nan	nan	nan	-nan	-nan	-nan	
8138	-9.426831	0.115905	6.197254	-3.106478	-10.878368	3.611709	-8.118869	-11.525649	0.631164	
8970	nan	nan	nan	nan	nan	nan	-nan	-nan	-nan	
638	-7.585744	-4.461229	-11.434695	5.232653	0.667263	6.388338	6.931612	11.949596	6.277805	
8141	-9.162260	-1.690796	-4.648448	6.946344	-1.078502	9.400136	5.873823	11.244092	7.547320	
4805	nan	nan	nan	nan	nan	nan	-nan	-nan	-nan	
6479	nan	nan	nan	nan	nan	nan	-nan	-nan	-nan	
9818	-9.594471	-9.705343	-15.015572	6.482100	-0.505912	5.531282	5.615631	12.346821	9.247137	
4807	nan	nan	nan	nan	nan	nan	-nan	-nan	-nan	
7302	-13.400693	-8.297666	-5.266947	6.631641	-0.876351	4.329561	4.547398	10.114734	7.180474	
6482	nan	nan	nan	nan	nan	nan	-nan	-nan	-nan	
1479	nan	nan	nan	nan	nan	nan	-nan	-nan	-nan	
8148	nan	nan	nan	nan	nan	nan	-nan	-nan	-nan	
8980	nan	nan	nan	nan	nan	nan	-nan	-nan	-nan	
1481	-13.208719	-3.619455	-17.412164	7.136504	2.869800	5.438039	7.359613	12.727706	5.590750	
8981	nan	nan	nan	nan	nan	nan	-nan	-nan	-nan	
6489	-10.633711	-4.989609	-11.631607	5.162938	-3.177962	9.094754	9.115755	11.353458	8.460457	
5655	nan	nan	nan	nan	nan	nan	-nan	-nan	-nan	
9829	-6.033311	-4.009647	-10.473678	4.919150	1.598075	5.795368	8.092159	12.094220	5.902860	
5657	0.340467	5.920016	8.280465	-4.951257	-17.198292	-0.138399	-9.590485	-9.301707	4.062240	
2321	nan	nan	nan	nan	nan	nan	-nan	-nan	-nan	
7314	-15.888460	-4.943963	-3.546057	6.912379	0.876367	6.319975	6.179281	10.974562	8.327672	
1492	nan	nan	nan	nan	nan	nan	-nan	-nan	-nan	
8159	-11.780091	-7.739165	-12.399647	6.311632	0.354059	4.511517	7.142501	12.021643	5.730711	
657	-12.500530	-3.894012	-14.757869	6.283572	1.830835	5.056063	6.122112	9.447094	6.099791	
1495	nan	nan	nan	nan	nan	nan	-nan	-nan	-nan	
8994	nan	nan	nan	nan	nan	nan	-nan	-nan	-nan	
3147	nan	nan	nan	nan	nan	nan	-nan	-nan	-nan	
9837	nan	nan	nan	nan	nan	nan	-nan	-nan	-nan	
1499	nan	nan	nan	nan	nan	nan	-nan	-nan	-nan	
3991	-12.228782	-2.831370	-12.172268	6.766943	0.547743	6.636110	6.013604	12.450659	6.642952	
7324	nan	nan	nan	nan	nan	nan	-nan	-nan	-nan	
2332	-12.055125	-7.641954	-10.521475	3.471712	-2.395714	7.040095	6.973052	6.302841	2.348659	
7325	nan	nan	nan	nan	nan	nan	-nan	-nan	-nan	
7327	nan	nan	nan	nan	nan	nan	-nan	-nan	-nan	
8167	nan	nan	nan	nan	nan	nan	-nan	-nan	-nan	
668	-12.063931	-3.587096	-9.734124	7.363936	2.468903	6.422899	5.137569	12.278933	6.811227	
9844	-10.430311	-4.123073	-12.350024	5.117511	1.682982	5.511552	6.128201	12.727053	6.313359	
1506	-3.137654	1.662021	8.232233	-11.540893	-14.052096	-0.774808	-10.896969	-15.893558	-2.844410	
6512	nan	nan	nan	nan	nan	nan	-nan	-nan	-nan	
5674	nan	nan	nan	nan	nan	nan	-nan	-nan	-nan	
9006	nan	nan	nan	nan	nan	nan	-nan	-nan	-nan	
4838	-14.764210	-4.119394	-15.232393	3.112765	-1.154105	8.120858	6.216895	11.200807	5.077957	
6514	nan	nan	nan	nan	nan	nan	-nan	-nan	-nan	
8174	nan	nan	nan	nan	nan	nan	-nan	-nan	-nan	
5677	-12.594621	-5.548291	-15.446513	7.378313	0.239484	6.802235	2.488294	9.377645	6.387434	
5678	4.064264	6.892941	6.569293	-11.472741	-18.018881	-0.038687	-8.627205	-14.568341	-1.375801	
9010	nan	nan	nan	nan	nan	nan	-nan	-nan	-nan	
1514	nan	nan	nan	nan	nan	nan	-nan	-nan	-nan	
3164	nan	nan	nan	nan	nan	nan	-nan	-nan	-nan	
2346	nan	nan	nan	nan	nan	nan	-nan	-nan	-nan	
4007	nan	nan	nan	nan	nan	nan	-nan	-nan	-nan	
679	nan	nan	nan	nan	nan	nan	-nan	-nan	-nan	
6522	nan	nan	nan	nan	nan	nan	-nan	-nan	-nan	
8182	-12.189621	-6.914326	-13.606230	6.423488	2.827091	7.286480	5.329752	10.979910	5.620762	
681	nan	nan	nan	nan	nan	nan	-nan	-nan	-nan	
2350	-6.424249	-5.546411	-10.732373	4.706334	2.159458	6.751092	5.609953	7.899702	3.245913	
9858	4.615390	3.803985	-1.259604	4.745594	-6.407340	-1.142338	4.431571	9.725652	5.875238	
6524	-9.878288	-5.027001	-7.662812	2.034215	-0.742628	6.587319	6.286182	8.754073	3.337554	
7349	nan	nan	nan	nan	nan	nan	-nan	-nan	-nan	
4856	nan	nan	nan	nan	nan	nan	-nan	-nan	-nan	
2357	nan	nan	nan	nan	nan	nan	-nan	-nan	-nan	
4017	nan	nan	nan	nan	nan	nan	-nan	-nan	-nan	
8190	nan	nan	nan	nan	nan	nan	-nan	-nan	-nan	
8191	nan	nan	nan	nan	nan	nan	-nan	-nan	-nan	
4018	nan	nan	nan	nan	nan	nan	-nan	-nan	-nan	
1528	-11.099612	-5.109661	-13.297256	4.596140	0.542326	6.758394	6.352278	13.222137	8.296725	
7353	-10.906548	-5.681000	-5.056732	7.921370	4.196870	7.681211	6.534097	12.920263	7.390428	
696	nan	nan	nan	nan	nan	nan	-nan	-nan	-nan	
1532	nan	nan	nan	nan	nan	nan	-nan	-nan	-nan	
9032	nan	nan	nan	nan	nan	nan	-nan	-nan	-nan	
4028	-11.121732	-5.339890	-11.120788	2.429524	0.936646	6.466951	1.186118	7.368235	7.484516	
7362	nan	nan	nan	nan	nan	nan	-nan	-nan	-nan	
5702	nan	nan	nan	nan	nan	nan	-nan	-nan	-nan	
9878	2.508832	8.554915	6.874766	-6.168175	-20.646017	-2.865830	-12.713593	-11.775469	0.505435	
4867	nan	nan	nan	nan	nan	nan	-nan	-nan	-nan	
6541	nan	nan	nan	nan	nan	nan	-nan	-nan	-nan	
6542	2.773332	1.898748	7.708711	2.125644	-12.794566	1.057831	-1.049453	5.762616	6.849445	
705	-7.034999	-5.118780	-14.685477	5.946013	2.366745	6.289268	9.348144	10.768311	4.684345	
8204	-12.107577	-1.185824	-10.892227	5.090758	0.644273	8.093100	4.063206	10.874503	5.850406	
4874	nan	nan	nan	nan	nan	nan	-nan	-nan	-nan	
9042	1.003133	8.605092	8.502601	-6.470212	-16.809451	0.693667	-14.522043	-12.611221	2.126483	
6547	-12.438086	-5.259881	-5.804824	8.371077	0.264316	4.352666	6.912694	9.440755	5.636426	
7371	nan	nan	nan	nan	nan	nan	-nan	-nan	-nan	
4876	-5.381031	0.020827	-10.894112	6.835869	1.413216	6.418839	6.819969	13.572856	6.625950	
1545	nan	nan	nan	nan	nan	nan	-nan	-nan	-nan	
7372	nan	nan	nan	nan	nan	nan	-nan	-nan	-nan	
1546	nan	nan	nan	nan	nan	nan	-nan	-nan	-nan	
9045	-4.392412	2.370598	6.890599	0.263546	-14.174328	1.396397	-0.064407	7.551272	7.748491	
6551	-10.344118	-6.807167	-7.513478	6.727232	0.441174	8.061857	6.510082	13.720649	8.516106	
8210	nan	nan	nan	nan	nan	nan	-nan	-nan	-nan	
5715	-12.901877	-1.103984	-9.081192	7.264641	0.328264	4.725459	4.752103	12.022755	7.658106	
4041	nan	nan	nan	nan	nan	nan	-nan	-nan	-nan	
5716	nan	nan	nan	nan	nan	nan	-nan	-nan	-nan	
7378	nan	nan	nan	nan	nan	nan	-nan	-nan	-nan	
4044	nan	nan	nan	nan	nan	nan	-nan	-nan	-nan	
1553	-9.152972	-5.203118	-12.455284	6.779044	6.080528	7.649332	6.137800	10.969313	6.013081	
7382	nan	nan	nan	nan	nan	nan	-nan	-nan	-nan	
4886	nan	nan	nan	nan	nan	nan	-nan	-nan	-nan	
5722	-9.798303	-7.224487	-11.048211	5.191472	-2.240230	2.539416	5.634912	13.044835	5.996942	
3208	nan	nan	nan	nan	nan	nan	-nan	-nan	-nan	
7385	nan	nan	nan	nan	nan	nan	-nan	-nan	-nan	
3210	-10.780830	-2.016230	-10.242132	7.062239	6.374508	6.881738	7.065220	12.165837	6.290589	
3211	2.123028	6.040490	5.623657	-3.278222	-11.015296	1.658892	-0.432901	5.274881	5.552784	
727	nan	nan	nan	nan	nan	nan	-nan	-nan	-nan	
3212	6.376999	-1.615561	-3.961396	6.055268	-4.942484	7.210051	4.465636	8.666440	7.766732	
6565	nan	nan	nan	nan	nan	nan	-nan	-nan	-nan	
9903	nan	nan	nan	nan	nan	nan	-nan	-nan	-nan	
4055	nan	nan	nan	nan	nan	nan	-nan	-nan	-nan	
2393	-12.398176	-6.027712	-9.400850	8.081826	0.795465	5.317560	6.851306	10.109141	4.037239	
2394	-9.485133	-9.444062	-12.159195	6.428579	1.455948	6.079590	5.431315	11.361270	6.243684	
2395	nan	nan	nan	nan	nan	nan	-nan	-nan	-nan	
4896	-11.717192	-1.093825	-7.017491	7.803592	1.422143	6.783848	5.504801	11.106685	3.387940	
3217	nan	nan	nan	nan	nan	nan	-nan	-nan	-nan	
4059	2.711991	5.730824	8.415110	-4.390850	-23.317832	-3.925885	-11.268755	-11.259104	-0.522883	
9064	nan	nan	nan	nan	nan	nan	-nan	-nan	-nan	
733	nan	nan	nan	nan	nan	nan	-nan	-nan	-nan	
1568	-5.566893	4.101374	6.515614	-3.386998	-15.690049	-2.094868	-7.960222	-8.781308	3.746938	
737	nan	nan	nan	nan	nan	nan	-nan	-nan	-nan	
9068	nan	nan	nan	nan	nan	nan	-nan	-nan	-nan	
9069	-13.209472	-3.648576	-11.962901	5.691198	5.193240	6.827299	6.303376	9.938099	7.003571	
5739	nan	nan	nan	nan	nan	nan	-nan	-nan	-nan	
8235	nan	nan	nan	nan	nan	nan	-nan	-nan	-nan	
9916	nan	nan	nan	nan	nan	nan	-nan	-nan	-nan	
9072	nan	nan	nan	nan	nan	nan	-nan	-nan	-nan	
5740	-11.959097	-7.036159	-10.145624	5.093956	2.536287	5.445301	7.133141	11.346229	5.938407	
4068	nan	nan	nan	nan	nan	nan	-nan	-nan	-nan	
6579	nan	nan	nan	nan	nan	nan	-nan	-nan	-nan	
742	nan	nan	nan	nan	nan	nan	-nan	-nan	-nan	
4906	-8.590322	1.122207	6.682725	-8.431067	-12.632434	-1.284837	-5.912045	-9.790033	-2.267261	
7403	-16.183507	-8.427562	-12.253953	5.400778	0.669629	6.275083	6.364915	11.982040	6.069130	
3227	7.271294	0.630970	-6.909044	3.540716	-5.193932	0.038152	6.583642	13.142885	7.500200	
2406	-12.155224	-3.027940	-7.899399	7.583394	5.804517	4.183377	4.247722	9.622839	6.107961	
8239	nan	nan	nan	nan	nan	nan	-nan	-nan	-nan	
1579	nan	nan	nan	nan	nan	nan	-nan	-nan	-nan	
9077	nan	nan	nan	nan	nan	nan	-nan	-nan	-nan	
9923	-10.984355	-2.950567	-17.825816	5.973925	2.347769	7.233834	7.216656	12.889103	5.504758	
7408	1.245287	4.994037	9.407324	-6.646114	-20.097257	2.973252	-10.999124	-15.705246	-2.833989	
2412	-8.603996	-2.803974	-7.522655	7.867608	2.937153	5.733595	8.378198	9.946028	4.515854	
4912	-15.576379	0.927430	-11.209884	4.549361	4.074851	6.788150	5.591555	11.846602	6.201947	
9081	2.832545	6.168946	6.863968	-1.040130	-16.205568	1.447382	-11.963933	-8.245812	3.755250	
1583	nan	nan	nan	nan	nan	nan	-nan	-nan	-nan	
2413	nan	nan	nan	nan	nan	nan	-nan	-nan	-nan	
8247	-13.746008	-7.466335	-12.891580	8.023558	1.664569	7.266218	7.315489	11.318189	5.463279	
9084	nan	nan	nan	nan	nan	nan	-nan	-nan	-nan	
5753	3.293198	7.375129	8.565909	-12.494667	-20.126693	-2.298913	-11.242905	-15.772357	-5.072766	
8248	2.519882	8.562586	4.777891	-7.037116	-20.470919	-3.801275	-11.337608	-8.924092	2.568426	
4081	nan	nan	nan	nan	nan	nan	-nan	-nan	-nan	
7414	-8.236585	-6.179216	-11.435274	6.319748	-1.274291	9.221031	5.680080	11.957870	6.297229	
6592	nan	nan	nan	nan	nan	nan	-nan	-nan	-nan	
3240	nan	nan	nan	nan	nan	nan	-nan	-nan	-nan	
6593	nan	nan	nan	nan	nan	nan	-nan	-nan	-nan	
4085	-13.179737	-2.138245	-12.247012	5.200927	1.953730	4.586412	4.408588	11.112836	6.818402	
8252	-7.249687	-2.458815	-10.274304	5.514889	0.523423	5.022887	6.227942	11.971167	7.616512	
6596	-8.651964	-0.141852	-12.870867	7.636960	1.150281	8.894878	7.478887	12.932633	7.449451	
2420	nan	nan	nan	nan	nan	nan	-nan	-nan	-nan	
7419	nan	nan	nan	nan	nan	nan	-nan	-nan	-nan	
7420	nan	nan	nan	nan	nan	nan	-nan	-nan	-nan	
7421	nan	nan	nan	nan	nan	nan	-nan	-nan	-nan	
9935	-11.589469	1.825263	-11.311340	5.005839	0.654231	4.880011	3.394966	8.863935	8.725652	
6601	nan	nan	nan	nan	nan	nan	-nan	-nan	-nan	
3249	nan	nan	nan	nan	nan	nan	-nan	-nan	-nan	
1599	-6.966753	-7.073019	-11.600759	5.444534	2.500415	6.847672	7.193403	11.482447	4.502677	
4096	nan	nan	nan	nan	nan	nan	-nan	-nan	-nan	
4928	nan	nan	nan	nan	nan	nan	-nan	-nan	-nan	
6605	nan	nan	nan	nan	nan	nan	-nan	-nan	-nan	
9099	-12.658278	-3.032635	-9.715356	8.180541	0.998837	5.249987	5.631092	11.994184	7.978140	
9941	nan	nan	nan	nan	nan	nan	-nan	-nan	-nan	
8262	nan	nan	nan	nan	nan	nan	-nan	-nan	-nan	
7429	-11.340079	-7.025427	-9.782893	6.326811	-0.530551	9.809078	6.360132	11.096291	4.639501	
3254	nan	nan	nan	nan	nan	nan	-nan	-nan	-nan	
9944	nan	nan	nan	nan	nan	nan	-nan	-nan	-nan	
7432	1.906156	3.341286	7.298750	-3.302819	-20.997961	0.590380	-6.360743	-5.827336	1.264912	
9103	nan	nan	nan	nan	nan	nan	-nan	-nan	-nan	
769	nan	nan	nan	nan	nan	nan	-nan	-nan	-nan	
8269	nan	nan	nan	nan	nan	nan	-nan	-nan	-nan	
9950	-12.078857	1.439552	-12.386639	7.291579	1.119827	6.633871	6.206162	12.232169	6.182271	
2436	-11.617799	-5.194151	-9.328470	6.566139	1.523941	6.791755	5.520349	12.174082	7.440016	
9108	-7.550250	-5.626298	-9.310088	7.287220	4.033972	9.233802	5.766536	11.211412	6.306562	
1610	nan	nan	nan	nan	nan	nan	-nan	-nan	-nan	
2438	2.994791	8.205907	7.546191	-7.262158	-21.905791	-2.309810	-11.285574	-14.322637	-3.520626	
2439	-8.057219	1.499098	-7.082864	3.795083	-5.134188	-1.210784	7.227780	11.157194	8.303585	
4110	nan	nan	nan	nan	nan	nan	-nan	-nan	-nan	
9953	-6.761878	-2.355432	-8.214521	7.859618	-0.020527	6.135452	5.970412	12.512663	6.674626	
1612	-9.234899	-6.239336	-8.689441	3.845854	-0.043921	7.882436	4.517439	11.572860	6.681890	
777	-1.265878	5.142310	7.698558	-12.861238	-11.730939	-1.583552	-5.650318	-5.396059	1.129093	
9113	-9.205608	-8.409922	-12.525180	7.818449	0.033832	6.270854	5.076181	11.370488	6.234059	
6619	-9.454055	-4.942334	-11.133277	6.818377	0.376466	7.717641	7.122532	10.869073	6.495384	
3269	nan	nan	nan	nan	nan	nan	-nan	-nan	-nan	
1617	nan	nan	nan	nan	nan	nan	-nan	-nan	-nan	
4947	-10.730618	-1.020876	-14.128389	5.074668	0.003119	6.321039	4.943606	11.650627	7.374485	
5785	-13.895234	-6.187183	-13.924789	7.803224	0.864023	5.334595	6.194133	13.109662	7.131710	
9960	nan	nan	nan	nan	nan	nan	-nan	-nan	-nan	
5786	nan	nan	nan	nan	nan	nan	-nan	-nan	-nan	
2446	-13.310374	0.038387	-13.747942	5.242852	0.678904	5.771568	3.741013	9.301046	4.666209	
9118	nan	nan	nan	nan	nan	nan	-nan	-nan	-nan	
8281	-9.923536	-8.499052	-10.892362	6.343408	1.495690	6.804613	7.470399	11.701389	6.066142	
9120	nan	nan	nan	nan	nan	nan	-nan	-nan	-nan	
9963	nan	nan	nan	nan	nan	nan	-nan	-nan	-nan	
2449	nan	nan	nan	nan	nan	nan	-nan	-nan	-nan	
6627	nan	nan	nan	nan	nan	nan	-nan	-nan	-nan	
2450	nan	nan	nan	nan	nan	nan	-nan	-nan	-nan	
8287	2.400314	7.191277	8.071358	-5.215544	-18.848174	-1.871477	-10.556543	-13.160711	0.438896	
1625	nan	nan	nan	nan	nan	nan	-nan	-nan	-nan	
7453	-7.930561	4.052382	6.090098	-9.431547	-16.696493	-0.895265	-14.067791	-14.423940	0.198493	
9125	nan	nan	nan	nan	nan	nan	-nan	-nan	-nan	
4957	nan	nan	nan	nan	nan	nan	-nan	-nan	-nan	
1626	nan	nan	nan	nan	nan	nan	-nan	-nan	-nan	
793	nan	nan	nan	nan	nan	nan	-nan	-nan	-nan	
1628	nan	nan	nan	nan	nan	nan	-nan	-nan	-nan	
3282	nan	nan	nan	nan	nan	nan	-nan	-nan	-nan	
3284	nan	nan	nan	nan	nan	nan	-nan	-nan	-nan	
7460	-11.721825	-4.055278	-9.202464	8.707052	4.449428	6.671556	6.876747	12.460554	5.764011	
2459	nan	nan	nan	nan	nan	nan	-nan	-nan	-nan	
799	-4.530346	-4.252162	-14.170955	9.373737	-0.923818	8.966008	6.198939	11.411426	6.059961	
4131	nan	nan	nan	nan	nan	nan	-nan	-nan	-nan	
3288	-9.386706	-7.031257	-9.376333	7.448951	5.275072	7.383587	6.559770	11.946742	4.847016	
4966	nan	nan	nan	nan	nan	nan	-nan	-nan	-nan	
3289	nan	nan	nan	nan	nan	nan	-nan	-nan	-nan	
1637	nan	nan	nan	nan	nan	nan	-nan	-nan	-nan	
7465	nan	nan	nan	nan	nan	nan	-nan	-nan	-nan	
8301	nan	nan	nan	nan	nan	nan	-nan	-nan	-nan	
7466	-1.087709	2.353268	-13.116817	7.099794	1.222585	6.511309	6.427319	12.863278	6.912261	
9139	3.781501	6.217253	7.688904	-4.845763	-23.371274	-2.538977	-6.792120	-4.996081	3.141768	
5809	-12.765603	-6.651774	-8.886813	3.654980	1.232010	5.848523	6.351095	13.254193	6.881276	
4973	nan	nan	nan	nan	nan	nan	-nan	-nan	-nan	
5810	-5.834877	3.314726	3.783998	0.860289	-10.373876	-0.755127	2.407528	8.102063	5.985687	
6646	-7.150667	-4.320316	-11.151624	1.735192	3.086003	7.033241	5.918045	12.670962	6.697703	
4141	nan	nan	nan	nan	nan	nan	-nan	-nan	-nan	
6647	nan	nan	nan	nan	nan	nan	-nan	-nan	-nan	
9985	-1.892617	4.886619	7.687853	-8.314657	-16.026803	-1.568381	-11.164468	-14.953042	-3.075723	
2471	nan	nan	nan	nan	nan	nan	-nan	-nan	-nan	
4144	nan	nan	nan	nan	nan	nan	-nan	-nan	-nan	
8313	-11.275982	-1.986868	-7.001058	5.404023	-0.203854	8.373144	7.539841	12.167349	4.783676	
5818	-8.451103	-7.418661	-6.407003	6.381520	-0.676167	6.778873	6.913006	11.768582	5.878886	
8315	-6.084404	6.016766	6.332074	-2.531173	-14.323408	0.111023	-11.416615	-7.239624	4.408786	
8317	nan	nan	nan	nan	nan	nan	-nan	-nan	-nan	
3307	nan	nan	nan	nan	nan	nan	-nan	-nan	-nan	
9152	-12.310710	-1.710474	-11.675380	7.183535	-1.052681	5.888407	8.179528	12.982988	5.586866	
4987	nan	nan	nan	nan	nan	nan	-nan	-nan	-nan	
821	-11.149657	-5.277408	-16.415223	5.640429	4.298163	5.248903	5.818915	11.192924	6.893004	
4989	-12.200177	-3.365684	-9.792129	8.471553	1.429190	6.625907	7.689283	11.872165	5.265399	
822	-14.397498	-5.563249	-15.000459	8.997294	1.026014	5.287695	6.932507	13.183737	6.580129	
4991	-8.578341	-6.267935	-11.451344	6.287309	4.440987	6.285653	6.993497	12.640136	6.665239	
824	3.620977	9.254053	3.909686	1.288894	-13.073886	-3.385917	2.570835	9.108114	7.668281	
4160	-9.664082	-3.407152	-12.913743	7.160746	2.118300	6.648114	6.361872	12.990816	6.137003	
9160	nan	nan	nan	nan	nan	nan	-nan	-nan	-nan	
826	nan	nan	nan	nan	nan	nan	-nan	-nan	-nan	
4995	-7.548023	1.196481	6.951355	-5.301408	-16.078740	0.505962	-10.312452	-4.330691	4.149337	
1664	nan	nan	nan	nan	nan	nan	-nan	-nan	-nan	
5831	-10.558210	-3.211817	-14.108687	6.040207	-1.358290	7.098704	6.547845	11.714663	7.714469	
1665	-10.130653	-8.384437	-12.418966	5.550190	5.048920	5.712273	7.124289	9.665797	5.613176	
3322	-10.020268	-3.851631	-10.035030	2.014339	0.581262	7.168744	6.834109	11.686513	6.187761	
2494	nan	nan	nan	nan	nan	nan	-nan	-nan	-nan	
2495	-13.337191	-5.157621	-9.546138	5.975782	-1.714190	3.987734	6.886821	10.196928	4.571199	
3323	nan	nan	nan	nan	nan	nan	-nan	-nan	-nan	
3329	-5.446363	0.691498	-15.656100	6.845591	3.334894	9.333135	5.801153	11.754356	6.692981	
