0.010040938555547954	-1.2806690003971417	0.5258451959844086	1.133165498638121	0.997549319711793	0.6722146518219598	0.9733593006940106	1.2215592791726209	1.3448812950770928
-0.4716813328047265	-1.3809116852584566	0.8396454672313759	0.8756616957254759	1.0496193361198565	0.6196595162122058	0.9766949240470058	1.173122012724756	0.8422437184550765
0.0987511838801149	-1.2697333958660888	0.5625815318800179	1.903878149581524	0.9584517762412621	1.08662235177288	1.015753688545047	1.1676345219557938	0.8123948609646215
0.1651868475107406	-0.2146158192664924	0.6607301576344734	1.2526246025436871	0.4641164249567944	0.4831072912984652	1.0625478884128121	1.2217936416621404	1.4503763976533923
-0.24951052321550554	-1.5170044543819008	1.331342660541834	0.8318461144854999	0.8241681283390587	0.5981693109340737	0.8346783387640255	1.1228476222506623	1.3149683433174453
0.010040938555547954	-1.2806698029121515	0.5258451959844086	1.133165498638121	0.997549319711793	0.6722146518219598	0.9733700946076	1.221572739547193	1.3448956772057894
0.22159685805127236	-0.9603669359661212	0.7777926187571588	0.6452534665749275	0.2713887642558754	0.6550554755637992	0.7857483122481485	1.1140163139146972	1.248206501906602
0.053570094529197865	-1.0177225499509746	1.5175047281459833	1.2687145898486332	0.7261243533633522	0.3997645264826565	0.9998943889433376	1.0935809686323943	0.6354368368234337
-0.06651567372152144	-0.606638650107019	1.197963000718678	1.8550064054497104	-0.09630989062391687	0.26646483901893925	1.0290216887505668	1.1197289403035129	0.9701843214476346
0.07437621913196632	-1.2362258529170322	1.2308063580175304	-0.02301752774354699	1.0637256564187263	0.4050298353204011	0.7592617205964972	1.0726263134150005	1.3670172670713967
0.21495290360675853	-1.4912112207152932	0.4014085885762149	0.7258737721006063	0.9398006866604828	0.9148011901288744	0.9916560484165244	1.0820538946342124	0.6044861832128103
-0.3045365921809031	-1.2857308638203035	0.3457638075075064	1.6816357097839358	1.5178296168713246	1.5085635674892708	1.039272714094403	1.0970573274683657	0.7608752620777093
0.07437621913196632	-1.2362338780671285	1.2308063580175304	-0.02301752774354699	1.0637258153990072	0.4050298353204011	0.7593207070538585	1.0726842798667853	1.367051971773252
0.14974487096675665	-1.0340095920711596	1.2745231762809166	0.9623895573698332	1.144299406318334	1.1898036486175432	0.9608187494536288	1.0714234552647617	0.8776331346985125
0.21495290360675853	-1.4912112207152932	0.4014085885762149	0.7258737721006063	0.9398006866604828	0.9148011901288744	0.9916837173217816	1.0820861344023398	0.6045171360550057
0.6642386804734659	-1.0115640497671707	0.8907745224925291	0.6201747103783739	1.2022831712046729	0.47244269951490797	0.6556938156533352	0.981158400489394	0.9475193372412636
0.6642386804734659	-1.0115027911214365	0.8907743428193581	0.6201747103783739	1.2022831712046729	0.47244269951490797	0.6555448292404126	0.981027487491543	0.9474680618259096
-0.1480464121989211	-0.5846377011183582	1.060151163112497	1.4155896114388884	0.9849905134644183	0.4671234218619323	1.1355129199530032	1.0332593855031564	0.18502327073950445
-0.036377052620660384	-1.2842288232273027	1.6821793218800352	0.7200065523626377	1.3649506814668375	0.5160578440058118	1.2279521479586528	1.040420196223922	0.10125143559490264
0.4747324710307941	-0.7746109267300095	0.6792215813776065	0.9471084306255546	0.4903096980301771	0.8274733275513796	0.8796939753207884	1.0032136584308444	1.1382985870601374
-0.4619633420651103	-0.7420911460052904	1.1517745983145715	0.5457030628850463	1.0143168109278593	0.6642503966599829	0.9525036353160746	0.9924105137715256	0.3376964452660939
-0.11765877216687448	-0.7207268589242594	0.7789818754762217	0.5927208283306751	0.6282932940031072	0.298736673839186	1.0447792823214137	0.9822420691938282	0.6937072818586654
-0.1295247937388729	-1.1523200998590002	0.5165041674956095	0.3490347985335446	0.8823584086099147	1.0898793128962827	1.0719556202541158	1.0354930478222126	0.3220308679105204
-0.40660395425329465	-0.7877407410498579	1.4093461506869756	0.8238055134039537	1.0527100717552709	0.7965193682262517	1.1527678269737225	1.0432359111917988	0.6604379789781302
0.034468941102027015	0.2381865558474201	0.719505384362078	1.1751217673557866	-0.10921654572527466	0.3609375660578396	0.7197721117165959	0.9954304139375432	0.8422324628760961
0.38261206775422574	-1.238924577141874	0.5340019986029336	0.5239535616959573	1.0351173139025382	0.9890133666985056	1.0620586656813986	1.0264786132612276	0.3669703302636457
-0.1480464121989211	-0.5846377011183582	1.060151163112497	1.4155896114388884	0.9849906724446992	0.4671234218619323	1.1355282746751514	1.0333403648534023	0.1851792855703681
0.6719927634692129	-1.186314635666393	0.904039792709845	0.8929078704493746	0.7475418588070938	0.5615727666272549	0.98362142400534	0.9030965864316234	0.4238569643942619
0.4205377587741856	-0.9348567225929054	0.9133937576669584	1.01333679126457	0.014124966403116494	0.29677357398398435	0.9406108709180022	0.9178005259315551	0.1323506003170696
-0.1295247937388729	-1.1523200998590002	0.5165041674956095	0.3490347985335446	0.8823619061760881	1.0898793128962827	1.0719674783563686	1.0355462380120528	0.32215124007461354
0.1606549185639701	-0.9093968001602919	0.7976499179464794	0.271187774038021	1.2026481899289625	0.5204822757294268	0.6395576749721034	0.887229627148129	1.0362833343185356
0.4205377587741856	-0.9348567225929054	0.9134077721742988	1.01333679126457	0.0141112940989837	0.2967733212026483	0.9405371378463008	0.9176239127910047	0.13201699746229642
-0.2744350544187121	-0.9168184589692336	0.6443026396069887	1.0849441687585433	1.0992111679137104	0.6043773677643465	0.8744197042763756	0.8885671975954933	0.3493753590778911
-0.04400263753589945	-1.1740578239245067	1.321343489227544	1.1991026945757008	1.398892971377902	0.6269958625356145	0.8765038417608206	1.047792465087153	0.9589631345143638
0.16632133895307674	-1.2558938907727355	0.7588665656132986	0.8932627274292485	1.0892839622513373	0.771657312707515	0.9323032061010944	0.8800115012840259	0.7701451693327815
-0.08500430525821775	-0.8743184678324112	0.6261932010254705	1.0600003272404566	0.9900815389905171	0.9590577672598212	1.0409966997296505	0.9149268445118934	0.4310311453742235
0.3969682786380795	-1.1121197154822364	0.7433176493921619	0.5255408485758705	0.6549786110449899	0.458037323130887	0.6416605117716399	0.6393611714655902	0.7602909099356562
0.08753562994048596	-0.5308492663512542	0.9688705443207516	0.9501575023589012	0.5121112998318819	0.3872739687186656	0.6595077157972025	0.8969288039897485	1.0035568004688211
-0.1834474177780302	-1.0929140600245746	1.1385684405705252	1.0114699486206706	0.9926007405171244	0.6630562576288249	0.9183915237809684	0.9423436735892156	0.5685708813070239
0.0921667352581182	-1.6141517050986198	0.9801838452079724	0.9858022741648571	0.7901485740116155	0.8181784314368168	0.6694796196572368	0.8840541728146815	0.7280349218183066
0.3564417950926729	-1.1188615103255306	0.8359923523179469	0.9099563794815666	0.9084399185460259	0.9051694628841216	0.9612441208652178	0.8103421222203363	0.4750607817597865
0.6436434134591819	-0.6212131251966805	1.15304488763377	0.8722609045629177	0.8039661861208909	0.5557397109089047	0.21233183862278526	0.5382972055358094	0.9614631236678448
0.5047738561680494	-0.6094727318634828	0.8010002835667189	1.0069525031775008	0.8707876648065556	0.4501877043047759	0.8357565139073391	0.977471234819404	1.0284188111611243
0.0924681451852155	-0.7927317156471703	0.8013829874210178	1.4580792637690967	0.718708877154398	0.9267894713782779	0.7345044355234119	0.9003494759534993	0.8486009319940618
0.05548053327312428	-0.6692526099398888	1.0756777998604254	0.7853087080462258	0.6891015025548322	0.66408090677421	0.7733787913287237	0.5532314911231705	-0.019759482605540585
-0.052919671280403736	-0.7584477394263088	1.4436331819150718	1.0348145805663282	0.8817929157517712	0.5910768985998833	0.8981225304106532	0.8469175421282509	0.5682475960663159
-0.32241615144002445	-1.0697660495821673	1.041249006500384	0.9732514440066634	0.813887509512881	0.8478318307883401	0.9552600359820952	0.9871427310520248	0.4763648656466262
0.16158933245813292	-1.3074168256676892	0.8476209796203293	0.9079034800834102	0.8136692295875982	0.8137390856143789	1.0634460636450027	0.9959947727068864	0.3936341715576884
-0.4426942356098931	-0.3780815728529765	0.7800227221560121	0.8355088911283366	1.0182162792507563	0.5679422243405494	0.9678150297829134	0.9746478127015707	0.9318415663417948
0.5442417397549097	-1.163713137945535	1.05833987787532	1.2736609384673003	1.1189428464618223	0.596623679455239	0.3046070295472682	0.6037792140421975	0.9392392956265015
-0.07532339785727159	-1.0088871272000903	0.758430139480861	0.9189843677564488	0.9165460050939668	0.706904972074172	1.1074289811170883	1.118446296868514	0.6425669334523897
0.06991457604802391	-1.0353575497823135	1.01157131080195	0.6112869706180836	1.0883435938915065	0.6971180370891289	0.9291535117103484	1.0100114732438041	0.7623250431813474
0.08284092238501846	-0.525478033391885	0.9314058133897772	0.5488541050149081	1.041567779808166	0.6427697970726179	0.5947269031889261	0.7171583371910548	0.586092378574436
-0.23859120478362456	-1.0368504952052051	1.2567962618805262	0.6740988523412302	0.6033316411636402	0.4623778314509576	0.7347156009596871	0.7782884112058605	0.9106648198005772
-0.37737020973614416	-0.8859729920595796	0.8042061919574486	1.1809660829739224	1.02016203890519	0.7567794880065519	1.028613192330645	0.6934485386913569	0.30966004864641555
-0.1449652610772133	-0.6665988265555856	1.5430772512326707	0.8010193654761345	1.0333389604835912	0.5708190023346419	1.0959360476026758	1.0268456255711236	0.7297757847005706
0.5592826987993222	-0.9344658977832218	0.7936189503543692	0.8289812169760139	0.9770135189043362	0.5914233354208407	0.6535716714308997	0.8914947205134419	0.9163232494778788
0.07591668689241708	-0.6999785021131097	1.145828135046086	1.2914216714997695	0.9888739247789741	0.6062612206707193	0.8614702005352162	0.6957884728386855	0.3883965754722567
0.02393662611731317	-1.2369449063656497	0.9919402201349592	1.0662531519547869	1.1547944895430602	0.7449154487837812	0.6956230864783103	0.6257250521645484	0.22054837924064544
-0.10842653004367472	-0.5358043952781368	0.9983417955456696	1.4178775133816297	1.080398236407266	0.9769655554444792	0.8234555571432489	0.6324702195447071	0.533040770326336
-0.15493399555446485	-1.0273527300663834	1.1606926761587606	1.1726158056420348	1.1068180563805234	0.5690458676534275	0.9402157528698534	0.7793745765926748	0.39107196406484496
0.2877738007144325	-0.7710853445402588	0.8268698064051229	0.9852842645505576	1.103953708664703	0.6139105102880682	0.9440298050406724	0.7343270449573274	0.6921668308132424
0.3035760462056121	-0.9067991928266622	0.8042847091331896	1.0359836319429956	1.0413466382378325	0.8698479476359734	0.7184061495532187	0.8414143114051523	0.5540605640717747
0.12313326345486887	-0.4549811023720453	0.716570063766923	0.8642046157280611	1.0357525991038712	0.7316655358865136	1.0826730642865712	1.114505229455594	0.9539812901957588
-0.7277521351601444	-0.9357765385464284	1.1506627807322236	0.5021842939376973	1.0279830738099902	0.6506702249472606	1.0724456031202887	0.8762510634137459	0.4633099573045052
0.008500255194290969	-1.0708990670232454	1.3868535850981236	0.8881717377250629	0.5327874802271209	0.5344543849035824	1.046538538209516	1.0861973018713402	1.2156966379522556
-0.04122936436547562	-1.042829098274353	0.3301473341740616	0.9069452721112304	1.2133574195916748	0.6807924072863543	0.7621199793203322	0.7408915827948455	0.4267308888938615
0.5929841232229892	-0.8243231202582635	1.3914059642325696	0.8551628222302656	0.5338456529748871	0.7726445502151754	0.5966810576294437	0.819279919487389	0.9302983014016272
0.3301499235764112	-1.1655070264970333	0.95396647511045	0.3597674180830997	0.8752794936550203	0.534717909446339	0.8331788969368257	0.6091921299939758	0.7345850434748132
0.22793573735498304	-0.3313941921484719	1.3363927343600397	0.29549908534264546	0.8836695189841375	0.31316341024609723	0.4672080641258846	0.6530160701601878	0.7857979278345164
0.1775205072314329	-1.008180512734122	1.0049201693566756	0.4206233507235461	1.0194609358676827	0.4121074599464367	0.4555100462532752	0.782587589713234	0.9968494133615644
0.3130213019253585	-0.993994989919122	1.0674838048954969	1.2428743501064086	0.96720459457074	0.6180481615860168	0.9215357452014435	0.8337349506091508	0.6850567441024732
-0.014185692837920469	-1.6027206813016297	0.9976541863201288	0.9012659916579171	0.783915434149587	0.6092991467664975	1.0207570475610641	0.8517361391221233	0.3089897163871529
-0.01587966837240076	-0.9144357919056796	0.7025489085190741	1.447438888209004	1.3463574607082018	0.7807944732684279	0.926533479220238	1.059276986933463	1.1805082588556042
0.3847156848205264	-0.6565784903930012	0.9159799732907976	1.2270507408526674	0.7997729222394189	0.8081134369821984	0.8286986626625096	0.9444497880040637	0.7372870077399937
0.3224941545483011	-0.7920568005240819	0.8756282538476757	0.9064225561709388	0.8752211478920351	0.6423930264913434	0.9372303996141782	1.0473085429110172	0.7275665646707433
0.046803894427556635	-1.2699074078706742	1.3501839079489668	1.005124252406745	1.0133182557853235	0.6331380698278651	0.8786966785159187	0.8952185765592808	0.562849607980417
-0.19650937702213786	-1.1169032399495624	1.1777070067628368	0.3905194933867091	0.693033720815536	0.457260526085428	0.8882185825981458	0.654779162126272	0.972248782225578
0.3878886818856844	-0.4049964549980261	1.4111872616705436	0.22724637701649825	1.1669176898215523	0.5136956024211015	0.7430854447999473	0.7565399195429567	0.8070325155454928
0.021374857337792368	-0.86452537717005	1.0616949149980064	0.6772423643495031	0.5500605287355391	0.518803681267868	1.0642432929810903	0.9526846063539656	0.3195386951313313
0.06618640690684621	-0.5045014948130008	0.8540354914993541	1.2816196494765677	0.8389847725317117	0.5819676703765961	0.9221605759740068	0.7179869100870726	0.3184343977713895
0.1805628502080208	-1.2753259892156108	0.6468746610503163	1.0776816802411768	0.924674984802316	0.7139636381000092	1.040157510954821	0.9926929645347168	1.0128226432092615
0.1902922677903668	-1.1222751416714398	1.2422529763976573	0.9255983245519772	1.115404422356199	0.4671006715416943	1.049803925110705	0.94100317225384	0.8826853263857433
0.25923903401105125	-0.42418325135296203	1.2340783861352	0.6139504373750682	0.7766403375284148	0.4644472258579379	1.0950740547850522	0.9440917854610182	1.0046207653374175
0.1423376896682197	-0.8728174972594234	1.5187484258358688	0.7049867835885049	1.0607369861234663	0.4987778382690539	0.7650737109699991	0.8680060412315074	0.9994485141410644
-0.19050726617774472	-1.0188124990865368	0.8564213715374922	1.4910897480392242	1.1373613478920637	0.9885128596532702	1.0502334012499972	0.8062393132097394	0.03556012480706057
-0.15084383265964169	-1.3079047547935367	0.674582599774723	1.0543514810285646	0.8181666227458844	0.8766217290961641	1.1142803797611536	0.8883609499206034	0.6113214462034807
-0.3925562681231435	-0.5325516681916559	0.8079654937149577	0.8512277061899662	1.1175288758460424	0.7871124899798508	0.890151301238437	0.9734161884282552	0.7190213916400046
0.2624635596688961	-0.7120182335448947	1.2689430666081658	0.6180157617678413	0.9365668687725156	0.6588699459237005	1.177037409584914	1.0571224585907195	0.8379872336707479
-0.3403373216547465	-1.110170005266371	1.0169624042987748	0.8058166804383559	0.9669042808206604	0.5313700734326523	0.7879022301035442	1.0473160329581577	0.848561850122603
0.4348215277871491	-0.6620561903436464	1.0681293705990158	0.9191550505124628	0.9772379990605632	0.4677819172421538	0.3559637102703604	0.6686821007877763	0.7063113417316368
-0.18280622098032825	-1.1561432813648176	0.2447687993775572	0.32695710954520857	0.9395622162395618	0.568779688906643	0.9217122484926712	1.0229875999851985	0.72234741522864
0.18249635823821286	-1.0109160188969049	0.9031139368595156	0.6748330391961418	1.301808960356262	0.7754279255056243	1.124527300377287	1.0215801224311871	0.2587760773169103
-0.17108228033962958	-1.083822634985622	0.8153071191565092	1.2533183149950589	0.9763661512016764	0.7363885023679183	1.0094482186854772	0.8822778375768411	0.8099927328172735
-0.4556880649992349	-0.9915046520917778	1.4269695733408507	0.8969587621091024	0.9396124540082356	0.5909056392447585	1.382789318127529	1.08146489469529	0.4564299846528858
0.059705662272641936	-0.4725099027171115	1.4716485414351153	0.6501640471160475	1.0575241536325404	0.4465714145122809	1.1259221476615373	0.9291717201080836	0.34969770635368363
-0.07720171208107103	-0.32679631615337057	1.7203995784952006	0.9097235732224452	1.0521725594265154	0.4919675299058145	0.6342586235345207	0.6515697312021712	0.5820610053697108
0.4443051604504029	-1.4846102672561867	0.7506481350971095	0.6390822181778097	0.8643888674921271	1.2546782090268314	0.8843718446326551	0.8934155376751128	1.0868587151910014
0.10463061786576816	-0.2856278311700049	1.4875663266763814	1.1589062780243595	0.6390274835698764	0.5570805895055977	0.974183286773644	1.0287166176365974	0.6505261910662173
0.10879322263148168	-1.296465572093949	1.256206394860027	1.1579935645367798	0.7578987881679661	0.5088677316852661	1.1440139630528063	1.0703548752060168	0.7595011434772152
0.3643955244349808	-0.4262926620557413	1.1984836935683296	0.7134766819248516	0.5267203157780531	0.540800839515303	0.7572127013379553	0.8969980597879483	0.9275037912648318
-0.16731961506945647	-0.7221209612484664	0.4346736388074801	1.6680400752552915	0.9998966635550572	1.0920680200938442	1.1234883481875797	0.9565112605830258	0.9955497066443278
0.14987509385371425	-0.7894177299149552	0.9121942595771468	0.3706111069260904	0.8309543605973431	0.4850405629560216	0.9988826495780316	0.9739795702349278	0.92421591158274
0.008888552246295435	-0.5897269838043485	1.2876242252199088	1.1481877774527838	0.8128978572660598	0.4298868352124182	1.1232020814370358	0.9944954606618456	0.5922407385923454
0.17559044881414038	-0.581528891723602	0.9768460567097051	0.7986762426417418	0.7491405645089471	0.586812224680606	1.1518830301133045	0.8813426671983278	-0.4638871204840252
-0.1405499721666085	-0.26494594935215193	0.8846794695115997	1.4396496049354854	0.9954083322727659	0.7441396628636661	1.14577869191118	1.0645061253517738	0.9726114619927162
-0.04745095683060197	-1.5505736572341964	0.9350625217666272	0.74405870198258	1.1772105501293373	0.6078786420489717	0.6822945795459099	0.7534868026461409	0.19914652111982506
0.1523984856897277	-0.8879510578057848	0.8694656437544384	0.9937565926031978	0.4785198794001319	0.6484174376810287	0.942589349670834	1.1136830610926387	1.0137687371535378
0.4611233169404969	-0.8858258643078164	0.9926813719654676	0.9577648076940232	1.1064403192337853	0.45605450633147904	1.0547586355020941	0.9764630093434165	0.5483317870258476
-0.1485714001620698	-1.100855748559748	0.4794737066190201	1.0743097545447096	0.8957335785982418	0.8413330754216931	0.9418307351805442	0.6229000017755977	-0.11250764198681573
-0.3325524077437099	-0.8551447792226323	1.5108417282714208	0.9214671115953016	0.8003808628324863	0.7814184639962884	1.0830944829974094	0.6999906063874531	1.1425869626515766
0.1168791152680031	-1.300493662432222	0.10787886481194252	1.7297080060070678	0.96392085687466	1.04363916062192	1.0233570124935156	0.8845594796181614	0.14492120610807205
0.4409422190749639	-0.38257579065933545	0.20221949737953898	-0.4083407520557639	1.0629016616243048	0.5877998413602703	0.2403417403330944	0.5078639499375204	0.7939429025015166
0.003690848009913751	-0.4265909301343156	1.0184702215500778	1.3030450416822714	0.6976209378323693	0.6992669312262739	0.8257049479244767	0.731775544116125	1.014332141412489
0.3227878028463744	-1.4138032979376316	1.081836277470729	0.7073644194801801	0.9531354756575336	0.6091908299640312	1.1937164385116017	1.0943780616201393	0.3656781272657299
-0.008251496247487031	-0.5948196103028789	1.0484621656246471	0.9701361699543488	0.5907780812655259	0.5767328216898369	0.8756242138167694	0.8255173919330951	0.18691014349353866
-0.43330525170057055	-1.4347633849588186	1.304943101848885	0.8368401538742295	1.259175536464597	0.5921184840947789	0.8586704721878865	0.8698589052118726	1.1218845137023843
0.9072268259073788	-1.3452344092283977	1.234433779667502	1.082762316028178	0.44818962146461455	0.6355801903147443	0.9294715520938528	0.8285709430355421	0.2459040721332169
-0.4418630945019102	-0.29056637478668873	1.0427494571516749	0.5099120812182407	1.1315240689287631	0.5424966231077084	0.8668022418213744	0.5609251807050066	0.4807339062207562
0.3719411214511117	-1.3593582721401591	0.3977574500676672	1.1045820983520966	0.9934148785341484	1.115126227999045	0.6964273090541885	0.8122621795221523	0.7877448303431113
0.2760895306220785	-0.7677395257126621	1.288192531459884	0.8849497869502394	0.5229311797699018	0.6594997506222887	1.0540637203046763	0.9639511569733396	0.8742214436476389
-0.05172524281393808	-1.0350636955362922	1.2247231634658893	0.7601452379817982	1.0234174781113206	0.7713701531098446	0.5335495854230015	0.8705763214662655	0.8075449570440615
-0.3534214877818949	-1.0335070839226377	1.0712984459896835	0.9524350503844576	0.8693592269852396	0.8420829512548705	0.9984939166618652	0.8778543677074946	-0.0618925539329475
0.7523538675728624	-0.3495921562590575	1.2627421861294983	0.8201235977020789	-0.10496382321885317	0.26530697410949405	0.8618513321037846	0.5802843473300162	-0.07620652384598736
-0.22489839758051355	-0.4565032058402864	1.6013012406715479	0.4477383772997477	1.0513358462096447	0.3613228048138695	1.0721468701596841	1.0245395594630402	0.9880609947628654
0.18638665918566896	-1.2649256621959726	0.8135420099242878	1.1123710678705492	0.99686999697273	1.3687443965893564	1.0131997877790395	0.9281858562221104	0.6033406153966078
0.19194290756279656	-0.4009381365943909	1.2394860095637596	1.3676233644281324	0.31613296933325075	0.4904668935047838	0.7378849068272361	0.6498813226046788	0.4957460346855375
-0.3501952373176002	-1.5208739142532726	0.5640068791458175	0.4116267379552839	0.9926613120040386	0.9227850358443896	1.0638843573475083	0.8792395922228989	0.24717282600825785
0.08778033685554704	-1.1431242141162965	0.972697942210082	1.0565455702065116	1.0694204890505967	0.8272310366408451	0.5484809125099357	0.23133455749244264	0.17881206707228905
1.0076271625460678	-0.4459956093143625	0.9606235457703683	0.356710188718032	0.9082316543784218	0.6268473535007276	0.18870837055743164	0.5321768600591591	0.9867487818467624
-0.7899952255129917	-0.5041142813208604	1.1094218587656628	0.6986677565552064	0.8102673695430224	0.550870257643301	1.1098094191309074	0.9335743481071256	1.0709764679400602
0.21787127611976928	-0.8470564979457018	1.3923023536828498	0.6763920881200971	1.2327080224071554	0.4746300164151218	0.960136300466272	0.9908455281247436	0.5210132462211259
0.12661176686244235	-0.17578118168359566	1.5515098521687305	0.7638400176413871	0.050749571608698814	0.26080329543704983	1.0782338772892848	1.1113394361974436	0.9539912951548524
-0.04569381025989885	-1.281721766337258	0.7346394352313009	0.40414462089157627	0.8591544417529151	0.5472423399093511	1.0173949715184274	0.9627245260647846	0.8432842342007973
-0.16471343252385412	-0.8359217359397622	0.3702509249679877	0.249023174896347	0.9493736842576476	0.9521429338141552	1.065866788801091	0.7404499956677656	0.7744422992634272
-0.6425794678640554	-1.4530674148031757	0.9004452512501725	0.7789046533899866	1.2836244778990842	0.6615621935425297	0.8122008498625604	0.7206896230393914	0.3920480728864018
0.964799787196668	-0.5149713731334725	0.9202121748344638	1.183369760536092	1.0159934169672131	0.5216981539554789	0.9287825659475616	0.8833064707175019	0.9083480464604956
-0.010571145321621357	-1.1722922909033484	1.440139796450691	0.8682893929349386	1.0951390470060662	0.7274654475985785	1.2064838139643108	1.0614967546723164	0.7050963645117233
-0.009199061790829393	-0.3925539947839149	1.192247417474969	1.4410486387756782	0.6643716429645002	0.7587533310685327	1.12886782188275	0.8947331346634351	0.2277428827937657
0.13695349073445662	-0.8989675826003077	0.0347727262896295	1.1454919939239805	1.2439757497956645	1.2049461353772746	1.162325001308805	0.8641911105544936	0.12538370958332565
-0.7758994604030532	-0.9281075713620229	1.161234750115765	0.5194875720836446	0.9888570728692287	0.5837928780130219	0.7243058594780025	0.9101708816803432	0.8690191775740056
0.31013807234376184	-0.5381597768313638	1.021179153949732	1.0500542916418685	0.7603329352444455	0.44157910951739215	1.2685345265692558	0.8195738766998109	0.8604027192097257
0.830165060941333	-1.3558998337062127	1.0146257547094997	1.175676486312831	0.7532398710445763	0.6063571511877228	0.9549961171934894	0.9736957083034348	0.8426973808189708
0.02290605426357564	-0.4262233782599109	0.9964151601326899	1.123616676953344	0.11136398319835543	0.3642037537000056	0.9666427499563356	0.8661960550572378	1.1611008267990728
0.39857601385007135	-0.5414788451586398	0.8564384404887403	0.5406170932619196	0.8026867128225103	0.5650027565751342	0.7875074161092992	0.5014565945385497	1.0010421165316714
0.08784027387967659	-0.6407254751405177	1.100738793429184	0.6062854011077652	0.926440619798814	0.451301458871093	0.4620268335760722	0.4515027563717978	-0.13693756350826958
0.4924384716409074	-0.22102336660828087	0.4495353051494182	1.5937591908422146	0.8238919795916324	0.7831782012666962	0.5966927637047447	0.7503283908837236	0.7553318894299831
0.2821975014623263	-1.4604656669243363	0.7235146115004931	1.311860617777335	0.6201945205480747	0.8474966427368339	0.4799766557942093	0.4522699977223878	0.44249526522048294
0.39338111242417056	-0.38841274982928586	1.1305573528937072	1.1963940470891834	0.7610831631886623	0.5114582348163642	0.9781720179122672	0.7446372576736596	0.3026343787779976
0.6445948598170363	-0.30259152719579896	0.9724544850633332	0.9522568375068552	0.8347436555857751	0.6658679444289033	0.6856750508497339	0.6816005867316096	0.7414440682433306
0.2944317692113506	-1.503254295959618	1.2381688255469216	1.5786117237561381	1.0019209594681138	0.5739049568842559	1.0147237059455056	1.0232281499049647	0.5873329935020263
-0.1818418385741006	-1.126306442069751	1.5197267462521398	0.942112822461494	1.1706232022021008	0.5845933101133951	0.9297033931955946	0.4960739644295577	0.5213343428770318
-0.395423758845886	-0.8479610661140423	1.0882818728083423	1.339572406489452	1.2897436288999131	0.7019526065303676	0.631331192547543	0.5536137006301638	0.6785750938847626
0.1447705291656202	-1.5351546688494142	1.2761626939665862	0.7133408259811865	0.9277415554350772	0.5618091171763938	0.7203283783338243	0.8793768012024047	0.7831622464233301
0.4634457688251121	0.5435932729374336	0.13469670264705513	0.29262571644637186	1.1925216229946998	0.3156929930752246	0.4533138649052342	0.7649484201453974	0.9728537695957612
-0.40833199471515785	-0.28201758364673946	0.8852091460198029	0.6953187349785714	0.6468640985421765	0.5119948895926445	0.7887409627975177	0.9405533352197644	0.7385191809833491
0.2472126054392242	-0.9893190024630848	1.4436236592370075	1.2548243393128262	0.6723796386793024	0.4180819468222663	1.007802374903538	1.097156760557944	1.2403963807142613
0.5713362930727331	-0.385287355124331	1.2510955915100128	0.9923581862731377	0.9766941275205828	0.7789529612358312	1.0858143971949592	0.9749909437017424	1.013339774532405
-0.014041240297752248	-1.3284209172619037	0.818397138351923	0.6818787229627631	0.7375152904693373	0.630988164565376	0.8131837041069938	0.6040241060182769	0.6014402984787915
-0.5256380217712667	-0.8043098671959236	0.9125683391192361	1.0277136759080558	0.7992999559045927	0.4934339144358204	0.9113920508856924	0.5652219710814078	0.3876437023004729
0.25640927342939746	-0.4077318274083069	1.2773296712124411	1.1482928853999608	0.8047230912368937	0.6005333219881359	0.6956889141485096	0.5521300199878515	-0.3355228700048527
-0.2426768400615171	-1.3044936647451582	0.4617038503307528	1.6416774333278417	1.0740774984106192	1.3804317416582788	0.8652761952775814	0.8863893307000649	1.238714609621643
-0.043216772597223015	-0.9436308866980556	0.5753951037453587	0.5978469586022752	1.1890436113957097	0.7985235450485498	1.039531615993594	0.8526095437495774	0.3428633813279284
-0.12596220601687316	-0.713616040929043	0.9406237657564192	1.259950469584426	0.7913897330623679	0.7763440050672069	0.9715767846822578	0.6513875819398212	0.06430562290248862
0.7684312196927802	-0.5903066671462954	1.3869975033081208	1.021199806978646	0.7203163267716851	0.6019591351137172	0.7540894596368507	0.538990957583294	-0.1960062166861771
0.20434599074309212	-1.6632749863623162	0.4753232563681735	0.3916568555016897	0.7820768272042873	0.6799803472445264	1.1661040872806727	0.9655048532737068	0.4475906032938043
-0.15669911935499814	-0.808991204752025	1.1560060811655537	0.5362336212320183	1.2870668779152168	0.7053172525028968	0.9244312505285092	0.7914422366018837	1.1049842618636818
0.4872961768117245	-0.7954507702522555	0.4309339214256135	0.31660570240108776	0.7386114595041701	0.5416498056321836	0.17582454245951987	0.5362060712152427	1.0229986245722364
0.3421084378942785	-0.4157945619574313	0.6517587168584879	0.43587341571627103	0.9622978271898729	0.6297740558086758	0.8704971048618555	0.9380577383535982	1.0622540195403838
0.2673109125951683	-1.0127797262542395	0.6174937854304279	1.3192655510947573	0.7934272243387158	1.1626045032570258	0.8661404684994845	0.8328522105606228	-0.3577673332743264
-0.23690305047091226	-0.22429615657000213	0.25524590132679353	1.1805814192627595	0.5329596558710258	0.5652137026000076	1.127058701154404	1.126433726559956	1.4298499734532506
-0.3850132583166872	-1.3192608771896293	1.6744240887987671	0.6267830195827102	1.1041028321679192	0.5340332511978438	0.9816326074197752	1.0683856441164508	1.1329246734070575
0.2905641063485478	-1.6234133970721123	0.48155863409567895	0.9695576056122732	1.1121494600909103	1.1028948974950992	1.0264592744752494	1.1160531725313456	0.9877011288904718
-0.07533956791773817	-1.0327944505940974	1.1622515205906367	0.3523976253330924	1.032213380096845	0.5479566999648238	0.6897613832915168	0.7300970136967457	0.2152982769563465
0.6089786846333183	-0.4849932911967133	0.7980962261033236	1.3611920130811337	0.5517646383634393	0.8489789524910062	-0.05420409396102897	0.2975175909906402	0.8422199566772295
-0.15274672537535036	-0.9893985852015384	1.504932816695681	0.39799815914468856	1.0282428475885133	0.5942997342429293	1.1098380001978765	0.641524818126592	0.6461299495095519
0.3641361566650965	-0.8211962542757909	1.1932332841644235	1.5196527542459461	1.2202783081476392	0.5977624593738179	1.060597686673045	0.8241849234018992	0.08173426164331438
0.35159681377526913	-1.7932558011725148	0.474981158650528	0.6249707703203302	0.646678250594139	1.2960372800941355	0.8897051021344288	1.1057308020573355	1.0693459722627958
-0.13097945237844766	-0.6909239927645999	0.6385063831094863	0.23530799968748026	0.7186913893235306	1.0028786757582109	0.72666759817673	0.8523123299949205	0.6307651462367261
0.4559590308290795	-0.8353202509400538	1.9019158369159663	0.7564385356296934	1.0049385641744462	0.36637400786004104	1.0915471815264888	1.024335374264899	0.4026505156307357
0.12834843135655444	-1.6215837966026865	0.7325266584131321	1.0919810673833117	0.9478438170173004	0.8867945347905769	1.0057123083679662	0.8229222534259424	0.19417999689483187
-0.8106234794506276	-1.472095313186207	0.8128211611621061	1.5537453797394023	1.0637280411229355	0.8541883966534998	0.9977822784997316	0.6730066803245838	0.4100107263188417
0.11968020094242945	-0.47705347519656205	0.8343645133883941	0.7632354116288167	1.1189992844614405	1.050241556336318	0.8450772863321206	0.675526918360329	0.004506920365729282
0.8811772896973099	-0.647282959036603	0.7327456800086205	0.8256591783350722	1.0235534062512457	1.0550158374289258	0.15261778026949369	0.3890398881715726	0.538580703769374
0.2194471024124404	-1.2026705603249035	0.5724804455648725	1.6217392401359338	1.2033971460309345	1.2591525650643018	0.5833701858234711	0.9218232240031684	1.3918883447578778
-0.5918350153094055	-0.3957037324441615	1.1472019161117992	1.0459635530887328	0.3344012343983118	0.6233694614896804	0.8890556429956479	0.8060660651628319	0.5910245107525453
0.3173682453803912	-1.3213234745168474	0.654683975756065	1.0712079719602412	0.12976626863997404	0.6765803118849602	1.0205744631917577	1.1270101345355692	0.9912181846667986
0.18550916390434852	-0.40300528150666376	0.9855323561632624	1.0543025352382371	1.1714573717344825	0.6035468546849924	0.9617728706041414	0.2966543901955225	0.2960445499400885
0.9515245987552076	-1.0133635559237364	0.9444067843725046	1.3416974695528348	1.2005715895035838	0.6327939080389317	0.8927546107638319	0.7227467807693052	1.3129142001535672
-0.2299080979138703	-0.5698769087939639	0.17013148609170653	0.8503033837649366	1.0197081502040377	0.9233829900946444	0.4339444150096774	0.41085806983830775	0.22131938640078608
0.6521904762202105	-0.32170195087231945	1.3310566208535508	1.1956595464792057	-0.1380439630681489	0.4050151740029144	0.6343553126759685	0.6851814805733276	0.7848299480422231
0.16578125893349255	-1.0037409997009188	1.5334268255433539	1.511851548279911	1.1326823992533162	0.8178964538565339	0.9197273846078572	1.0279379783881846	0.6265189790664627
-0.5801854569468532	-1.0162868505987692	1.3984737677614678	0.12457097286725005	1.0025260384161299	0.4374979548480345	0.7207019085547947	0.5047161762130711	0.6691607400327781
0.16885982284552567	-1.6060741240218177	0.9592420387583008	0.8237258196171385	1.1855617842699848	0.39387623804239535	1.0717813973671677	1.1739328917412963	1.2542929562401204
-0.3417111299919882	-0.7375051739828319	1.264352237415119	1.206032602722894	1.0341930025510493	0.6708209419260476	0.9969028025826322	0.8676284994350514	1.4424687281098911
0.5369070003272632	-1.2913544877501972	1.1280733713041855	0.7187882414405772	1.083136035819718	0.9221687549472763	0.7949737637740503	0.8804076053712223	0.787654160401327
0.38750965566834733	-0.23189931752361898	0.1206164349259366	1.5519092850919909	0.950462540199572	0.8988750812276124	0.7981795561100699	0.7720577774988482	0.3279960121150308
0.37671646370810596	-0.9344668340507328	1.0587118013393568	0.8705270940670881	1.2393316178383718	0.7606579120444557	0.5043359343070583	0.7287653050254047	1.3499384892438702
0.02521018007966204	-0.9304852895830178	0.8866835440612942	1.3936270705598484	0.9724062703721456	0.4521605362414127	0.6913614669609154	0.5070789061560451	0.7910117621421014
0.4521420341557387	-0.4936892100884258	0.9822915911773528	1.4280052131635483	1.3682792516020503	0.2701884344885567	1.0102513770726915	1.0485242101273806	0.3561931133901479
0.3656158249981929	-1.3923019145424578	0.718498675584784	0.8678372718845425	1.1258667556431183	0.92424358415298	0.43572084994335175	0.4881871618931803	0.2769979217208655
0.4724652129525715	-0.4320650187674176	0.915013690976986	1.6742383065881028	0.8921277468536382	0.575863380284742	0.7109241431124156	0.6343421885728513	0.2199093124785501
-0.22837237337115646	-1.1287242860412263	0.9018463426378824	-0.2790830774327244	1.2695424815831482	0.5959870496605795	1.016458941575198	0.9041657092474076	1.370997052205796
0.10435249282574276	-1.1518102353228898	0.7452511123856407	1.7430996997426809	1.1263146030936075	0.7366773050442726	0.5871944238000716	0.7925628127849822	0.997269308988518
0.8133783821689472	-0.1572060355184899	1.186931607036807	0.5721657926786146	0.8719113374299345	0.4664704876711022	0.3593578639998609	0.5080096259268373	0.5004436756348934
0.3189863294310815	-0.6654323709891067	0.3314991951129087	0.5885133728929125	0.9223373387561694	1.13430866607037	0.8110913571671428	0.932887869003966	0.9693892398546752
0.7424248036439554	-0.6888722293900115	0.6492944993177796	0.5210117941952517	0.4028552815856005	0.3294473311284355	0.9038308384029172	0.8180097594642912	0.4143769529982268
-0.3406301075495949	-1.1674417564327189	0.6348757273424362	0.7767588824922346	1.034073608360308	1.3185176298652916	1.1175682666512328	0.5922498604644508	-0.7438149329953269
0.26979204667316226	-1.0042056558914874	1.3643290376848285	1.7682559534405862	1.3400233683679832	0.9294159958497528	0.4980208867495146	0.8205990361954207	1.000762290332026
0.2440900589627219	-0.18283381734061485	0.7559157931254349	1.0276528074252127	0.8504076646741001	1.1200888311869563	0.9096069504157562	0.915504989310032	0.5850721854018738
0.04228899794447764	-1.1497767960410212	0.8750847425053031	0.6089058834206801	1.4065049472136952	0.6363695000363342	0.4762243265658866	0.6253552175180488	0.4788398424023734
0.1267087872252419	-0.9835085262884516	1.3711028959059175	0.5136307062628609	1.0300388478186084	0.4651742249802093	0.5221337295732333	0.3587703280963014	0.6846746797270912
0.866025727439306	-0.4241713473803193	0.9523846325126816	0.7938004889129701	0.6831885489779598	0.49554413302856104	-0.057794362458560275	0.19212644029026396	0.2628187061006158
-0.13907504705124898	-1.1798565298789987	1.146634508237679	0.9346997315123504	0.6307023221952494	0.7777847322916109	0.8078188249992116	0.15933751059051002	-0.7633911987365607
0.5768362696394369	-0.8747165152771813	0.5688990202466854	0.6971504370550559	1.1238362594991178	1.0568961513965949	1.0707568877378966	0.6446659702151633	-0.1582471884124471
-0.10659694160208123	-0.8590898092574097	1.9695809327999083	0.4691214125715137	1.3233593733145963	0.5655969191053496	0.9615744754318308	0.7682287351388155	-0.07311061431650143
0.4731521171211924	-1.2590911105710512	1.1676677683314065	1.9519215803385648	0.9094405404322096	0.769709758904476	0.7699256511418622	0.6836741357241068	0.7103680399890675
0.11753669772697788	-1.6821195100656503	1.4620027872482453	-0.09451634598461504	0.7487373905173104	0.5625867989565289	0.9107903282098272	1.1099463959806748	1.1190840631211272
-0.4955573972872792	-0.3824372230676749	1.8304323268012463	1.167066733541195	0.9449675457804336	0.32115420744835177	0.7098613226912502	0.6411719174997147	1.2548060230486322
0.2394604628507332	0.004225075013610817	0.8689832212902167	1.764660006626851	1.313198625620002	0.5893141279534438	0.9744809555455852	0.7387575706681831	0.6399134307078184
0.2926011027657261	-0.8906821501360145	1.4239731638675448	0.5690702851954705	0.8000830927668966	0.7663505477306701	0.8939548635495707	0.8797582508495428	0.3227315277020352
0.1841767509219013	-1.1969487620588328	0.3551714947427585	0.7618774797022968	0.5235448436530714	0.7799424737755155	0.8164966754441467	0.697559923263173	0.13613685202400486
1.0743170195272285	0.3553370281888589	1.0962965539485812	1.312481852808414	0.8875813877689228	0.5823448201298748	0.5198495246200063	0.40938556999100256	-0.11360412297246575
1.1312453344059161	-0.6083357018473566	0.6282094933507952	1.1939505226336058	0.8590703411844702	0.7359389307618822	0.24971116138250396	0.03652451024078621	-0.2064207537925368
1.43548243487519	0.18221006390659428	1.1137235938265184	0.9747926088918456	0.7514645382509609	0.2610692214024982	0.5620012774557117	0.5453685698965174	0.4268706456661983
0.5528097157941421	-1.0418371897224659	0.8509630802747015	1.6056119159781097	0.30653850939820265	0.5578734381658913	0.7241960960186861	0.8117624088404721	0.7457443247236931
-0.1297298301055893	-0.08472996873243209	0.6913687454515882	1.0906093302338784	0.8851825343147397	0.8457395596704539	0.3710896318558058	0.5267235629836655	1.102869150980328
-0.1960855058371069	-0.4840934043659289	1.0501749899640984	1.8462626792648065	0.5620433494262496	0.4641208851531909	1.178735246584424	1.0056643150141664	0.8752947881653851
0.2039861529975089	0.3622747704470013	1.4121017981110981	0.6491553245782097	0.6534469950215559	0.5696856572147866	0.3137128358619758	0.5484952846478464	0.8540208059279782
-0.2884844653553131	-1.6909581428765732	1.7925895635184197	1.007761677493235	0.4960703484982213	0.4102588700364329	0.9798943312510432	0.8468547994145214	1.2361073798128788
0.5462996494502915	0.4717527980389929	0.3037765231884774	0.6380041557703414	1.4217281039838783	0.7201521043767438	0.7422638911515455	0.8869702978348072	0.7651451910258197
0.013571832959033213	-0.4672540981666256	1.7297839082182185	1.3222575194060548	0.9287587112704448	0.5527465271095944	1.183818115696317	1.1138098491369917	1.1660207654332873
-0.7202035197327262	-0.4702732933853079	1.476043347198566	1.3604208031284104	1.4527849018018009	0.5114386442628258	1.1159719836556334	0.7252038418856896	0.3369445100592251
-0.9654390879706892	-0.5938817377616394	1.456457174824333	0.25119592872979274	0.8722281851291978	0.5690336077586324	1.1036348444769766	0.6291158724911442	0.4115170979723524
-0.561778753716521	-1.2574420759787888	1.1381684880918073	0.9176895005982354	0.5241640718460624	0.7583458475549368	0.922115575996226	0.6394120820758658	0.435217282789926
-0.22093651716539206	-0.9401812759292152	0.8702213491118004	1.5624592991930173	1.3669155187549444	1.6451350037845456	0.8593953366948407	0.6935970370172777	0.7495965466296508
-0.4143114674748978	-0.8826475036122269	1.4786714266712555	0.2488543746707307	1.5469753127359878	0.490983325774186	1.0768209387977512	0.6273578824412284	0.546735058085524
0.43197430354019134	-0.8183862479696158	0.4432312922705783	1.5635304589890289	1.0161223499747911	1.4865065000652091	0.7434421000292498	0.4858515698021656	-0.0671711078196683
-0.04141348745398856	-1.4975314276735348	1.1915968209226608	1.1835831139811093	1.4157248496076171	0.7048944757184744	0.4543753170838319	0.4774986475205372	0.5853154309698336
0.10586428567896612	-1.803757111330863	0.9084072881512986	1.304599070525167	0.5648441050298244	0.6588774029731119	1.099164796008442	0.9494305608012442	-0.14869995619750265
0.32580556733105315	-0.21225589012821086	0.031727805060144824	1.1038921509615192	1.1852320591679917	0.8166374764126976	0.8138041260979502	1.1288606103849617	0.7227810676743477
-0.3720879899837237	-0.9781121478587812	0.2966736833912279	1.017349718561287	0.2351903851826189	0.8338928359691976	0.3923074254333149	0.4939965075863784	0.5306758481206167
1.7497219035474862	-0.9003599461419938	1.139352174942568	0.2282654534715211	1.2095671707215594	0.4628325850743813	0.7569084954070796	0.7716608050003894	0.3772185349250767
0.3279385061069999	-1.2761081738449844	0.9274467150660799	1.1050668499293776	0.477515600967494	0.5397502802829803	0.1053526009045511	0.39254371051372655	1.0483715134882499
0.952170107569034	-0.8204301199466096	0.7607457673091256	0.8916468888383106	0.4389924532508206	1.0572255254773737	0.8833049194837865	0.5393845649881098	-0.6814940428020978
-0.1352248478537501	-0.6724717651484673	-0.11749417727244392	0.6758383104282513	0.8384108537186955	1.084108441386583	-0.008516650303546555	0.3673275441274784	0.7767509435742453
-0.0533698457637937	0.06829319204390721	1.3370535722830963	0.8906736206229537	0.5911947685810149	0.4511386676907234	1.1653865200674132	1.0881781479615449	1.505979270470328
0.6341433951346553	-0.296986093606123	1.7797513764286477	1.2746574245575564	0.5948681669448793	0.5127810395475347	1.1974906596210066	0.9438895541882184	-0.09064899495238404
-0.8169750792019055	-1.256781472373372	1.6932308389570618	0.7645321613174276	1.2664784546348766	0.5234169406494584	0.9324369898188208	0.7100347596031775	-0.2908607326115996
1.4628337687532231	-0.3564566021463214	0.8094052148344396	0.5911900173626775	0.2735634555143928	0.130876342948613	0.8856073676712489	0.5689793695122682	-0.17313237895872982
-0.08172048937866201	-1.5512452285447444	0.258484150888309	0.7373390097297419	0.3599897464842394	1.1356939077915271	1.031487565911388	0.9099484598456856	-0.19300472895813595
0.010040938555547954	-1.2806680641296304	0.5258451959844086	1.133165498638121	0.997549319711793	0.6722146518219598	0.9733485067804214	1.221545927349457	1.3448672256033676
-0.4716813328047265	-1.3809116852584566	0.8396454672313759	0.8756616957254759	1.0496193361198565	0.6196595162122058	0.9767051098527872	1.1731366671648138	0.8422627904083481
0.0987518306825336	-1.2697332621135873	0.5625822505727023	1.903878149581524	0.9584517762412621	1.0866222253822118	1.0157444149009776	1.1676195418615125	0.8123729751166046
0.1651868475107406	-0.2145996352137985	0.6607305169808155	1.252623661278489	0.4641132453511821	0.4831065329544573	1.0625387667956945	1.221780289838977	1.4503582636650358
-0.24951052321550554	-1.517004721886904	1.3313428402150054	0.8318461144854999	0.8241681283390587	0.5981693109340737	0.8346939975400776	1.1228678128125196	1.314992417750264
0.22159685805127236	-0.9603651971836008	0.7777926187571588	0.6452534665749275	0.27138844629531417	0.6550554755637992	0.7857244440166905	1.1139936266704595	1.2481933703977914
0.053570094529197865	-1.0177225499509746	1.5175047281459833	1.2687145898486332	0.7261240354027909	0.3997645264826565	0.9998822267871808	1.0935574129768937	0.6354011941566632
-0.06651567372152144	-0.606638650107019	1.197963000718678	1.8550064054497104	-0.09630989062391687	0.26646483901893925	1.02900800632489	1.1197057103022356	0.970148991435836
0.07437621913196632	-1.2362298654920805	1.2308063580175304	-0.02301752774354699	1.0637258153990072	0.4050298353204011	0.7592909097712739	1.0726549709866693	1.3670344630948386
0.21495290360675853	-1.4912112207152932	0.4014085885762149	0.7258737721006063	0.9398006866604828	0.9148011901288744	0.9916303558616429	1.0820240429970571	0.6044574189554165
-0.3045365921809031	-1.2857308638203035	0.3457638075075064	1.6816357097839358	1.5178296168713246	1.5085635674892708	1.039260703965198	1.0970333376072334	0.760833678966477
-0.24951052321550554	-1.517004320629399	1.331342660541834	0.8318461144854999	0.8241681283390587	0.5981693109340737	0.8346619198532136	1.122826780380357	1.3149436435746833
0.14974487096675665	-1.0340095920711596	1.2745231762809166	0.9623895573698332	1.144299406318334	1.1898036486175432	0.9607979217612098	1.0713869819917283	0.8775749808737816
-0.06651567372152144	-0.606638650107019	1.197963000718678	1.8550064054497104	-0.09630989062391687	0.26646483901893925	1.0289906752523663	1.1196766185249356	0.97010490708483
0.6642386804734659	-1.0115871889499484	0.8907745224925291	0.6201747103783739	1.2022831712046729	0.47244269951490797	0.655750369679465	0.9812081170341832	0.947538721849507
0.6642386804734659	-1.0115261978092172	0.8907745224925291	0.6201747103783739	1.2022831712046729	0.47244269951490797	0.6556015352934944	0.98107731258774	0.9474874464341532
-0.1480464121989211	-0.5846377011183582	1.060151163112497	1.4155896114388884	0.9849906724446992	0.4671234218619323	1.1355205213006014	1.0332993324212405	0.18510018386253546
-0.036377052620660384	-1.2842288232273027	1.6821793218800352	0.7200065523626377	1.3649470249203834	0.5160578440058118	1.2279451547188631	1.040385025567783	0.1011679567174662
0.4747329022324065	-0.7746109267300095	0.6792257138605401	0.947107803115422	0.4903092210893353	0.8274713053006918	0.8796299719740125	1.0031520012311932	1.1382695101477724
-0.4619633420651103	-0.7420911460052904	1.1517745983145715	0.5457030628850463	1.0143093388546702	0.6642503966599829	0.9524856961357432	0.9923632939091168	0.33760640063425257
-0.11765877216687448	-0.7207268589242594	0.7789818754762217	0.5927208283306751	0.6282932940031072	0.298736673839186	1.0447502451735888	0.9821894217610272	0.6936209890864843
0.21495290360675853	-1.4912112207152932	0.4014085885762149	0.7258737721006063	0.9398006866604828	0.9148011901288744	0.9916025349294341	1.081991694677522	0.6044261534582492
-0.1295247937388729	-1.1523200998590002	0.5165041674956095	0.3490347985335446	0.8823552290043025	1.0898793128962827	1.0719452824213824	1.03544702202529	0.32192675380495384
-0.40660395425329465	-0.7877407410498579	1.4093461506869756	0.8238055134039537	1.0527100717552709	0.7965193682262517	1.1527307323974438	1.0431758822632649	0.660346996381374
0.034468941102027015	0.2381865558474201	0.719505384362078	1.1751217673557866	-0.10921654572527466	0.3609375660578396	0.7196918414859601	0.9953503029985601	0.8421902544549205
0.3826114209518071	-1.238924577141874	0.5340009205639075	0.5239535616959573	1.0351176318630997	0.9890136194798416	1.0620682433793722	1.0265260502264522	0.3670835113633907
0.6719929790700192	-1.1862939040286444	0.904039972383016	0.8929078704493746	0.7475366124578335	0.5615726402365868	0.9835738395693759	0.9030054032490408	0.42371251779735
0.4205377587741856	-0.9348567225929054	0.9134007649206288	1.01333679126457	0.0141181302510501	0.2967734475933164	0.9405743844495312	0.9177129249454309	0.1321852058370556
0.1606549185639701	-0.9093966664077904	0.7976499179464794	0.271187774038021	1.2026478719684008	0.5204822757294268	0.6394029115350062	0.8871009937298426	1.0362526941313122
0.4205377587741856	-0.9348567225929054	0.9134167558328504	1.01333679126457	0.014102709163830553	0.29677306842131235	0.9404907696259523	0.9175124304951566	0.13180626801139045
-0.1295247937388729	-1.1523200998590002	0.5165041674956095	0.3490347985335446	0.8823480748916749	1.0898793128962827	1.0719223263516362	1.035344549496292	0.321694763815974
-0.2744350544187121	-0.9168184589692336	0.6443026396069887	1.0849441687585433	1.099211485874272	0.6043773677643465	0.8744377954836591	0.8887172156411236	0.3497455425643493
0.474735273841275	-0.7746109267300095	0.6792418844459329	0.9471052930748924	0.4903069953654066	0.8274633426886084	0.8793765430450919	1.0029079776663763	1.138155078428141
-0.04400263753589945	-1.1740578239245067	1.321343489227544	1.1991026945757008	1.3988854993047135	0.6269958625356145	0.8761569162564438	1.0474510709095066	0.9587292685955541
0.12679826155982374	-1.311391816262826	0.8985261621103763	1.001796879929678	1.2076600432753148	0.6855647925189425	0.8681960249169608	0.9111698802866643	0.7497413058815346
-0.2201972220008594	-0.7965928828634427	0.6063910614996568	0.8897414543212688	0.948852228937234	0.9305573035816916	1.0294765533908363	0.9869410425362642	0.5619097671355738
0.4391242730769064	-1.1658729733414188	0.8998092082247181	0.556229231601041	0.7250657036747442	0.6243160012022484	0.5933691504809546	0.7115067166934436	0.6662611778255018
0.1512038416224558	-0.5714642834829873	1.1354794994141375	0.9873663431698712	0.3724041986368166	0.4135964684060125	0.6470580766740938	0.9809367385145916	1.1739990950003862
-0.1953841564144692	-1.1277246198442463	1.0961664705727536	0.8492419503759768	1.022592529435215	0.6882433899456287	1.089784885099347	1.1272931280557996	0.5816579931112268
0.13694206389172692	-1.6562000140375293	0.8157618719523921	0.9632505012714904	0.9971208678555388	0.8243426307052975	0.8143284670552667	0.9325832737535764	0.7473813861553623
0.13130022199452948	-1.1424261598104308	0.8948753829481707	0.8480810566310312	0.8935185063484485	0.7080240350485446	0.9878035334268591	0.8445302795671057	0.557630145883342
0.6759565842915903	-0.5342868393949503	1.0372809245181351	0.8079878654964703	0.7649376400921459	0.5775232689274387	0.43687184599665496	0.7055973951536278	0.956338396027186
0.4479945214464606	-0.5790168859909981	0.7780096639477658	1.0306974865876322	0.7704324755310036	0.6424013682754307	0.9060113609749062	1.1103637761438072	0.8503543010751927
0.07175365092509113	-0.8510524876835899	1.0280552462051389	1.4377943712290358	0.8851725185570611	0.918274911247878	0.8142241765662208	0.769494878759823	0.8785623452743185
0.07134767460697655	-0.7560289591873219	0.9172967979612936	0.6444411547085317	0.732839203475641	0.5554674654100568	0.9687793367392076	0.6149656537225878	-0.027845365482894957
-0.2713362240308942	-0.6783761355792256	0.6466283291328311	0.7253096404915758	0.6557456908989518	0.4838500892542352	1.1141295690248076	0.9974434997958757	0.5895278314031566
-0.05671575467554115	-0.650450084522058	1.5665086091401663	1.1215804065736965	0.8530936365150716	0.6134752208275148	0.947112911626459	0.8023660904267171	0.8473793890197434
-0.4491816638690903	-1.1468062867329225	0.8510850783578324	0.9581570015267749	0.8081686708586384	0.6788542063927463	0.7679147906482624	0.9760773261913726	0.488483997658536
-0.4586607689154133	-0.4742694168756977	0.8218894457772781	0.7857056082049707	1.1267155513613158	0.2910594518842117	1.0113465792346248	0.989272292570966	0.7778768141272326
0.5370102731134432	-0.9743795167965492	0.8424988568605402	1.278231722271724	1.1669299313031596	0.7952902189800608	0.36650480303854	0.5743609141071816	0.9044232886011104
-0.3238904297529653	-1.1561198746770371	0.6948747080379418	0.9754671822841788	0.9952862354172544	0.6816612167381091	0.9702062617103216	1.006056836904904	0.5911054883902083
0.29706705786579285	-0.9755517237205968	0.9018224461061352	0.5264777212035482	0.9304722007349014	0.7331794433076831	0.8524107624408569	1.0340854617167938	0.927682317253656
0.02907676493843378	-0.5760894449884153	1.0505758408086714	0.3083028020841971	1.0975689016149688	0.5855416192953149	0.6582915001815076	0.7320822018432638	0.8035486011961634
-0.0807134180128026	-0.9467346134977506	1.1310647499287023	0.5594245131952374	0.7463000638352192	0.6358737958364822	0.5927380866033608	0.7141513546425696	0.9379746062660926
-0.2364651652334769	-0.7712288609744786	1.4579520556073218	0.5813076740425284	0.911627950113176	0.409670521476945	1.1440341826374174	0.8882924539822584	0.7817818747234031
0.06107300258569704	-1.3840035080855089	1.0732320886563336	0.9217485498896844	1.1994534811900264	0.6100505392876908	1.0822999901464567	0.9351818859057798	0.7498282239636591
0.11658762297799195	-0.6454023988640663	0.9001374711081942	1.1187679061602658	1.1623958137000516	0.6520815031460232	0.7901491884535404	0.7907109257672877	0.4585038250799792
-0.07489090263999176	-0.8574003814096636	0.8603305207196423	1.1843794243391288	0.917753142364668	0.8667762752318422	0.7360133030216335	0.8607617544781158	0.933236320170419
0.1079187457614483	-1.1059443624832306	0.9761268250060628	1.0020422363914472	0.9998793347044702	0.6144331357002017	0.9356465828286396	0.7254872696115513	0.328919282246375
-0.22122111022960408	-0.6362733893721637	0.8584660522238399	1.2965324277731258	1.0061436347014991	0.9108301217313348	0.5975473072017223	0.7987888873328656	0.4760450196106068
0.07586386469489285	-0.9198060885975377	1.1298968743169926	1.349602528445782	1.0407685859375202	0.6427150699133789	1.0134776930472262	0.9404814741877766	0.2775879016524086
0.43296304883752207	-0.5984532645139249	0.912283916489492	0.9670704692024936	0.9708124930589916	0.6728234756696617	1.2100482378800086	0.7518335647047877	0.7105872111242086
0.2416893439854484	-0.9575193452069956	0.7559156134522639	1.0276528074252127	0.8504361221443298	1.1200897159216323	0.9113630137378677	0.9167589751733616	0.5850728107118169
-0.08006941840461976	-0.5684746475671592	0.7607585241042689	0.8258355086822775	0.8085279662928258	0.6311728213313075	1.163579831770298	1.0451146104072289	0.801211505282923
0.16507171668021844	-1.0386426449741823	1.17471742487003	0.8700941120757298	0.7226900613415311	0.5529804762360416	1.209824454206721	1.1292649643791537	1.0786609018337892
0.01742677537426901	-0.8882598923319858	0.455199501866212	1.178958364305299	1.1624287226181391	0.8573434868985036	0.7914303195777231	0.7916256884811278	0.4585038250799792
0.3722919039628337	-0.9063481793912572	1.2329667482260231	0.9048726061439034	0.6728201730368834	0.6646858125112043	0.4344067289705934	0.7063213244924909	0.8549231281762204
0.17241033692237706	-0.4448193898152668	1.1896707245291946	0.5136332163033905	0.8867174889240669	0.4769078290336156	0.6726174559457296	0.5427091689559254	0.8042408193034428
0.342015298345991	-0.9729930383649332	1.1003638155212396	1.2358179986675368	0.6941160585659554	0.5063889579046702	0.96085295551782	1.0110447740950017	0.8996724963065698
-0.19548290158371853	-1.3891803986600493	0.9882606932653883	1.086957535018359	0.7283686779847786	0.4664688445924183	1.1081962611436398	0.7759036453270955	0.4479983053768633
0.07670168942786862	-1.1591354585781761	0.8215177019864123	1.5072791957001563	1.5405488528527325	0.8765375529112835	0.9695229005612532	1.1642268761609829	1.0245315718983394
0.29649140371318217	-0.7845809719519912	1.089925522976946	1.103578082140252	0.7837254527142532	0.5576767742865008	0.67189836846295	0.8533431341637381	0.8102928815900776
0.325904743701915	-1.2456640981926408	1.5079924711251902	0.9495114806775918	1.0122427541869703	0.5616153602823671	0.9816963067126472	0.6754402943368754	0.6043955132710256
0.5832732473099784	-0.4026178005095201	1.1464851998325511	0.2225093030269877	1.104092498449679	0.40819832297621184	0.5628290642091441	0.6355299580774008	0.8601566597470206
0.16822035085427348	-0.6751093644800764	0.957241737345198	0.9106463268721438	0.6572350181677429	0.4101481518112747	1.087368720751817	0.9889290530193859	0.4911568850113509
0.10700869475838844	-1.1844857039594752	0.6022048562877749	1.3268916817338514	1.00876728627247	0.9701791349174896	1.0660165353487736	1.0590766010345969	1.1678616779064852
0.09981560506042922	-1.0104835970592223	1.116254829460022	1.053896222427506	0.9060432908157716	0.6728756750155411	0.9018380691166012	1.0789899225966126	0.8858900398453706
-0.029514263357832037	-0.4030601200323209	1.3262828843723933	0.7778654966107273	0.7908522207336127	0.5375589188813908	0.9653947607076808	1.1389345066864336	1.0306417880097043
-0.01158533151408606	-0.6351877203166529	1.3362538469988317	0.7149522720011976	1.0899594694636658	0.41086491328943897	0.7589497612910715	0.659296094757766	0.8778360477751265
-0.2184243365713021	-1.118377326269728	0.6390439652372149	1.6174605622981433	1.086320410840414	0.7488106827805274	0.8921507597106394	0.6719752248473191	-0.058183215349043214
0.07681811386322808	-1.78675342330709	0.9156439844609672	0.8661938228477787	1.1388282589412877	0.7511145318766269	0.8984528849772663	1.1037532125093659	0.7106475535337412
-0.3769187416479168	-0.6656963984272708	0.7077128951277142	0.6534211384582854	1.0715051974702865	0.7454302379744995	0.6365846358995371	0.8257032319433115	0.5371362378002538
0.1931660109364897	-0.7186530263869064	1.3336692484335315	0.7549855359181139	1.043405909812624	0.6757348847067832	1.052486440678072	0.7318113660807112	1.0136896354457052
0.14597207245869112	-0.798267062926006	0.9771516807736312	1.0787694690556981	0.9225266842703806	0.602232518128577	0.30469961396101297	0.5332785482972939	0.5657454183280334
-0.025686702244986342	-1.0380675092172895	0.4030817051448678	0.1268798963994272	0.9057116579504108	0.5195712517945639	0.7958638815777869	0.9022083102612956	0.9673982529950748
0.2468622541291147	-1.1001991575293797	1.0366475765902463	0.4916145132675006	1.3421343085339743	0.741596050670392	0.9506341598877996	0.8298940761456641	0.0031096652973316772
-0.1388467257974607	-0.7629716502880236	1.0208471179296643	1.044512122152485	0.9520219777721138	0.6482925637010557	1.0366795903747894	0.9137015162202328	0.8011577286277956
-0.04760791421753103	-0.4229364105330197	1.2048408897057954	0.5437615465353913	0.8796473178846063	0.4600203927116309	1.2779630861029787	0.8631951513875915	0.5791492496185391
-0.0902962270469181	-0.5864977971581496	1.4418707677804163	1.0690866739576526	1.0719791176867963	0.5234982098489752	0.4425337857685706	0.6555790774506207	0.5902797666100251
0.25490826061648514	-1.5790569212130414	0.8401559187102787	0.6808031705958244	1.1264026781690677	1.388470314533033	0.9569157615159116	1.138082595237731	1.1455393635490658
0.04919857258225596	-0.0715237817341683	1.1192533950113799	1.22403398589114	0.6080145643094029	0.6029949066378854	0.8609794575342833	0.956212201454436	0.6298174890175914
0.355899127863414	-0.4407300408312597	1.2992307527222544	0.37556655444167736	0.5641444328148427	0.4545734604839865	0.8984320572848477	0.6628496336447091	0.8724924616542984
0.13834734994667694	-0.7211535294043726	0.4279768603767636	1.852063069173674	1.2194411179899265	1.0280617635736389	0.9977135623174448	1.0861770027580746	0.9853008766729536
-0.09094496987283783	-0.8101085731504155	1.1439552219112452	0.5005185682912333	0.7486854039655496	0.21513303868464856	0.9710077478010646	0.9848614146649284	0.8705017874496694
0.15716865352737264	-0.6537020090935294	0.9729705064105382	0.4543055845904117	0.8232600329761921	0.39985312634091663	0.9857779263189193	0.7537715329888967	-0.38598256853780055
0.08464593233470265	-0.5595235289023884	0.6553175033571249	1.5379898553350269	1.0543149776880685	0.6829089454124944	1.1336610796511561	0.9807133397172636	1.0072398760351051
-0.10893405434151952	-1.6726759146899777	0.6282010487117566	0.7768288498719975	1.2891450681434014	0.9109530998512879	0.6822947315728619	0.7534871283003644	0.19914683377479675
-0.4595884991845833	-0.8956560044131213	0.4845602540909449	0.9994992515798844	0.93442635827433	1.0425869583109133	1.0836959016193703	0.4840187878322499	-0.12780241054598745
-0.32813259121617444	-0.8343937473614508	1.680915680468165	1.0494760410548594	0.8118487463942885	0.5932026632447867	0.9483330799429048	1.0181988546284813	0.981283260286982
-0.05157496905200186	-1.2798664853875246	0.08033137422926782	1.5877027767993268	1.0833927889729091	1.082439958178463	0.969798069344304	1.0021434501009825	0.5262989911721953
0.4739931758662615	-0.313373182597507	0.5463538104187213	-0.4797614452853479	1.0804513358209913	0.4023463086576633	0.014485331582186943	0.5459125210011871	0.6877887232449339
0.1016003485343286	-0.5636865755147786	1.00052266849566	1.193852631052951	1.0253525860869526	0.5997887545630141	0.7845596135107588	0.991652173636378	1.0766964906467804
0.2679462881711023	-1.3549875078927796	1.122209917040717	0.889350515508782	0.77982964093781	0.5234461368937637	1.0810644671078626	0.8001419806315504	0.1337781829177191
-0.4703870811649804	-1.4066404502192915	1.3044295959260748	0.9409625963887992	1.004476567478982	0.5914832445974674	0.6903285958492864	0.8182148130736948	0.7671930810902644
0.31309999621962925	-0.7946942661031895	0.920814079957422	1.1780494158785133	0.7512596126692497	0.5799891508598998	0.7254100312301016	0.7347803556364534	0.2617572424717931
0.6725367243033091	-1.477557497846666	1.3620407201785607	1.0070011352127624	0.6500789977767506	0.6079600376391564	1.1397848773031314	1.002601862696277	0.4153827640420921
-0.033901955365240516	-0.8478796108405661	1.1399262307240163	0.5576690535998399	0.3571532203175264	0.5071785204075961	0.7025127959142697	0.8722170759957177	0.9429204952629552
-0.5712380234886716	-0.4437642163301214	0.7707426028721928	0.8137917067110659	1.1432448901170222	0.5384426424319684	0.7575190356461584	0.7033343154030477	0.4317887083705823
0.08494906706824971	-1.0303182905319228	1.2812720599312324	0.5228817743898128	0.5595842424457139	0.7187995978385958	1.1768013117285172	1.1775308281540444	0.9625480364195432
0.40377134647758456	-1.4770432194780028	0.6503987706269442	0.7808571511669588	1.1239764801066192	0.9367690257413359	0.6422353256770076	0.74040462117929	0.7264869670535636
-0.36749655521443614	-0.7304390293231506	0.9858670872808958	0.8140731450054486	1.2346744494980684	0.5728847314122505	0.6152956937085099	0.8626441444414125	0.8497280531669357
0.6060299124066304	-0.7318957278181079	1.2830337553732043	1.1363140307274535	0.6343878030604405	0.6458711712837266	1.0099873062571336	0.82439312500213	0.6666491826453452
-0.1305253970805457	-1.1637386846733413	1.3795198652760978	1.1046573995679851	1.1149228710862196	0.5808065193097832	0.6291676969941739	0.7440343631545344	0.937007564438714
0.06721590075655265	-0.6501372374208089	0.6992511871379471	1.4848714363821764	0.8971933355348383	0.6453285761460508	0.7238392887624316	0.841479008044223	0.6677781797480492
-0.2379877381270113	-0.9870367835282344	0.9769091219927376	0.9052513085088086	0.7806173882282517	0.5544706222116293	0.7306286604100963	0.6242525523172432	-0.02382305927234802
0.7865697155201732	-0.5941479052398292	0.990921473255206	0.9111872406062751	-0.24760395161096405	0.12177078005469745	1.0057086597211191	0.7989143727603248	-0.01315589694887827
0.35075747983664984	-1.173527227750648	0.6836215976630168	0.9338230998573838	1.1628412764463318	1.2195434991859708	1.2024154207028594	0.9270967599472848	0.30576874486899885
0.2643474795136573	-0.3337800692720644	1.337562766049802	1.3646135120780614	-0.15551541896677318	0.3533687872959997	0.7377866974162687	0.6498111983952163	0.4957460346855375
0.34404129912205195	-1.055994490759628	1.0768627444233836	0.8534785850348959	0.9367409521797876	0.6278594899699818	0.7779353431329246	0.33300282910965057	0.05526145253696266
0.8146823358449734	-0.3762727040212989	1.0986071509280566	0.5343394818973598	0.891244134453986	0.527059266919559	0.4872908244800464	0.5840430483777707	1.2453497734304442
-0.5576103277290395	-0.5435953447440041	1.076453628612943	1.0596219386306176	0.7236827342136843	0.5471754792459851	1.1390580364458018	0.8848716734670996	0.8112292832302322
0.21186938087618234	-0.7346387241209801	1.3096471251396822	1.094569546679474	1.2673193013390434	0.4960440081204567	0.9818531985270716	0.8886519762450138	0.7721808658533311
0.3411358626574145	-0.2761082643734218	1.2961310311756051	1.0088977845879503	0.19900917597966872	0.2748297525984405	1.1350685451724187	0.9092654543875768	0.7996688656526986
-0.3406893977713057	-1.1512944856767091	0.9679626557875254	0.5584587751014691	0.7136536221914377	0.5190357345342954	1.0026422761000484	0.98990634134414	0.582680374868591
-0.16585223598231472	-0.9756592607318854	0.3056634508306588	0.5339952925897365	0.9304768111630392	1.0763395861973166	0.8526883636551393	1.034283568036096	0.927682317253656
-0.7344441685844454	-1.7058811769854116	1.0376161946552815	1.071935256203696	1.2604028642309366	0.59661167234178	0.7263196084836894	0.781653613400207	0.6855763766653904
0.7437723086828383	-0.5093330364284024	0.9640252979175232	1.4193333368888046	1.012439094833529	0.4129205311136085	0.6128064043970863	0.6362514992852916	0.9385076829927912
0.3688690255632652	-1.0414293783450788	-0.07468596623496833	1.325865388912306	1.4666031498321983	1.3493314219396195	0.8861429586230105	0.8477576214734994	0.27610841832646144
-0.6132633638389284	-0.954356499801592	1.250918433763375	0.8915273481580879	0.8678411242856576	0.5851807739382069	0.5565544558208222	0.8828281932145733	0.5999589392230147
0.23009066741316436	-0.3488159904922558	0.6561111197535747	1.0531526229206083	0.6597918980208559	0.6777025346260326	1.1201881471143915	0.8851718181097684	0.7079502790931359
0.8342192185015174	-1.0925661697679054	1.0680264178720142	0.9861615237156576	0.453484936651302	0.4067177826913912	0.8986090166569312	1.0739906960601002	1.0440590634639921
0.3769868271191073	-0.8784130331639806	0.7500942027108168	0.6254536393672147	0.8854106710174208	0.8694390738250297	0.7414631651955622	0.7512017955111777	1.0372219245434922
0.4381734735214708	-0.6399632196338828	1.2343437634088148	0.5797486251185731	0.9383493556787582	0.40071586904060796	0.7164711505086481	0.6184031511545536	0.111707868467466
0.4347831508436417	-0.3208898056825866	0.4996634011747504	1.5901215146046739	0.9360408030239642	0.7591048235162094	0.3276932343643886	0.4800956314016229	0.3963470787468775
0.5738301475982942	-1.7514957288745594	0.4996916098626025	1.3490001187186749	0.7888826140370871	0.9219514893890036	0.4869746084199657	0.5437367165825078	0.2403522578012558
-0.2747256843054984	-1.5891090904710077	1.0227484194255283	1.0392946891566202	1.164302941146296	0.5738468171769809	0.9478636207152468	0.7460865275196877	0.6059669171586441
0.31290660229644873	-0.8540303533792769	0.5195350742177536	0.957003637903418	1.2181802453843775	1.284565304723466	1.027880118368285	1.0054351629922231	0.6024780003297676
0.7615162550348464	0.014420626953294968	0.8718831462706782	1.1120588815796788	0.7356676216480428	0.7174492399418038	0.42420845697908777	0.40761542218340896	0.6649111336578267
0.3331780368997885	-1.2107564340568049	1.009058940851405	1.520336426535199	1.2194735499671718	0.7966068305685	0.8135961532276662	0.8434965445102766	0.5816511147018502
-0.5762548386486338	-1.3868234120768028	1.367174521694467	0.9245861507084112	1.0588945636514318	0.4675722351239605	1.048181797533272	0.5752677525682499	0.3808415807367996
0.1463579979018272	-1.3313331104793036	0.5136978522372557	1.0630337112204933	1.043874901640435	1.0221000421552762	0.8945091538164236	0.5507031117318375	0.4926660705596068
-0.6723869261265607	-0.7011397413320262	1.0828122621357767	1.223915386476116	1.4158634804123122	0.5798699644599864	0.8704472400216121	0.4322822098945955	0.3604180200223375
0.6283616283142204	0.5444734981504824	0.6637059046931106	0.20666592720407587	1.1924775854569696	0.2674391846784646	0.4456419768014309	0.7594737384425598	0.9728562708355346
0.06032184937682222	-1.3054162895012151	1.4930366560416313	1.1954239164244882	0.5356208267882215	0.7116309719316083	0.7571993229661826	1.0525251979174266	1.1479833874626175
0.6542522667301043	-0.6237886633675459	1.27597008432724	1.2849012137139697	0.8774346303390221	0.4726102935406611	0.9737627802245176	1.0517480783887234	1.2333513262375997
0.01162021446111855	-0.4780563514535806	0.8868738179494176	1.094384431190415	1.168025941357712	0.6757855673646468	0.4073989889276168	0.5143799652957355	0.7998539573959278
-0.3207417955789103	-0.7816844277772789	0.8127358164058658	0.8530023048444021	1.0977315384420367	0.3658590922786547	0.6258487966058943	0.47668559747584	0.6102781165630148
0.25715180260602344	-0.4339093320120199	1.250813863977834	1.225156601518009	0.45351085043704203	0.529267438279991	1.0651565188815255	0.5617283525715903	-0.1011004253454008
-0.26726568080943724	-1.0365874040345524	0.4904325123397941	1.378781435847457	1.0349979197117969	1.0064819473119029	0.7875974160648607	0.9938226590360736	1.0767002425064405
-0.2184754339623766	-0.7423710899911452	0.4507096489952853	0.4379925174333963	1.2294956668570711	0.8255336099697558	0.99615406984422	0.3973932446588324	0.2721480178003056
-0.2109166852970661	-0.8052454659446359	0.5266578577369877	1.5324210166650163	1.254891335862614	0.9321326368675036	0.7199698987810983	0.4721017971771185	-0.1088605217422739
-0.009343945532610068	-1.0185734833661724	0.9456565909502052	1.4850239213443506	0.8570366654348575	0.4694028775591099	0.7168612516673823	0.6425968718303875	0.17881550627697765
0.4980945431913153	-0.5309988016480462	1.4959412525245397	0.9527908486295305	1.1018054081327675	0.6498414813372582	0.5775249015474894	0.2896785510737109	-0.2144553612545372
-0.4260440321478453	-0.7695572222094457	1.116450852889618	0.33485118701083866	1.2255880905398626	0.559971017691833	1.116379111832987	1.148585812357197	0.9315026483525036
0.4245472869674821	-0.9496365077725272	0.546707946238826	0.3512392416286764	0.5899178389671241	0.45260846476876504	0.24874122942898724	0.4904943135153422	0.5149886975719983
-0.16864814723739174	-0.538406951454326	1.2586982820690742	0.9400680806950586	1.156046141292333	0.5877123790180221	1.2107948422410932	1.0648752001384187	0.9416270416451524
0.4175040398298465	-1.0486375681614624	0.6943022693150328	1.274660562108218	0.9849995753404134	1.2260869968490855	1.2912990423560249	1.0066681984338406	-0.1023898144485717
0.21706385110047074	-0.8758250560104661	0.5029559120339177	1.8980187737202103	0.8736901677897233	0.7845846766200754	1.0832261383378083	1.030445733012029	0.5475976731523643
0.1920354003086655	-1.4647535046207223	1.0810667372791978	0.2966107195421976	0.7540970927176461	0.5185867948815992	0.8028785571682592	0.8244745385580077	0.2356036540915172
0.7576960243494122	-0.5719507413313168	0.4603920565090459	1.3966290790332643	0.7028539327490557	1.0089509890110635	0.2361097660713321	0.5900534312782825	0.7499629782564492
0.046803894427556635	-1.2682020634752371	1.8465331990037943	0.30073032356142365	0.9794486198624992	0.5384380923679207	0.8786969825698225	0.8952189022135045	0.562849607980417
0.5041246821405172	-0.6927751273867839	0.8385884499661926	1.3256106197985504	1.4646039728034788	0.8169090899582054	0.8751845518716956	0.8399275913234207	0.2760927855778779
0.1535972261723178	-0.7708601053275592	1.655753351230944	0.9723183364397804	1.1777285078835773	0.4273714081381056	0.8246568741176515	0.7918780705043483	0.25152029338934234
0.023963791818897042	-0.8138327778050467	0.6725395361469145	0.8945017461856785	0.5627193335794198	0.8607934465719252	1.1573701388904638	0.6618707170488375	0.17265245147539962
0.04179829050951808	-0.845626282446062	0.39668659796831457	0.5876800394370812	1.0994930399512386	0.5841581470435097	0.9178135173096094	1.065717884717455	1.1098269747198934
0.05382687508940735	-1.0551101192190298	1.3670137142063932	1.0724407156153466	0.9107483122205396	0.9703867947849956	1.1985762840849663	0.6325609685216586	0.8077356765767808
-0.4901956208373631	-0.6169735721533733	0.5912467692596849	0.8820092744697988	1.2976416102605302	0.5239082211759308	0.7010797898650774	1.021912832496207	1.0926297006581045
-0.8765326459124609	-1.5950395426395785	0.8344378200421751	1.4113087373156343	0.9980253066719512	0.7032792029815778	1.4269534517263534	0.9001941388888852	0.7069788600961543
-0.015809166908766426	-0.987014045602962	0.3348765117088032	1.4215155033742364	1.0873254841744548	0.8216172687314555	1.2222607149580569	0.9041332523764642	0.4459497900024751
0.21047789327283045	-0.5064391673037221	0.5270200788497889	0.5137954276726169	1.1859697276700405	0.6466075233154293	1.0741703488902965	0.583169318096093	-0.0341966385774188
0.9148043318428306	-0.4274892119350808	0.7899951221678186	0.953079817045502	1.145844058724779	0.7949870077675558	0.3811845255199773	0.4733308162166461	0.9694752199718846
0.2697202516046907	-1.0043324532630071	0.19835454779746287	1.7682559534405862	1.3400980890998715	1.1801771033901778	0.498027119854545	0.8206034868031421	1.000762602986998
-0.4499231150416851	-0.2173454403192044	1.3609174035132667	0.7404944444305307	0.3790074445921144	0.4716642593907651	0.991733734188977	1.0272114438155333	0.9492773961469694
0.462261689197345	-0.9552122483068471	0.19276114231005584	1.0702601179052462	0.17258538149939584	0.7489299955711088	0.9825922015405584	1.022775056328654	0.8362376164492771
0.4071148837804636	-0.5413849509025145	1.06019176924915	1.2544625797214954	1.450183030529274	1.0511000017532974	1.0906905096521835	0.2919324039546249	0.22116243360500729
0.4212783475435556	-1.0642147857556403	1.1094207807266363	1.4113768221650007	1.1131677287882424	0.5849326690569449	1.0369225294440243	0.8925843595453071	1.1087486277226006
0.08599257497036053	-0.4799821199716591	0.3845778839529336	0.5394198039292946	0.6697757006631274	0.7509394808014624	0.4683774554403751	0.4366555290135217	0.09813176428756973
-0.6426478133196276	-1.1062454393643386	1.2492318417068946	0.013960703093765585	1.0324723589739648	0.4003857366158213	0.20852523577261226	0.4196527963498316	0.9933648737022917
0.06427381215485761	-1.2515805063485432	1.0196364801032487	0.9023584867984308	1.171832565196731	0.5756531926038767	0.8911338514289665	1.0967352554413141	1.7081135235503482
-0.08156072918125208	-0.9704699311746964	0.35133349613633724	0.6350937637762561	0.7847486498002844	0.7441110985727006	0.5935830524023649	0.7147546833673262	0.937974918921064
0.26739499690959456	-1.2356763976404477	1.3377156679183506	0.8625461064481199	0.8265798591959713	0.5679668705208072	0.7106834844474601	0.7401855644382754	1.3631100178904243
0.2726910151136132	-1.4121997391959145	0.6086646458058997	0.8551094838690114	1.3586766836726911	0.7423268415127031	0.9091741296835208	0.2659336904692818	0.5147185636764746
0.2445633027323776	-0.6977239699460912	0.7883121235747589	1.3342900261948831	1.100503836575382	0.6273538009073586	0.5280341996327771	0.3845970961516311	-0.00873745688922426
0.7839122199826902	-0.9695091869556828	0.9320812048396876	0.7144414787534216	0.5225380215359436	0.6433169422743414	1.2380154200168163	0.8094439678718952	0.9710191102219962
-0.06414126204260691	-0.9005740838970602	0.8562379252298682	1.7648382195044532	1.3241954506103455	0.6072521235077514	1.0009471755856736	0.7576550681556634	0.6399134307078184
0.4682974337675088	-0.07357327131622951	1.3465961940697937	0.7716139269166622	1.318758642973911	0.6134164491669	0.3217369704134748	0.4722365094742439	0.7260798902804481
0.6002628064410184	-1.0544299877483791	0.41491498018905626	0.4893912448683966	1.005570669770167	0.8049368603236363	0.5698054290077219	0.9220661620539072	1.1874373183377758
0.20233141680976088	-0.5954082550624332	0.9783869338244784	1.0994202000029492	-0.20089363740323676	0.16715855366414378	0.6872685973601981	0.7577488565720343	1.0673781218710994
1.1096380372072294	-0.6853617612329419	1.0907908289686377	0.6308530503014764	0.2376975042078999	0.470752856283898	0.7051314601618127	0.8149117022846313	0.6223147076624033
-0.36078382411273785	-1.2376570046841833	0.6505838339931075	0.9144763349652656	0.907905426842602	0.7121270553034643	1.2571182146386322	0.7199574437935327	-0.5684711464728761
-0.030914590594239007	-0.5324550988854986	0.7766978701260588	0.4466261155900633	0.6218378997087805	0.5145598618088087	0.5004201761053766	0.7848378603976894	0.9812069724738944
0.4830951951025037	-0.6396507737901385	1.3375304248790159	1.589710181712884	1.0186994203235422	0.6088498279417975	0.5001085208538548	0.5726858573328532	0.964487435208818
-0.23469357340875696	-0.015413938549244362	0.5583182468777632	0.91922878295302	1.1827869424521498	1.2043830649513845	0.7111345484139308	0.8855950600489236	0.7161574720994986
-0.026079311313115208	-0.684123213068099	1.0413422568761497	1.2296464365153528	0.11362023134082767	0.2666113258031381	1.0100323062349146	1.0905075526223131	0.7123161931175491
-0.10128755614807697	-1.2767945916832106	1.4215978845464978	0.7977032881814506	1.3784358658093492	0.6504955530441001	0.6958211775967166	0.3161914725779766	0.9806892158408069
-0.6376609666717303	-1.5255354564391368	1.0141411761672252	1.1743383209554816	0.8599067364407798	0.5343820894414929	1.2549071346492988	0.9713886652326807	0.2351784433300447
0.7242539676956292	-0.8302296307290477	1.1826584400101454	1.213266539529236	0.7120938666583351	0.6477250696017861	-0.034554914473862344	-0.06571257075348609	0.2749050093405
0.07655982409737502	-0.8743993880958807	0.7115846722902893	0.09752779620120892	1.2820904771714412	0.6808938989927492	0.9376115311827464	0.7216967630013006	-0.07626811687540654
-0.27553806814334003	-0.5633051133802071	1.5872930218920136	0.9035642475178429	0.11376235971169653	0.390939424481008	0.9439433017050064	0.6253995064924461	0.7589389898381511
0.22206729901044706	-0.947537128507368	1.2445524336405291	0.9698399851718544	0.9745394677774228	0.579198198059626	0.9098933691932524	0.41025973447831177	-0.4768979444751405
0.17363214669123286	-1.0378588553147896	1.4748219289818878	0.049591042166676	0.8470252002237589	0.6049600287437747	0.9863320645588202	1.128216249228043	0.8824877284436471
-0.4357697845164855	0.034714225258994744	1.7473236031743933	0.7692548025738929	1.0552777622674658	0.494384372259096	0.8397665288192371	0.9678585734498304	1.1788724480438215
0.06960454208867779	-0.8852683838811355	1.882462263341956	1.0844045100446769	0.8952478938409664	0.2337721232742898	0.585024239060816	0.7440825599796139	0.7922151711280631
0.4207617680118496	0.020235383207979383	0.8343244462712537	1.2035856269615886	1.2114881294522166	0.7299988221477456	1.1062895391121346	0.9823128447117376	0.8887595871753668
0.2412749592358912	-1.3872004603788215	-0.05386885296599295	0.9043021994335492	0.5852721172070252	0.7042956367335436	0.41909046964129176	0.5981016497581131	0.4975731903399822
0.8184989013167018	0.2612260930110274	1.0897706447035165	1.1066936699476329	0.9205201941487526	0.3916767876380545	0.8603122112421228	0.8371988260332209	0.1860046946955793
0.9384740663538296	-0.6298397602925626	1.2683007350217252	1.1651154907844876	0.6604033361800968	0.6343472493485137	0.11226055357474612	0.026022270083990686	-0.371812732566701
1.5531353636285088	-0.2664263220398928	1.0908551519638674	0.9596520444172252	0.950499741585236	0.5807722674387582	0.1949563742291602	0.3086307584707408	0.4201479384653293
0.5246718701750139	-1.0234320429868975	0.5585890143465091	1.892355808530339	0.19010262371883696	0.7392063823107281	0.9182531792546832	1.1489681304155979	1.1758293772045478
0.3987965734748357	-1.4457368414478249	0.9512553866327434	1.1879599971546204	0.7965942705088248	0.9035186743695202	0.4779144101908467	0.8486344997460044	1.257093406821377
0.23576873024580694	-0.6669729323025689	0.8615955995168808	0.2502998442607211	1.0440318151774006	0.36740004730277387	0.8033065130380318	0.3663035786973545	0.4160402774475164
-0.0902485792687432	0.417186592475068	0.8085999196818728	1.4443838551294	0.8235997738358641	0.5818431755686271	0.6347665455810252	0.6066545237329768	0.9462634022200612
0.2133835453382741	0.17602668575749228	0.8852935924101882	0.6952766917997002	0.6466904920757461	0.5119304303519703	0.6874660803707966	0.868240403721027	0.7385194936383205
0.637546869461664	-0.04586055549911855	0.3988574092207271	0.5864196853361497	1.0994924040301164	0.5835034433833278	0.8992308068904552	1.0524499717917957	1.1098288506497238
-0.2994408671258641	-0.789304976556104	1.2452950228564053	1.727626241142821	1.1168751489321582	0.8249744576545734	1.1971847813936596	1.003852809120187	0.8771894772937113
0.5797078567774977	-1.2050789078687651	1.2191755746370956	0.82244538519197	1.319777547592366	0.4805325870008658	0.7904730058612192	0.17534656366686271	0.4979230512532823
-0.6422899159813004	-0.7207124136540862	1.920829851957368	0.10482856283665204	1.1916513649386191	0.315193876327337	0.9965513162696964	0.6805360230749549	0.12188353717546906
-0.1008930066726921	-0.4251874651349965	0.5681587667820323	1.6150681799183566	1.3809512518092222	1.5750568131834912	1.107629656693678	1.022711987960701	1.0414118138188542
-0.01167286544141191	-0.8468428952006419	0.7765250245355257	1.7367577685895494	0.4750544272433103	0.8436793917822367	0.4605131012153881	0.7324210993385301	0.922843981567048
0.17482592835527985	-1.1212473874491231	1.0599991596098035	0.9823490859062428	0.301101701761769	0.7534705803186057	0.9545935498246944	0.6318865386247688	0.8188249231120064
0.5296015826092627	-1.0086132020768075	0.4281387459038637	1.4855365971225236	0.8628181423196619	1.459406444988395	1.0182283832690822	0.9639902354801608	0.4676471070715248
0.437835627058122	-1.1764065178526537	0.5438400030828081	1.010427654290749	1.4590291702834723	0.9229484589780992	0.7156784819811189	1.0238983462969484	0.9472785929130766
1.1569458129107126	-0.2984379770110225	0.8188723738893035	0.959989958623524	1.0464123858993128	0.5234716678086975	0.7719883528260806	0.7160291854467373	-0.00836852402265261
0.13346528529060314	-1.4541508100661589	1.329612587577964	0.859572335930662	0.8240178919738786	0.3303487493725314	1.0005569223999875	0.7488076942113391	-0.3161798448724855
-0.488901369197617	-0.8063608280555024	1.2914201803043086	0.6956061346192118	0.6327677940009849	0.41650813022447	1.3454502825100805	0.6866130565398783	-0.14112213764911352
0.4072953416552708	-0.6455025794877669	1.2257893440627952	1.2009463193447012	1.2771329950810582	0.5673340324461873	0.1428162986226086	0.5206218883491631	1.4128237216609654
0.03976517490685181	-1.744765436746403	0.7121989748620489	0.9365151183253926	0.9013120376647022	1.1134730380617521	0.32620823509762514	0.6166465722729395	0.8656243698916024
1.546185687240773	-0.8756839471212751	0.6836323780532787	-0.10306240647781202	1.3332873738783728	0.6714709691315139	0.6162025344769625	0.4966473329657514	-0.2199171309546571
0.025571742631695045	-0.23950408350725502	1.0998312642422996	1.590506492070904	0.9987049473715754	0.5351100996891083	1.0255372310116009	0.2952392054915551	-0.33240851383203823
0.7516977943195309	-1.0199503316176723	0.7641090693976795	1.535158529617625	0.2148086362670768	0.9825962597033794	0.8639274121597756	0.5817663997012111	-0.0762071491559305
0.9492444046286116	0.16093699603165648	1.293367837478299	1.1651154907844876	0.6567464717654166	0.6281743291239418	0.11089519951917663	0.024820497447830298	-0.3724661814574933
-0.1949061694270767	-1.663146048950771	0.7208461055643209	1.6727485975337777	0.6604815544781591	1.356874037833186	0.7310582885763406	0.8167617439283925	0.6742982865272753
-0.17847005756560666	-0.4486000380255742	0.047925700775050116	1.0837490757113821	-0.2766970250027441	0.35250351678294856	0.9845206634261946	1.135684477535802	0.8815697734468211
-1.20128394749288	-1.1859924258900316	1.1969135297266784	1.01363579984266	0.6537883256840338	0.8122864776671839	1.0156680973710923	1.049727936688882	0.8540708307234454
0.6032283955305916	-0.5190803837352151	1.635475796494579	0.7813522566614248	1.2481884092713715	0.3892384588712151	0.8348562102978209	1.0327768744953219	1.1213701962739857
-0.037832142461847504	-0.9034325086088154	1.4901918907246765	1.6165374948933788	0.4411590365150265	0.4444362969579465	0.3443190538578897	0.5255336224509592	0.835139572188769
0.02591196070391218	-1.3177208508861735	1.0279303733512717	1.9396179891725385	0.6429647891995599	0.6128385910328554	0.7025751269645741	0.4844155432278934	-0.3294076514139404
0.05618856632075485	0.3687124121016504	0.17970213689308506	1.8158190251912731	0.4791515080550109	0.41923109077562026	1.0049105182233191	0.8815486977704018	0.8752947881653851
-0.450427836529049	-1.30664333495092	0.6919569954135479	0.8141302484274975	0.8409082749468592	1.213245578590758	0.3682252920538923	0.08751946496010021	-0.3892360561730086
