0.2228180210177094	0.9322863352505562	-0.09154793399000907	1.1407671563820512	-0.3214822469925179	0.5368408934965465	-0.6401752573333066	-0.9191981234211588	-0.8794334041272089
0.025272057511047517	0.7213068780046649	-1.2726431789319412	0.7717548029413865	0.8288372202004078	0.7205244512846387	-0.6340245509108337	-0.8534651440598525	-0.9170901942252028
0.3919281785910456	0.9990447500980932	-0.6650506814178234	0.6475307008454182	-0.8460244875147461	0.015411137082120366	-0.7437311521472634	-0.9341347971394928	-1.0939941290562916
0.5161286882284973	0.7604872658042052	-0.5129289537779442	1.0333123213093554	0.9093027045289176	0.6920265154198688	-0.3735827707233626	-0.5779943449439986	-0.28199008575535106
-0.9883701741195744	0.618323203128002	0.04448549856929439	1.4110078462071474	-0.5486113326549145	0.4248912440601617	-0.6883687132669283	-0.6780482400238586	-0.7042131163185682
-0.05169764591074175	0.819214912950501	-0.19034751564311447	0.4223734764828181	-1.6854327381025986	0.1459240367073531	-0.8154267586385732	-1.022632200789647	-1.1542868264482908
0.036641550426318434	0.7615231789291195	-1.212895740675881	1.188880868273922	-0.00448494728498386	0.3042971048866844	-1.0218498661741	-1.0229030365521996	-0.8816194876891323
0.19387016316960828	0.9104737097841522	-0.4938713798728884	0.4182413222609441	-0.4679662006093112	-0.034868460941163686	-0.5674072527228579	-0.8807867735525018	-0.7791477586888903
0.11090546373003113	1.192891581908666	-0.4605240393292904	1.291975135436549	-0.1224193810894161	0.5020416244885282	-0.9158233813638108	-0.6962789062129976	0.2147445650015173
0.3649657885674359	0.7664728240034364	-1.1400998977199408	1.1846793741824173	0.4792871182343745	0.6389500183046611	-1.5596108506480402	-1.4489355067488563	-0.5557948633014488
0.7504330799902372	1.1451395312914026	-0.4699428663011466	0.3280605861130392	-0.3161083955472073	-0.027259616337571308	-1.2517646344076292	-1.1151365625572782	-0.6147331393561696
0.10717319817353528	0.9399306919746666	0.05680083673136248	1.1511882171508685	-0.34395569946009685	0.06793884591692086	-1.2187665763764994	-1.1758760686066874	-1.0624728801223686
-0.1381846157215553	0.7816043782622741	-0.4764170296729541	1.4125449322764685	0.3419899991131352	0.5957752189010302	-0.5993212065595477	-0.7375108558628845	-0.553437132160078
0.3165308518490278	1.0058278744643825	-0.4382903827798965	0.5575266087997844	-1.2401138689764435	-0.1900553467711658	-0.7754433662186999	-0.7652811283241228	-0.6754651169833666
0.3000535602335695	0.8020279839995318	-0.3186161924430853	1.3005488063755717	0.04151090954166463	0.2277990266958081	-0.5918212609384133	-0.7497028072340662	-0.10915691865541803
0.09666546168073063	0.7583532446411309	-1.3019518259370746	0.745755803135664	0.17022039084498367	0.5372803538491435	-0.8422357994553357	-0.7890373868263749	-0.3548168083066677
0.3326521865334149	0.924526683870064	-0.056758895922047824	0.5565034535289013	-1.4240949115788284	-0.23287334531906434	-0.7029897533449082	-0.7604112950657518	-1.1752078212226815
0.049720757734923834	0.9065353673744548	-0.0036670909405374266	0.8001192021912025	-0.3740379481578565	-0.7353027926147375	-0.8968811272032667	-0.6469224264435712	-0.5238265177580365
-0.42684089272763903	-0.06738708436459385	-0.7630081349183003	1.2371288673341263	0.3950619092496271	0.5683258200178953	-0.3212873235719059	-0.6849322446546403	-0.5137236976584327
-0.11331635632877245	1.2236705738250235	-0.01940915582053393	1.1183995577125452	-1.4022964893827357	0.3722440960441119	-1.1317291700279586	-1.0017800181012506	-0.9931478932537668
0.7406590330410034	0.8817690854151542	-0.7211737524678197	1.1185423162676669	0.6853819999095896	0.4611079844096743	-0.5024408152062361	-0.7665619263851885	-0.6637352404111874
0.2673087565871061	1.0920150439422551	0.029076547748391836	0.6348418184580963	0.02849821459313738	0.4710989139328513	-0.8024097549307427	-0.5306097014979262	-0.17243203182218686
-0.15846014674021322	0.7255422847204223	-0.13053916818207426	0.40985088428058336	-0.3402520948429157	0.6478895038608394	-0.8563188161503227	-0.9904828559848671	-1.1467534049058792
-0.2781787468179377	0.619971970215261	-0.7985246696557717	0.9647957449725328	0.2772913841145078	0.5148764704321207	-0.6166015020812444	-0.5801849123541437	-0.1997393170479284
0.6262457220019652	0.723733950898751	-0.07811520837729105	0.3916816421519195	-0.7205297464657205	0.07293671210120102	-1.4143951622149262	-1.6271858196322044	-2.1812571081765717
-0.4366341281486265	0.6165588738793581	-0.6735953984126075	0.9395265394507948	-0.818521693869947	0.5826322325088811	-0.8208691714918558	-1.1501614341556532	-2.0440234614610366
-0.10061272562460448	0.9224738504754628	-0.3009733650867381	0.8600379484489049	1.185401532147126	0.36772183794347335	-0.16781383516212772	-0.5231066281882517	-1.448871278721584
0.6986188162351176	1.0338373870825504	-0.2232666950201426	0.5969618555605207	-0.1531156116309066	-0.11571450450152207	-1.2465136234868668	-1.2333452463921994	-0.9023500755857752
0.07850928658722749	1.0143413549439086	0.05746850223491861	0.7601872811606689	-0.39534814191218376	0.07052467259330314	-0.5608592998749086	-0.7521925423242094	-1.3599887854100488
-0.0282471774196698	0.8493616567917815	-0.582931238270674	0.974129958192028	0.25891914594592524	0.3891162390952698	-0.9371364958402	-0.7372249314546424	0.3072279056217871
-0.1985884155965293	0.9882491844362185	-0.3946709473752099	1.3431746284045114	-0.5715068777675234	-0.2658236452450752	-0.8720770178289774	-0.8235583627895715	-0.032477348888200225
0.18006308753919995	0.7440932216827378	-0.41237216851214265	1.0788137085200318	-1.3864073642170618	0.28909597285700606	-0.6454837344419108	-0.6936263440110995	-0.7262255895990621
-0.048426981680365536	0.9599380599269364	-0.7152418427261881	0.6643934668784186	-0.5487639537243039	0.18429005036601484	-0.7266396740999032	-0.9746784223122864	-1.3964649903350126
0.3567082776891624	0.4515014655237996	-0.33121936702514737	1.2460862607191139	-0.7078118009574517	0.13154709822362948	-0.9031412930311524	-1.0487879881621296	-0.9556677532147674
0.3649657885674359	1.0331807960521815	-0.6575669344979853	0.9739056233196935	-0.15174742733594349	0.07484280976513996	-1.5645351556490368	-1.4524517039515037	-0.5557951759564204
-0.38368688215681396	0.9124006820747452	-0.6888611497161972	0.48975771078572	-0.3038127016642486	0.5277156136584248	-0.78701048888567	-1.054950885790652	-1.0438942963957372
-0.3957133107286411	1.0391900284441968	0.017755880261158694	0.8581428678490479	-0.4260493008423733	0.00202320557540897	-1.1953855912995248	-1.116973578032099	-1.1675555907910349
-0.11208441332202428	0.658457915026479	-0.5555704281127019	1.4902479431966058	0.5025185886799206	0.9522305225470712	-0.7805312522200075	-0.5010935967444496	-0.10996419379227253
0.06310202177304515	1.2267222709015948	0.21660035831579466	1.1934300029787774	-1.0247329491105714	-0.08299613145127085	-1.1389215651252742	-1.1008247107424527	-0.8225986707218902
0.4514674192330725	1.1089142712622768	-0.31695655136226003	0.9633973386424723	-0.5497075016897474	0.007211036933676343	-1.137025332953454	-1.0743822391018731	-0.7987296522196143
0.3582597410907304	1.191667211508993	-0.12674932198548952	0.9315916738265584	-0.7836422152046633	0.5519866664136459	-0.9250334781675644	-1.1231872777194891	-1.3803257406973577
-0.11444610455337174	1.0634372169447766	-0.3443240094275603	1.6653486842974152	-0.4619770954780249	0.4848494602660224	-1.1050066325468624	-0.7554528838585857	0.16377148700508595
-0.1537339614670374	0.7229789180272026	-0.4309793017774204	0.9897053871884036	0.8424130233028695	0.6123098988686583	-0.4805954543710283	-0.7679320622549035	-0.3083947360778786
0.9873593931564336	0.18031719850391006	-1.4198095205147492	1.0981545120658924	-0.1149724267849004	0.7086470146510613	-0.6474783280516504	-0.7284184813910722	-1.1700755898627029
0.3759258555516926	0.8051354558692718	-0.21499526091849888	0.7752544269497984	-0.9068328550467516	-0.403789044217598	-0.5524061452649732	-0.6982275125350749	-0.4703046764325433
0.2117290247513324	1.2470761915855182	-0.8462652685844263	0.8918078451872722	-0.8957608323836782	0.31923660823362593	-0.7031024053163121	-0.679224720181993	-0.8783237916327487
0.6989161297468967	1.1403676432917158	-0.2431703498875895	1.2135322900703087	-1.7564020123094797	0.16620796945020022	-1.4700449320344693	-1.3318428399379043	-1.051594675693021
0.8356775423547977	0.7909828361696659	-0.11777536578510955	1.0371991190694598	-0.5663013864393829	0.04613569734484855	-0.5768488865744493	-0.7572753534447564	-1.0534662283534433
-0.6957123461500243	1.0411149944472655	-0.6609250260645794	0.6890521050413284	-1.3573702518840576	0.015307243953033546	-0.8279144044996726	-1.4992547289543867	-1.9618230302040531
0.8796488955820075	1.2393533221429665	-0.14704304730724752	0.9436794015070382	-0.2667478800616465	-0.36760048898704706	-0.6692564929740908	-0.8300890325878447	-0.5846995027774572
-0.09392974743416467	1.297392277658509	0.07672227924274165	1.6444083574240596	0.5945443241132691	0.5237641358144236	-0.5802407598996704	-0.6973201313169676	-0.9490610410083884
0.1838781438052849	1.241135306721822	0.9501223676162136	1.1183995577125452	-1.4375602233862634	0.3168205242243525	-1.1700019551843572	-1.0297529560409204	-0.9950060017504074
0.5804799232645761	1.0305132361602136	-0.6377340708599251	0.8635460438441043	-1.302236049547442	0.1178720071192476	-1.422336442077606	-1.5196237493265017	-1.6586884024204749
0.8999617255401419	1.0896731713916898	-0.5111755233018399	0.4388478137438616	0.031229654794364577	0.27161816572484565	-2.0522873303559783	-1.6891434895803572	-0.8330382202259835
0.7454289852778423	0.11536577995302813	0.3699420667869832	1.290442755693221	0.7060591341865123	0.6821014354347139	-0.681030980403537	-0.7840651895904135	-0.9663874415734778
-0.5834615111973851	0.5916462666833039	-0.7703970144038336	1.400265814005606	0.3975001898134023	0.6248349612850103	-0.7994239455942119	-0.9444338290608176	-0.9602550269591236
0.17666155361944752	0.8330283363060419	-0.04969648258828056	1.2203743467989656	0.4211523220814527	0.5510162388648281	-0.2547484712911425	-0.6712772374086349	-0.9293359515006392
-0.4526480936315154	1.1431027481969935	-1.3962543677924126	1.1193031723032056	0.3405626741537837	0.553990084891936	-0.7993921719612518	-0.9196625063438844	-0.09763652091425823
0.4994437730366479	0.5771052297190432	-0.20306747778634746	0.6321783517011116	0.2850167128903784	0.5203448890733231	-0.7067484677052133	-0.6781064235784591	-0.8316228311692292
0.2874844644324835	0.9242583763518486	-0.5321297272003129	1.4167072069846982	0.688759853931793	0.6497714609071923	-1.3968643262763962	-1.2064656382322614	-0.6580245973536173
-1.0132942741211683	1.1251527612243797	-0.6830372235503556	0.4432262656927036	-0.24722621446422546	0.27607507985013396	-0.8061037058095122	-0.8221063791583476	-1.0769653760242328
0.759289098706581	0.8078922286798091	-0.0004671117644518876	0.37385972688154107	-0.2346025442623604	0.6471014580459294	-1.4863961908527277	-1.471650648698546	-1.3976705879057758
0.09108894682781822	-0.165211925254433	-1.0872089673436445	0.7534145643016429	0.1529805692152138	0.7800612810034251	-0.603824244876658	-0.485542630609168	-0.4365279345329863
-0.06621749780651745	0.7445947935637487	0.07804108031811888	0.5776778416816429	0.5334028928933773	0.3215413420644014	-0.9309602488897974	-0.4858134663717206	-0.02592503864689203
0.005810203935068528	1.0253189577604649	-1.1553230664819958	1.1766095938797143	0.7163732978518995	0.5646043731896336	-0.4207584062135997	-0.4073256965895988	-0.1904594048337626
0.8758847211061908	0.8916393512709401	-0.6400753919516474	0.8754543036267167	-1.5767509566298947	0.19827176523093745	-1.0354007885372205	-1.0469082034326211	-0.9599014141861638
1.1735302581268632	1.312082047404552	0.17641268047782532	1.0804489999250744	-0.4764319005520008	0.2699011485002181	-0.3456867372000728	-0.5998217534803998	-1.253337797403481
0.41589457981140504	1.160409385636897	-0.14638382644273004	1.126174408253019	0.4831649652391084	0.2462341167473153	-0.8920047106921382	-1.1041520284954642	-0.9321120149941056
0.7858580172588371	0.7966443120575134	0.1855979323273394	1.2310953574110712	-0.22046204320315824	0.25850134220097026	-0.4979119323072922	-0.6248436128466202	-0.36211386269049617
-0.7067603782632194	1.1406479885350755	0.09039127507536716	0.9643693518375648	-0.9745823016303596	0.2940932070879463	-0.9101588571337118	-1.4464203706292793	-1.2981659545866917
0.9278205837160194	1.3250097616944787	0.657814421414961	0.9922973177902944	0.1023265901665784	0.4525160731904651	-0.5476347793776503	-0.5355510701340619	0.02191492387842493
-0.21603397043272726	0.6486071770359271	-1.5001045622832363	1.2588049498377245	-0.502496876538928	0.4226289774938306	-0.5899872077899453	-1.0590726912976205	-1.4713718064128565
0.8655184187422673	1.0174813286715385	0.2901901770145268	0.5491509173075346	0.5536555498210609	0.4773140486405315	-1.2576816754049371	-0.9856418974009804	-0.22730329200541194
0.7306825369347281	0.8042981652092377	-0.19075213962427934	0.9985473187090284	-0.40862156452091775	0.4625101624803419	-0.5736274354623774	-1.2629540540479685	-1.9139477376669376
0.6117989587794983	0.1286308180519972	0.1493840860130919	1.086456468177635	-1.2441444960308474	0.4133866598971511	-1.1855207144136721	-1.5018837355007844	-1.7448260977357108
0.5290106207994103	0.7477847907269778	0.4598463890886207	1.0890512225751214	1.067495396832643	0.4424824236215079	-0.3694125194040968	-0.7186384337506146	-1.3070809984489171
0.2613197973918924	0.8933004235883464	-0.4268198678680224	1.3903172683664882	-1.325892156322508	0.10749002486931332	-0.9760141962384548	-1.2213092833940788	-2.425507549215528
-0.5437575447277123	0.9925794216756124	-0.6000930805481678	1.093545450143392	-0.29681868217920193	-0.02426264081822142	-0.7684587919647161	-1.444105620408569	-1.6975964377150956
0.9336581911452656	1.1048223809807391	0.6355453692508737	1.3182913416142013	-1.3245586297287186	0.3164853361728463	-1.223855374539519	-1.166926764890404	-1.2447169618695977
-0.6858537836847519	1.0898782139766472	-0.190211503052643	0.9144769624753982	-1.845683589119152	-0.3831116573253017	-0.5169893384281302	-0.7342239192335882	-1.312336728522706
0.5120329197127124	0.2090303830330107	-1.1373557493787638	1.561283031449828	-0.7654213262632251	0.8198180975726352	-0.8956530534853189	-1.1435573836056825	-1.6586880897655032
-0.6205940068512569	0.9016155491079956	-0.17478404589512414	0.3595954803068215	-0.7771003356376823	0.4341085363045794	-1.5507487435373273	-1.584272083020703	-1.5882910089990414
1.83781272775578	0.7706338643283026	-0.1338169458412168	1.3838046544573437	0.41850132590221617	0.5382330867044429	-0.963289084278391	-0.9895772115892852	-0.4398564593613953
0.6480343394786837	0.9475860164039084	-1.1630389511388075	0.014347876845458175	-0.19754296900901847	0.1549019450266	-0.26205853524927664	-0.6283202973368148	-0.9427232120776462
0.2508965764151266	0.7346783830949098	-0.18029516107019844	0.9816290180293104	-0.17163713228298566	0.4359180714981748	-0.7796166580770049	-0.8115819945143533	-0.8172876007181157
0.036986727317078666	0.7717026805686114	-1.2726866598393314	0.9704483562452194	0.8617493178930946	0.4667685168662198	-0.4248911068757309	-0.8375466228576358	-0.8486159415345174
0.305081586635455	1.0135943472224564	-0.32386534413479456	0.7854354650929714	-0.934611161517855	-0.127023941473158	-0.8091483495764522	-0.9136809981178572	-0.939817709425908
0.4540168987666386	0.8859927219107705	-0.6551041543426455	1.2293094635742523	0.7357258084307474	0.5449103056942902	-0.569890460956203	-0.7563780675075781	-0.2442982783005303
-0.8271300927757321	0.7320180458380282	0.06311796575168772	1.3189903879016984	-0.8221265717328669	0.465223011778053	-0.8250324295713315	-0.8135192029386076	-0.943559564126866
0.18536880777949846	1.0684680497875665	-0.1804773496656253	0.4699349794581743	-1.675429857826653	0.2948926280629753	-0.5844256058063244	-0.8862914154439022	-1.2582261578855565
0.10829561597072307	0.5271746183556715	-1.0833751012201571	1.3480516371535478	-0.039187480897944285	0.6364878017015717	-1.2507988071818157	-1.0306080154804504	-0.9257210347181796
0.18163762022703367	1.0962816149908858	-0.2897978735216989	0.7404975819811926	-0.61298833054586	0.0425298979777966	-0.7190681237843947	-0.7443212626391529	-0.6270198544328951
-0.061863439524879486	0.8921724887423291	-0.5570577626225074	1.477877522201478	-0.008155960944639117	0.5082931597085891	-0.7178738000497823	-0.4906197970565074	0.330904328661514
0.7019369126428624	0.6942812487882879	-1.2495993760543629	0.9098151897017759	0.4089459751161991	0.6803971836675532	-1.46140007143811	-1.3140515898476883	-0.7376156102170349
0.9068348636416684	1.04944724028712	-0.31533338393515403	0.5688070446949277	-0.5407507116602416	0.2638896291586679	-1.4188667309529803	-1.1120433901909703	-0.6161794812551195
-0.03526024044443433	1.0050672239877672	-0.19880275539872444	1.0739291696494069	-0.13785843308067247	0.3609308673524363	-1.0161885345099924	-1.2057349787061122	-1.2267880751740978
-0.0265844640020916	0.6091001656274725	-0.6539722133651419	1.120477871271064	0.035087947224582985	0.5771331009353574	-0.7547628358894239	-0.7625949151857951	-0.6819905388971115
0.007326955606834962	0.7134177542026211	-0.4990921432035744	0.4677835609692304	-0.9809149631480524	0.00439758066424622	-0.7812438025438527	-0.7822797360343152	-0.6842272725644455
0.09734417301871508	0.7559695075575641	-0.1505675162302176	1.079685947604072	-0.06088145304967343	0.5716517904460199	-0.6000045677086162	-0.5601414376541313	-0.2851266404311542
-0.3187032899560885	0.9201091062471236	-1.0571208981225728	0.7431848941232087	0.2786525732771239	0.4862545453220538	-1.065087851581573	-0.8248842096848893	-0.413116017599293
0.5266006349874692	1.1800968176053328	-0.4083807290176599	0.9808204712237092	-1.0082037693351455	0.10799925287064012	-0.6068755778294844	-0.728477750459751	-1.2027083272209158
0.002789852240715175	0.9113479161346288	-0.19497356077768355	0.4807093284315345	-1.4098386728753391	-0.05059487258700355	-0.3740566387326277	-0.8838094960551233	-0.9727293350188516
0.19943589798220965	0.9199336229650203	-0.1719107125439754	1.046893836860021	-0.6918460472965214	-0.6871230491494189	-0.997461702540378	-0.9373315275488764	-0.3681890614450344
-0.3291547546384693	0.09017724134616706	-0.8314596602718504	0.9257203752727295	0.6673053060826682	0.6264297587336928	-0.502086440381213	-0.6283611126661615	-0.8046794763305126
-0.08865097729464383	1.1891223026609947	-0.3694972987282141	1.4511587682738891	-1.5164408332973331	0.13347278644110658	-1.020390255408314	-0.8627757068614164	-0.9915974372492506
0.1810313507599396	1.2748527073458933	0.01727723093352856	1.00237324798629	0.16613332579096188	0.2964258732563471	-0.4911353309235922	-0.6624261727164439	-0.28795022748031457
0.08311236380005098	0.6735211217569973	-0.5326347884840845	0.5673264345375225	-0.3144691498737974	0.5583666145523835	-0.7088073687156328	-0.7676804400915379	-0.9728537716975768
-0.1894027432474733	0.15300400140908696	-0.8134278405002182	0.6813431430647572	0.3064865228464419	0.6631858080635135	-0.7538369917519762	-0.6890349451138295	-0.2032569981341984
0.5997897782721691	0.6607198035810855	-0.1940742965566669	0.6906990053838202	-0.5015464924214182	0.11702809662908654	-1.3581492947167406	-1.6126882363585702	-1.7292915228132677
-0.6846365015328267	0.9334129325715572	-0.8500626610541945	0.6954043901116441	-0.6961413765181473	0.543887299627589	-0.9777577933505056	-1.2201761152476711	-1.7749829203732614
0.30237730572302196	0.7469987272750576	-0.4283758375291622	1.0897461900467578	1.0676969838284611	0.4430971878306054	-0.3627739584927782	-0.7138966911534906	-1.3070763086243422
0.006008987878404532	1.068104376735708	0.2385039552500023	0.7530333518962081	-0.9069733936148144	-0.023191479907016543	-0.7315159385840799	-0.9150368052017379	-1.5062537836372702
-0.34679844661558457	1.0086694463609365	-0.633781261097214	1.0974275415775034	0.3403873189042665	0.5233820568250935	-1.1714320727214624	-1.0368274683924557	0.03376642323458432
-0.15802075229713433	0.9322351080424424	-0.36227012509661016	1.0221131479763588	-0.8806354484860729	-0.14944741544371928	-0.8097628425162822	-0.4223139322266549	-0.11935447321143815
0.16604536992111354	0.6109605291722672	-0.6617754191830755	0.6907137518719315	-1.5521554353766818	0.03261644593409687	-0.8774288226188908	-0.8245802657429464	-0.6648173392681406
-0.2996333986458197	1.0797459269702212	-0.4676788046729683	0.6929847110410985	-0.7233972737871532	0.5929703571970233	-0.7281143355339332	-0.8760350442258571	-1.6289095796436743
0.18856336492527867	0.8068488254148051	-0.3449440615407928	1.1043612147854904	-0.5050985888311743	0.0843140208615471	-0.7196780559156657	-0.9547331866363662	-1.3361047594691324
0.3669404763516162	0.812839867466602	-0.021675732873106576	0.6630060419756755	-1.1222291959998434	-0.03065055156904217	-0.6501105226979179	-1.1012062689409992	-0.8302211989312283
0.5820844244644746	0.9078135062797722	-0.5145823062977837	0.7702660351522604	-0.11132557812789848	0.4702896344857192	-1.5040147463425395	-1.369495198362967	-0.9102414870707504
-0.06935901715396715	0.3006477703234593	-0.7295328670769274	1.3339041074634552	0.7262536043314914	1.0384462736369329	-0.512684999337234	-0.7938975590094487	0.06778516008221458
-0.2018426941656327	1.2493881035757242	0.035589879871484355	0.9546523574373036	-0.7490387263065253	0.12026319216692735	-1.0026032540557284	-0.8838581270858342	-0.5036458899565627
-0.118200145791296	0.8598835648353768	-0.40299969721841294	0.8592083800538681	0.7392993671783863	0.5351638157230035	-0.4989898033967018	-0.8850845408915735	-1.3370152107466382
0.34455119502876524	1.244283573104551	-0.6368978719219407	1.1443000384274806	-0.6072128949117187	0.14050996605338575	-1.4249344306596818	-1.349740578959208	-1.1394219584751668
0.4626799547614143	0.7170762863789653	-0.3541063152244148	0.7643661848874069	-0.541152772789914	0.4165040857230944	-1.125596250758865	-1.1220268631697143	-1.2096151882000992
0.26944600737917723	1.0507491871377226	-0.9900652536347729	1.1560771485924208	0.9908103045968508	0.5367227182219771	-0.5785032438656982	-0.6725484829458108	-1.124316346173856
-0.04765793360457437	0.8472803341143388	-0.11486178564364935	0.7926728532050415	0.4651003539135137	0.8306957840224215	-0.5274972893207821	-0.5621683095412586	-0.02430204668894796
0.7019390686509247	0.9299831171729542	-1.0257305577578586	0.6544621777679421	-0.4179971086095605	0.2297977687193826	-1.5859708038487073	-1.4041941986350157	-0.7410591920750191
0.6588941520880476	-0.05141275559315648	-1.1199772212570052	0.7951945026721035	0.14440787554367115	0.6539299666653591	-0.8829584989425996	-0.8439788365290011	-1.0611797391595377
0.8130599397781585	0.9150661019266878	-0.03742282860189189	0.8992334863390634	-1.4166663989868638	0.4591486762745123	-1.3090246737023523	-1.2968072217501536	-1.3130774081505945
0.7334581817140202	1.1192681861638587	0.26274078798323564	0.9654700046097998	-0.7196612371927268	0.3367398198900521	-0.706761694050034	-0.7959012008952988	-0.7158695189724049
-0.5526650920367429	1.162822147013312	-0.3845456454948548	0.9811426976766982	-1.3791998342151506	0.36432104423989936	-0.8038077947809842	-1.0656710971743837	-1.8128163605302492
0.4932627135230911	0.6625709382032696	-0.2283394076578979	1.5615544295820918	-0.32657327251861634	0.23935062818731045	-0.5438587339448214	-0.6314161834883183	-0.8810851603425467
0.6572514895454479	1.247345836628749	-0.16174516387330898	0.5748493397598364	-0.18682515441115266	-0.5779567750034831	-0.6376724376231584	-0.7030585929408484	-0.04316702236963038
-0.304717696858129	0.4269185582441965	-1.2897185984141686	1.045346710628581	0.5291229847589708	0.6066559387268482	-0.4492526657928592	-0.6645167642799714	-0.4455289585124214
0.3362270635013693	1.0200333264021215	-0.26824823273442505	1.7540855196306608	0.24573570617601864	0.39317021977100997	-0.614438310581779	-0.6317219728041944	-0.7877964205152524
0.06006032559887588	1.0193693789841651	1.442196515239498	1.2309516575907509	-1.459096328119343	-0.020739753729370012	-0.8570327347167356	-0.8368408216038813	-0.944920238563578
0.7188684751570289	0.7017079901922905	-1.2235918642206058	1.3273086622168329	0.2790582909532505	0.4833096427579152	-1.7859342861953744	-1.872689591446428	-0.7925034411137588
0.4863147619418055	0.8343401808417632	-0.02404292690145741	0.8481711043350313	-1.2653281414818065	-0.05197101418006543	-1.6129654695738151	-1.8070909987280237	-1.7448264103906823
1.1792277250320655	1.2243351900054882	0.04410207602231145	0.10487907740231056	-0.16991410400169232	0.2152250510909444	-1.9037119983114597	-1.6809335295028502	-0.8249942331148332
0.9924219156873147	0.44454058408288	0.3941126001201057	1.1957743808334351	0.2337703733161757	0.481442726201053	-0.6929384914159498	-0.9949930584290752	-1.2897355259305556
0.6979646833890422	1.0376533459532808	0.0972017866233471	0.4803089769670611	0.6380308361907077	0.3033093618163521	-0.4801728194445744	-0.7703789195389512	-0.6621591466989941
0.36470081517659003	1.0324577300285165	-0.3987639022113261	1.180841208457574	-0.903461837176615	0.1116362707326853	-0.8858325684694385	-0.7445255563887014	-0.4900769768410149
-0.17360610337725546	0.9234641539973304	-0.5555648582443999	1.1963846344371971	0.3608267776616715	0.38096201875930585	-0.990554662031895	-1.4163531503782156	-0.6279893975000467
-0.7297699431055691	1.0110341905892757	-0.3885821829552667	0.6792886748912695	-0.3730020326493764	-0.06278917062522889	-0.7335228463769284	-1.3102525076762186	-0.8423740976800784
0.0771210329959689	0.8963158737369838	-0.4029510057890631	1.4437011241053457	0.7662077335539704	0.402789055167628	-0.6412202906010924	-0.5735796677386867	0.04033874339407947
0.8351325035166705	0.9781978176932622	-0.23967480834515564	0.2787273082788434	0.2353264723028244	0.4822517528668491	-1.2410940146763785	-1.7973628386605116	-1.0010339896042235
-0.03288000754375184	-0.24801395266923776	-1.1544958512025632	1.037420630146198	0.5341289558349409	0.7196031897056685	-0.3155498264048653	-0.4907799103830666	-1.0207393818487571
-0.4946773147962841	0.6500363225155541	-0.07597386352492796	1.0129612264503265	0.5422255035660449	0.6271322380663743	-1.051833077720874	-0.8958782415784105	-0.05017987338420998
-0.1646534954997246	0.7954771877285265	-0.6940466971053608	0.9052428371220212	0.5317342358680539	0.29958551356539875	-0.1898832837245272	-0.03322791064989858	-0.024427108677616327
0.641438248413151	1.2536584196943996	-0.33954380471224554	0.9756425713661854	-0.10545252860146027	0.20000559241440766	-1.217589887768315	-0.8595412005621056	-0.3516721246016011
0.14923389705601228	1.147878381266725	-0.4863525966846991	0.7580474716091748	0.36169067650652736	0.5818448186473111	-1.247373031846307	-1.0369039971349805	-0.34695353576914306
0.32430369211491605	1.2102922473571966	-0.7725433901049854	0.9564664892300808	-0.220622295326017	0.5068638076443039	-0.8989602477982972	-1.3226194439168335	-0.7819457080303738
0.24728353810447104	0.7493171931378423	-0.4852569496877441	1.3199078077152715	0.22530880686078214	0.444385235128079	-1.0675660429255032	-1.1736206960060636	-1.4302251615210713
-0.4696156614803208	0.6711486198835651	-0.35653441845774553	1.5047484473361752	-0.9073341198715272	0.5782932408768263	-0.8289665830342006	-1.0422133550436825	-1.9461852791409588
-0.7147453697224293	0.4231245347837286	-0.021151985579547408	1.3966159013204835	-0.9003504341047205	0.6019746811658798	-0.8855580077941955	-1.4288546903645478	-1.2981659545866917
0.4659234532902067	1.058179004849262	0.5095394963668837	0.3563220737011411	0.2470333032263892	0.16016106072161304	-0.6771924518934521	-0.6172891947210388	-0.011575738722053131
-0.790295557436058	0.5474803881390171	-1.4518341071732077	1.25514531074555	0.1398106427691594	0.5984957780294886	-0.7847738683684071	-0.915560022987511	-1.3553017747297291
0.865055092609698	0.6730551280414129	-1.265600709320159	0.9577811229574652	0.7899253656976338	0.6076398900771409	-0.5431227714703741	-1.0491337243960897	-1.2771686719992132
1.0287646655879985	0.6666715223974113	-0.31795481550051546	0.8549278196856808	0.35392814634499314	0.5822592536476463	-1.6596886728550135	-1.3061915995090465	-0.1961822414352279
0.3865157359516676	1.1127711583984978	-0.19233721633912648	1.1108957915492697	0.3489417298435386	0.5940967508301392	-0.9023200434366544	-1.1739434193415623	-2.0600501553088897
0.6280694892217905	0.2324932468641912	0.3229314799522328	0.6907799541909001	-1.0513850392738058	0.4094373306945058	-0.6583257551280332	-0.8207656607201561	-1.7962987983768723
0.5425268509422261	0.3448485582706644	-1.1293522079751297	0.6247950674832573	0.7130078442915841	0.6702822648990793	-0.8811338714651532	-0.8055631446040303	-0.5400742586708612
0.17403639820289765	0.8712235031787752	-0.08152702222202378	1.5903819313096217	-0.9703812477151376	-0.3119438527755164	-0.7579281890562218	-1.111994650608852	-1.0683326596014258
0.6520783638009755	0.9249817098805172	-0.3746488878880527	1.3538539095928124	-1.9478970988947992	-0.2470960871878418	-1.0695183730425974	-1.1733829684229014	-1.751111400631212
-0.5205545859621823	0.9797080171888608	0.01222931319337571	1.0181093195765611	0.2849264120909897	0.5417293053623486	-0.708679209995129	-0.8873423016231696	-1.2304289423192063
0.3251538060938464	0.9473558283486501	0.4781369382265396	1.3789304695039029	0.6705729867704061	0.3782618085283936	-0.6576189818283624	-0.5940308615265338	0.015159700560502243
0.033347385708064115	0.9063222996394016	-0.8323219118196346	1.696722622142236	-1.1113516062199609	0.2475882663641471	-1.010428993434917	-1.3292152445598084	-0.8747154406046942
0.9860071448998144	1.0797613085079054	-0.08522020425259287	1.0565138809448256	0.4765197484897286	0.26678435462761485	-1.4743713150334	-1.5641172345762502	-1.374014174784236
-0.9781442278805008	0.8304787461204876	0.0557892767784506	1.159623835860763	-0.9279360564757196	-0.7807220375005132	-0.7311939454998247	-1.0948717515366866	-1.089876463079385
-0.12627633639153749	0.3224934326577591	-1.7957580229291108	-0.06798521758661459	0.04940841396144007	0.6927344295512738	-0.7069766601601081	-0.6742021550927956	-0.8020347279251479
0.5021760820538896	1.2219469053368668	-0.06244303636082616	0.8412653553279359	-1.59468107063809	-0.3066502324281423	-0.8258851487448855	-0.8985776979884944	0.12274240038264925
-0.5239860883939996	0.0055821278948738244	-0.6284354452394896	0.8740474259098691	-1.5740924883774694	0.6237840228806836	-0.9436888574697564	-1.4423478474614688	-1.2515225226379594
-0.5669518794609935	0.8389427381744206	0.3989143656159443	0.5350397832051214	-0.3709573872604012	0.13972103550379986	-1.2404600622866973	-0.9351797129913288	-0.18804946031212294
0.1899837430366642	0.8246186477677597	-1.5126904882408791	0.31765615436273065	-1.1041992423754228	0.5953734229674938	-1.232046434684272	-1.42581622790779	-1.1154203742649025
